DriverNumber,LapNumber,LapTime,TrackStatus,IsAccurate,RaceName
10,1.0,0 days 00:01:19.106000,1,False,Austrian Grand Prix
10,2.0,0 days 00:01:12.412000,1,True,Austrian Grand Prix
10,3.0,0 days 00:01:11.311000,1,True,Austrian Grand Prix
10,4.0,0 days 00:01:10.725000,1,True,Austrian Grand Prix
10,5.0,0 days 00:01:11.511000,1,True,Austrian Grand Prix
10,6.0,0 days 00:01:12.028000,1,True,Austrian Grand Prix
10,7.0,0 days 00:01:11.173000,1,True,Austrian Grand Prix
10,8.0,0 days 00:01:10.912000,1,True,Austrian Grand Prix
10,9.0,0 days 00:01:10.827000,1,False,Austrian Grand Prix
10,10.0,0 days 00:01:10.970000,1,True,Austrian Grand Prix
10,11.0,0 days 00:01:10.953000,1,True,Austrian Grand Prix
10,12.0,0 days 00:01:10.762000,1,True,Austrian Grand Prix
10,13.0,0 days 00:01:10.844000,1,True,Austrian Grand Prix
10,14.0,0 days 00:01:10.712000,1,True,Austrian Grand Prix
10,15.0,0 days 00:01:10.939000,2,True,Austrian Grand Prix
10,16.0,0 days 00:01:10.733000,1,True,Austrian Grand Prix
10,17.0,0 days 00:01:10.535000,1,True,Austrian Grand Prix
10,18.0,0 days 00:01:10.672000,1,True,Austrian Grand Prix
10,19.0,0 days 00:01:10.568000,1,True,Austrian Grand Prix
10,20.0,0 days 00:01:10.610000,2,True,Austrian Grand Prix
10,21.0,0 days 00:01:35.769000,24,False,Austrian Grand Prix
10,22.0,0 days 00:01:49.983000,4,False,Austrian Grand Prix
10,23.0,0 days 00:01:21.920000,4,False,Austrian Grand Prix
10,24.0,0 days 00:01:54.011000,4,False,Austrian Grand Prix
10,25.0,0 days 00:01:45.599000,4,False,Austrian Grand Prix
10,26.0,0 days 00:01:11.099000,2,False,Austrian Grand Prix
10,27.0,0 days 00:01:10.283000,1,True,Austrian Grand Prix
10,28.0,0 days 00:01:09.999000,1,True,Austrian Grand Prix
10,29.0,0 days 00:01:09.628000,1,True,Austrian Grand Prix
10,30.0,0 days 00:01:09.952000,1,True,Austrian Grand Prix
10,31.0,0 days 00:01:09.969000,1,True,Austrian Grand Prix
10,32.0,0 days 00:01:09.864000,1,True,Austrian Grand Prix
10,33.0,0 days 00:01:09.576000,1,True,Austrian Grand Prix
10,34.0,0 days 00:01:09.839000,1,True,Austrian Grand Prix
10,35.0,0 days 00:01:09.821000,1,True,Austrian Grand Prix
10,36.0,0 days 00:01:09.813000,1,True,Austrian Grand Prix
10,37.0,0 days 00:01:09.805000,1,True,Austrian Grand Prix
10,38.0,0 days 00:01:09.595000,1,True,Austrian Grand Prix
10,39.0,0 days 00:01:09.821000,1,True,Austrian Grand Prix
10,40.0,0 days 00:01:10.115000,1,True,Austrian Grand Prix
10,41.0,0 days 00:01:09.646000,1,True,Austrian Grand Prix
10,42.0,0 days 00:01:09.453000,1,True,Austrian Grand Prix
10,43.0,0 days 00:01:09.429000,1,True,Austrian Grand Prix
10,44.0,0 days 00:01:09.370000,1,True,Austrian Grand Prix
10,45.0,0 days 00:01:09.370000,1,True,Austrian Grand Prix
10,46.0,0 days 00:01:28.958000,24,False,Austrian Grand Prix
10,47.0,0 days 00:01:34.649000,4,False,Austrian Grand Prix
10,48.0,0 days 00:01:43.812000,4,False,Austrian Grand Prix
10,49.0,0 days 00:01:33.431000,42,False,Austrian Grand Prix
10,50.0,0 days 00:01:41.284000,24,False,Austrian Grand Prix
10,51.0,0 days 00:01:55.497000,4,False,Austrian Grand Prix
10,52.0,0 days 00:01:55.197000,4,False,Austrian Grand Prix
10,53.0,0 days 00:01:50.947000,4,False,Austrian Grand Prix
10,54.0,0 days 00:01:43.204000,4,False,Austrian Grand Prix
10,55.0,0 days 00:01:32.585000,4,False,Austrian Grand Prix
10,56.0,0 days 00:01:10.672000,1,False,Austrian Grand Prix
10,57.0,0 days 00:01:10.370000,1,True,Austrian Grand Prix
10,58.0,0 days 00:01:09.341000,1,True,Austrian Grand Prix
10,59.0,0 days 00:01:09.025000,1,True,Austrian Grand Prix
10,60.0,0 days 00:01:09.359000,1,True,Austrian Grand Prix
10,61.0,0 days 00:01:09.943000,1,True,Austrian Grand Prix
10,62.0,0 days 00:01:09.521000,1,True,Austrian Grand Prix
10,63.0,0 days 00:01:09.361000,1,True,Austrian Grand Prix
10,64.0,0 days 00:01:09.484000,2,True,Austrian Grand Prix
10,65.0,0 days 00:01:09.121000,2,True,Austrian Grand Prix
10,66.0,0 days 00:01:09.640000,1,True,Austrian Grand Prix
11,1.0,0 days 00:01:16.326000,1,False,Austrian Grand Prix
11,2.0,0 days 00:01:10.812000,1,True,Austrian Grand Prix
11,3.0,0 days 00:01:10.271000,1,True,Austrian Grand Prix
11,4.0,0 days 00:01:10.265000,1,True,Austrian Grand Prix
11,5.0,0 days 00:01:10.062000,1,True,Austrian Grand Prix
11,6.0,0 days 00:01:09.922000,1,True,Austrian Grand Prix
11,7.0,0 days 00:01:10.417000,1,True,Austrian Grand Prix
11,8.0,0 days 00:01:10.291000,1,True,Austrian Grand Prix
11,9.0,0 days 00:01:10.717000,1,False,Austrian Grand Prix
11,10.0,0 days 00:01:10.701000,1,True,Austrian Grand Prix
11,11.0,0 days 00:01:10.555000,1,True,Austrian Grand Prix
11,12.0,0 days 00:01:10.340000,1,True,Austrian Grand Prix
11,13.0,0 days 00:01:10.261000,1,True,Austrian Grand Prix
11,14.0,0 days 00:01:10.162000,1,True,Austrian Grand Prix
11,15.0,0 days 00:01:10.060000,1,True,Austrian Grand Prix
11,16.0,0 days 00:01:09.828000,2,True,Austrian Grand Prix
11,17.0,0 days 00:01:10.140000,1,True,Austrian Grand Prix
11,18.0,0 days 00:01:09.775000,1,True,Austrian Grand Prix
11,19.0,0 days 00:01:10.002000,1,True,Austrian Grand Prix
11,20.0,0 days 00:01:10.011000,2,True,Austrian Grand Prix
11,21.0,0 days 00:01:28.737000,24,False,Austrian Grand Prix
11,22.0,0 days 00:01:49.475000,4,False,Austrian Grand Prix
11,23.0,0 days 00:01:43.896000,4,False,Austrian Grand Prix
11,24.0,0 days 00:01:54.857000,4,False,Austrian Grand Prix
11,25.0,0 days 00:01:49.313000,4,False,Austrian Grand Prix
11,26.0,0 days 00:01:10.708000,2,False,Austrian Grand Prix
11,27.0,0 days 00:01:09.819000,1,True,Austrian Grand Prix
11,28.0,0 days 00:01:08.837000,1,True,Austrian Grand Prix
11,29.0,0 days 00:01:08.634000,1,True,Austrian Grand Prix
11,30.0,0 days 00:01:08.495000,1,True,Austrian Grand Prix
11,31.0,0 days 00:01:09.229000,1,True,Austrian Grand Prix
11,32.0,0 days 00:01:08.669000,1,True,Austrian Grand Prix
11,33.0,0 days 00:01:08.910000,1,True,Austrian Grand Prix
11,34.0,0 days 00:01:08.799000,1,True,Austrian Grand Prix
11,35.0,0 days 00:01:08.885000,1,True,Austrian Grand Prix
11,36.0,0 days 00:01:08.962000,1,True,Austrian Grand Prix
11,37.0,0 days 00:01:08.748000,1,True,Austrian Grand Prix
11,38.0,0 days 00:01:08.788000,1,True,Austrian Grand Prix
11,39.0,0 days 00:01:08.900000,1,True,Austrian Grand Prix
11,40.0,0 days 00:01:09.310000,1,True,Austrian Grand Prix
11,41.0,0 days 00:01:08.797000,1,True,Austrian Grand Prix
11,42.0,0 days 00:01:08.633000,1,True,Austrian Grand Prix
11,43.0,0 days 00:01:08.515000,1,True,Austrian Grand Prix
11,44.0,0 days 00:01:08.558000,1,True,Austrian Grand Prix
11,45.0,0 days 00:01:08.482000,1,True,Austrian Grand Prix
11,46.0,0 days 00:01:22.569000,24,False,Austrian Grand Prix
11,47.0,0 days 00:01:37.867000,4,False,Austrian Grand Prix
11,48.0,0 days 00:01:59.664000,4,False,Austrian Grand Prix
11,49.0,0 days 00:01:38.406000,4,False,Austrian Grand Prix
11,50.0,0 days 00:01:38.135000,24,False,Austrian Grand Prix
11,51.0,0 days 00:01:53.979000,4,False,Austrian Grand Prix
11,52.0,0 days 00:01:56.971000,4,False,Austrian Grand Prix
11,53.0,0 days 00:01:51.032000,4,False,Austrian Grand Prix
11,54.0,0 days 00:01:43.868000,4,False,Austrian Grand Prix
11,55.0,0 days 00:01:35.607000,4,False,Austrian Grand Prix
11,56.0,0 days 00:01:09.426000,1,False,Austrian Grand Prix
11,57.0,0 days 00:01:08.748000,1,True,Austrian Grand Prix
11,58.0,0 days 00:01:08.305000,1,True,Austrian Grand Prix
11,59.0,0 days 00:01:08.554000,1,True,Austrian Grand Prix
11,60.0,0 days 00:01:08.546000,1,True,Austrian Grand Prix
11,61.0,0 days 00:01:09.858000,1,True,Austrian Grand Prix
11,62.0,0 days 00:01:08.374000,1,True,Austrian Grand Prix
11,63.0,0 days 00:01:08.921000,1,True,Austrian Grand Prix
11,64.0,0 days 00:01:10.695000,2,True,Austrian Grand Prix
11,65.0,0 days 00:01:08.718000,2,True,Austrian Grand Prix
11,66.0,0 days 00:01:10.280000,1,True,Austrian Grand Prix
16,1.0,0 days 00:01:16.847000,1,False,Austrian Grand Prix
16,2.0,0 days 00:01:11.418000,1,True,Austrian Grand Prix
16,3.0,0 days 00:01:09.925000,1,True,Austrian Grand Prix
16,4.0,0 days 00:01:10.271000,1,True,Austrian Grand Prix
16,5.0,0 days 00:01:10.310000,1,True,Austrian Grand Prix
16,6.0,0 days 00:01:10.287000,1,True,Austrian Grand Prix
16,7.0,0 days 00:01:10.596000,1,True,Austrian Grand Prix
16,8.0,0 days 00:01:10.611000,1,True,Austrian Grand Prix
16,9.0,0 days 00:01:10.333000,1,False,Austrian Grand Prix
16,10.0,0 days 00:01:10.308000,1,True,Austrian Grand Prix
16,11.0,0 days 00:01:10.278000,1,True,Austrian Grand Prix
16,12.0,0 days 00:01:10.138000,1,True,Austrian Grand Prix
16,13.0,0 days 00:01:10.177000,1,True,Austrian Grand Prix
16,14.0,0 days 00:01:10.072000,1,True,Austrian Grand Prix
16,15.0,0 days 00:01:09.954000,2,True,Austrian Grand Prix
16,16.0,0 days 00:01:10.181000,2,True,Austrian Grand Prix
16,17.0,0 days 00:01:10.245000,1,True,Austrian Grand Prix
16,18.0,0 days 00:01:10.392000,1,True,Austrian Grand Prix
16,19.0,0 days 00:01:10.117000,1,True,Austrian Grand Prix
16,20.0,0 days 00:01:10.199000,2,True,Austrian Grand Prix
16,21.0,0 days 00:01:29.806000,24,False,Austrian Grand Prix
16,22.0,0 days 00:01:50.117000,4,False,Austrian Grand Prix
16,23.0,0 days 00:01:41.051000,4,False,Austrian Grand Prix
16,24.0,0 days 00:01:54.953000,4,False,Austrian Grand Prix
16,25.0,0 days 00:01:47.566000,4,False,Austrian Grand Prix
16,26.0,0 days 00:01:10.877000,2,False,Austrian Grand Prix
16,27.0,0 days 00:01:10.125000,1,True,Austrian Grand Prix
16,28.0,0 days 00:01:09.596000,1,True,Austrian Grand Prix
16,29.0,0 days 00:01:09.538000,1,True,Austrian Grand Prix
16,30.0,0 days 00:01:09.245000,1,True,Austrian Grand Prix
16,31.0,0 days 00:01:09.479000,1,True,Austrian Grand Prix
16,32.0,0 days 00:01:09.263000,1,True,Austrian Grand Prix
16,33.0,0 days 00:01:08.973000,1,True,Austrian Grand Prix
16,34.0,0 days 00:01:09.184000,1,True,Austrian Grand Prix
16,35.0,0 days 00:01:09.112000,1,True,Austrian Grand Prix
16,36.0,0 days 00:01:09.126000,1,True,Austrian Grand Prix
16,37.0,0 days 00:01:09.120000,1,True,Austrian Grand Prix
16,38.0,0 days 00:01:09.103000,1,True,Austrian Grand Prix
16,39.0,0 days 00:01:09.218000,1,True,Austrian Grand Prix
16,40.0,0 days 00:01:09.581000,1,True,Austrian Grand Prix
16,41.0,0 days 00:01:09.129000,1,True,Austrian Grand Prix
16,42.0,0 days 00:01:09.031000,1,True,Austrian Grand Prix
16,43.0,0 days 00:01:08.781000,1,True,Austrian Grand Prix
16,44.0,0 days 00:01:09.153000,1,True,Austrian Grand Prix
16,45.0,0 days 00:01:09.085000,1,True,Austrian Grand Prix
16,46.0,0 days 00:01:24.700000,24,False,Austrian Grand Prix
16,47.0,0 days 00:01:47.833000,4,False,Austrian Grand Prix
16,48.0,0 days 00:01:44.214000,4,False,Austrian Grand Prix
16,49.0,0 days 00:01:34.516000,4,False,Austrian Grand Prix
16,50.0,0 days 00:01:41.270000,24,False,Austrian Grand Prix
16,51.0,0 days 00:01:54.511000,4,False,Austrian Grand Prix
16,52.0,0 days 00:01:55.821000,4,False,Austrian Grand Prix
16,53.0,0 days 00:01:50.846000,4,False,Austrian Grand Prix
16,54.0,0 days 00:01:43.477000,4,False,Austrian Grand Prix
16,55.0,0 days 00:01:33.349000,4,False,Austrian Grand Prix
16,56.0,0 days 00:01:10.053000,1,False,Austrian Grand Prix
16,57.0,0 days 00:01:08.916000,1,True,Austrian Grand Prix
16,58.0,0 days 00:01:08.389000,1,True,Austrian Grand Prix
16,59.0,0 days 00:01:07.901000,1,True,Austrian Grand Prix
16,60.0,0 days 00:01:08.339000,1,True,Austrian Grand Prix
16,61.0,0 days 00:01:08.020000,1,True,Austrian Grand Prix
16,62.0,0 days 00:01:08.073000,1,True,Austrian Grand Prix
16,63.0,0 days 00:01:08.127000,1,True,Austrian Grand Prix
16,64.0,0 days 00:01:08.324000,2,True,Austrian Grand Prix
16,65.0,0 days 00:01:07.935000,2,True,Austrian Grand Prix
16,66.0,0 days 00:01:08.260000,1,True,Austrian Grand Prix
18,1.0,0 days 00:01:17.583000,1,False,Austrian Grand Prix
18,2.0,0 days 00:01:12.184000,1,True,Austrian Grand Prix
18,3.0,0 days 00:01:10.570000,1,True,Austrian Grand Prix
18,4.0,0 days 00:01:10.326000,1,True,Austrian Grand Prix
18,5.0,0 days 00:01:10.333000,1,True,Austrian Grand Prix
18,6.0,0 days 00:01:10.508000,1,True,Austrian Grand Prix
18,7.0,0 days 00:01:10.845000,1,True,Austrian Grand Prix
18,8.0,0 days 00:01:10.655000,1,True,Austrian Grand Prix
18,9.0,0 days 00:01:10.629000,1,False,Austrian Grand Prix
18,10.0,0 days 00:01:10.734000,1,True,Austrian Grand Prix
18,11.0,0 days 00:01:10.611000,1,True,Austrian Grand Prix
18,12.0,0 days 00:01:11.431000,1,True,Austrian Grand Prix
18,13.0,0 days 00:01:14.041000,1,True,Austrian Grand Prix
18,14.0,0 days 00:01:15.253000,1,True,Austrian Grand Prix
18,15.0,0 days 00:01:19.510000,2,False,Austrian Grand Prix
20,1.0,0 days 00:01:19.587000,1,False,Austrian Grand Prix
20,2.0,0 days 00:01:12.762000,1,True,Austrian Grand Prix
20,3.0,0 days 00:01:11.531000,1,True,Austrian Grand Prix
20,4.0,0 days 00:01:11.582000,1,True,Austrian Grand Prix
20,5.0,0 days 00:01:11.879000,1,True,Austrian Grand Prix
20,6.0,0 days 00:01:11.463000,1,True,Austrian Grand Prix
20,7.0,0 days 00:01:12.869000,1,True,Austrian Grand Prix
20,8.0,0 days 00:01:11.489000,1,True,Austrian Grand Prix
20,9.0,0 days 00:01:11.152000,1,False,Austrian Grand Prix
20,10.0,0 days 00:01:11.386000,1,True,Austrian Grand Prix
20,11.0,0 days 00:01:11.075000,1,True,Austrian Grand Prix
20,12.0,0 days 00:01:11.766000,1,True,Austrian Grand Prix
20,13.0,0 days 00:01:11.274000,1,True,Austrian Grand Prix
20,14.0,0 days 00:01:10.974000,1,True,Austrian Grand Prix
20,15.0,0 days 00:01:10.852000,2,True,Austrian Grand Prix
20,16.0,0 days 00:01:10.843000,1,True,Austrian Grand Prix
20,17.0,0 days 00:01:10.884000,1,True,Austrian Grand Prix
20,18.0,0 days 00:01:10.720000,1,True,Austrian Grand Prix
20,19.0,0 days 00:01:11.243000,1,True,Austrian Grand Prix
20,20.0,,,False,Austrian Grand Prix
23,1.0,0 days 00:01:15.104000,1,False,Austrian Grand Prix
23,2.0,0 days 00:01:10.362000,1,True,Austrian Grand Prix
23,3.0,0 days 00:01:09.579000,1,True,Austrian Grand Prix
23,4.0,0 days 00:01:09.853000,1,True,Austrian Grand Prix
23,5.0,0 days 00:01:09.412000,1,True,Austrian Grand Prix
23,6.0,0 days 00:01:09.525000,1,True,Austrian Grand Prix
23,7.0,0 days 00:01:09.808000,1,True,Austrian Grand Prix
23,8.0,0 days 00:01:09.649000,1,True,Austrian Grand Prix
23,9.0,0 days 00:01:10.010000,1,False,Austrian Grand Prix
23,10.0,0 days 00:01:10.108000,1,False,Austrian Grand Prix
23,11.0,0 days 00:01:10.082000,1,True,Austrian Grand Prix
23,12.0,0 days 00:01:09.823000,1,True,Austrian Grand Prix
23,13.0,0 days 00:01:09.907000,1,True,Austrian Grand Prix
23,14.0,0 days 00:01:10.085000,1,True,Austrian Grand Prix
23,15.0,0 days 00:01:09.947000,1,True,Austrian Grand Prix
23,16.0,0 days 00:01:10.102000,2,True,Austrian Grand Prix
23,17.0,0 days 00:01:09.896000,1,True,Austrian Grand Prix
23,18.0,0 days 00:01:09.997000,1,True,Austrian Grand Prix
23,19.0,0 days 00:01:09.935000,1,True,Austrian Grand Prix
23,20.0,0 days 00:01:09.919000,2,True,Austrian Grand Prix
23,21.0,0 days 00:01:27.164000,24,False,Austrian Grand Prix
23,22.0,0 days 00:01:50.964000,4,False,Austrian Grand Prix
23,23.0,0 days 00:01:46.649000,4,False,Austrian Grand Prix
23,24.0,0 days 00:01:55.676000,4,False,Austrian Grand Prix
23,25.0,0 days 00:01:52.142000,4,False,Austrian Grand Prix
23,26.0,0 days 00:01:10.050000,2,False,Austrian Grand Prix
23,27.0,0 days 00:01:09.365000,1,True,Austrian Grand Prix
23,28.0,0 days 00:01:09.271000,1,True,Austrian Grand Prix
23,29.0,0 days 00:01:08.703000,1,True,Austrian Grand Prix
23,30.0,0 days 00:01:08.618000,1,True,Austrian Grand Prix
23,31.0,0 days 00:01:08.703000,1,True,Austrian Grand Prix
23,32.0,0 days 00:01:08.593000,1,True,Austrian Grand Prix
23,33.0,0 days 00:01:08.734000,1,True,Austrian Grand Prix
23,34.0,0 days 00:01:08.722000,1,True,Austrian Grand Prix
23,35.0,0 days 00:01:08.678000,1,True,Austrian Grand Prix
23,36.0,0 days 00:01:08.774000,1,True,Austrian Grand Prix
23,37.0,0 days 00:01:08.880000,1,True,Austrian Grand Prix
23,38.0,0 days 00:01:09.007000,1,True,Austrian Grand Prix
23,39.0,0 days 00:01:08.827000,1,True,Austrian Grand Prix
23,40.0,0 days 00:01:09.120000,1,True,Austrian Grand Prix
23,41.0,0 days 00:01:09.085000,1,True,Austrian Grand Prix
23,42.0,0 days 00:01:08.743000,1,True,Austrian Grand Prix
23,43.0,0 days 00:01:08.637000,1,True,Austrian Grand Prix
23,44.0,0 days 00:01:08.584000,1,True,Austrian Grand Prix
23,45.0,0 days 00:01:08.432000,1,True,Austrian Grand Prix
23,46.0,0 days 00:01:20.622000,24,False,Austrian Grand Prix
23,47.0,0 days 00:01:49.417000,4,False,Austrian Grand Prix
23,48.0,0 days 00:01:53.584000,4,False,Austrian Grand Prix
23,49.0,0 days 00:01:37.290000,4,False,Austrian Grand Prix
23,50.0,0 days 00:01:39.511000,24,False,Austrian Grand Prix
23,51.0,0 days 00:01:54.081000,4,False,Austrian Grand Prix
23,52.0,0 days 00:01:56.349000,4,False,Austrian Grand Prix
23,53.0,0 days 00:01:51.006000,4,False,Austrian Grand Prix
23,54.0,0 days 00:01:41.457000,4,False,Austrian Grand Prix
23,55.0,0 days 00:01:36.508000,4,False,Austrian Grand Prix
23,56.0,0 days 00:01:16.768000,1,False,Austrian Grand Prix
23,57.0,0 days 00:01:10.174000,1,True,Austrian Grand Prix
23,58.0,0 days 00:01:09.610000,1,True,Austrian Grand Prix
23,59.0,0 days 00:01:09.920000,1,True,Austrian Grand Prix
23,60.0,0 days 00:01:10.521000,1,True,Austrian Grand Prix
23,61.0,0 days 00:01:10.859000,1,True,Austrian Grand Prix
23,62.0,0 days 00:01:10.182000,1,True,Austrian Grand Prix
23,63.0,,,False,Austrian Grand Prix
26,1.0,0 days 00:01:20.360000,1,False,Austrian Grand Prix
26,2.0,0 days 00:01:13.127000,1,True,Austrian Grand Prix
26,3.0,0 days 00:01:11.726000,1,True,Austrian Grand Prix
26,4.0,0 days 00:01:11.327000,1,True,Austrian Grand Prix
26,5.0,0 days 00:01:12.095000,1,True,Austrian Grand Prix
26,6.0,0 days 00:01:10.997000,1,True,Austrian Grand Prix
26,7.0,0 days 00:01:10.962000,1,True,Austrian Grand Prix
26,8.0,0 days 00:01:11.132000,1,True,Austrian Grand Prix
26,9.0,0 days 00:01:10.753000,1,False,Austrian Grand Prix
26,10.0,0 days 00:01:11.003000,1,True,Austrian Grand Prix
26,11.0,0 days 00:01:10.831000,1,True,Austrian Grand Prix
26,12.0,0 days 00:01:11.190000,1,True,Austrian Grand Prix
26,13.0,0 days 00:01:10.637000,1,True,Austrian Grand Prix
26,14.0,0 days 00:01:10.839000,1,True,Austrian Grand Prix
26,15.0,0 days 00:01:10.928000,2,True,Austrian Grand Prix
26,16.0,0 days 00:01:10.784000,1,True,Austrian Grand Prix
26,17.0,0 days 00:01:10.523000,1,True,Austrian Grand Prix
26,18.0,0 days 00:01:10.590000,1,True,Austrian Grand Prix
26,19.0,0 days 00:01:10.420000,1,True,Austrian Grand Prix
26,20.0,0 days 00:01:10.655000,24,False,Austrian Grand Prix
26,21.0,0 days 00:01:42.320000,4,False,Austrian Grand Prix
26,22.0,0 days 00:01:44.170000,4,False,Austrian Grand Prix
26,23.0,0 days 00:01:20.170000,4,False,Austrian Grand Prix
26,24.0,0 days 00:01:54.238000,4,False,Austrian Grand Prix
26,25.0,0 days 00:01:44.410000,4,False,Austrian Grand Prix
26,26.0,0 days 00:01:10.997000,2,False,Austrian Grand Prix
26,27.0,0 days 00:01:10.473000,1,True,Austrian Grand Prix
26,28.0,0 days 00:01:10.128000,1,True,Austrian Grand Prix
26,29.0,0 days 00:01:09.898000,1,True,Austrian Grand Prix
26,30.0,0 days 00:01:10.224000,1,True,Austrian Grand Prix
26,31.0,0 days 00:01:10.657000,1,True,Austrian Grand Prix
26,32.0,0 days 00:01:10.035000,1,True,Austrian Grand Prix
26,33.0,0 days 00:01:10.461000,1,True,Austrian Grand Prix
26,34.0,0 days 00:01:09.827000,1,True,Austrian Grand Prix
26,35.0,0 days 00:01:09.769000,1,True,Austrian Grand Prix
26,36.0,0 days 00:01:10.086000,1,True,Austrian Grand Prix
26,37.0,0 days 00:01:09.734000,1,True,Austrian Grand Prix
26,38.0,0 days 00:01:09.473000,1,True,Austrian Grand Prix
26,39.0,0 days 00:01:09.375000,1,True,Austrian Grand Prix
26,40.0,0 days 00:01:09.829000,1,True,Austrian Grand Prix
26,41.0,0 days 00:01:09.327000,1,True,Austrian Grand Prix
26,42.0,0 days 00:01:09.286000,1,True,Austrian Grand Prix
26,43.0,0 days 00:01:09.703000,1,True,Austrian Grand Prix
26,44.0,0 days 00:01:09.663000,1,True,Austrian Grand Prix
26,45.0,0 days 00:01:09.135000,1,True,Austrian Grand Prix
26,46.0,0 days 00:01:27.749000,24,False,Austrian Grand Prix
26,47.0,0 days 00:01:48.009000,4,False,Austrian Grand Prix
26,48.0,0 days 00:01:33.944000,4,False,Austrian Grand Prix
26,49.0,0 days 00:01:30.350000,42,False,Austrian Grand Prix
26,50.0,0 days 00:01:42.464000,24,False,Austrian Grand Prix
26,51.0,0 days 00:01:56.833000,4,False,Austrian Grand Prix
26,52.0,0 days 00:01:54.212000,4,False,Austrian Grand Prix
26,53.0,0 days 00:01:50.394000,4,False,Austrian Grand Prix
26,54.0,0 days 00:01:44.104000,4,False,Austrian Grand Prix
26,55.0,0 days 00:01:29.982000,4,False,Austrian Grand Prix
26,56.0,0 days 00:01:11.427000,1,False,Austrian Grand Prix
26,57.0,0 days 00:01:10.110000,1,True,Austrian Grand Prix
26,58.0,0 days 00:01:10.242000,1,True,Austrian Grand Prix
26,59.0,0 days 00:01:10.781000,1,True,Austrian Grand Prix
26,60.0,0 days 00:01:10.378000,1,True,Austrian Grand Prix
26,61.0,0 days 00:01:10.623000,1,True,Austrian Grand Prix
26,62.0,0 days 00:01:11.475000,1,True,Austrian Grand Prix
26,63.0,0 days 00:01:10.456000,2,True,Austrian Grand Prix
26,64.0,0 days 00:01:11.794000,2,True,Austrian Grand Prix
26,65.0,,,False,Austrian Grand Prix
3,1.0,0 days 00:01:18.766000,1,False,Austrian Grand Prix
3,2.0,0 days 00:01:12.125000,1,True,Austrian Grand Prix
3,3.0,0 days 00:01:11.236000,1,True,Austrian Grand Prix
3,4.0,0 days 00:01:10.628000,1,True,Austrian Grand Prix
3,5.0,0 days 00:01:10.636000,1,True,Austrian Grand Prix
3,6.0,0 days 00:01:10.954000,1,True,Austrian Grand Prix
3,7.0,0 days 00:01:10.813000,1,True,Austrian Grand Prix
3,8.0,0 days 00:01:10.610000,1,True,Austrian Grand Prix
3,9.0,0 days 00:01:10.814000,1,False,Austrian Grand Prix
3,10.0,0 days 00:01:10.828000,1,True,Austrian Grand Prix
3,11.0,0 days 00:01:10.824000,1,True,Austrian Grand Prix
3,12.0,0 days 00:01:38.320000,1,False,Austrian Grand Prix
31,1.0,0 days 00:01:20.678000,1,False,Austrian Grand Prix
31,2.0,0 days 00:01:13.291000,1,True,Austrian Grand Prix
31,3.0,0 days 00:01:11.786000,1,True,Austrian Grand Prix
31,4.0,0 days 00:01:11.415000,1,True,Austrian Grand Prix
31,5.0,0 days 00:01:12.056000,1,True,Austrian Grand Prix
31,6.0,0 days 00:01:11.727000,1,True,Austrian Grand Prix
31,7.0,0 days 00:01:11.816000,1,True,Austrian Grand Prix
31,8.0,0 days 00:01:11.640000,1,True,Austrian Grand Prix
31,9.0,0 days 00:01:10.935000,1,False,Austrian Grand Prix
31,10.0,0 days 00:01:10.703000,1,True,Austrian Grand Prix
31,11.0,0 days 00:01:10.850000,1,True,Austrian Grand Prix
31,12.0,0 days 00:01:11.347000,1,True,Austrian Grand Prix
31,13.0,0 days 00:01:11.155000,1,True,Austrian Grand Prix
31,14.0,0 days 00:01:10.782000,1,True,Austrian Grand Prix
31,15.0,0 days 00:01:10.874000,2,True,Austrian Grand Prix
31,16.0,0 days 00:01:11.014000,1,True,Austrian Grand Prix
31,17.0,0 days 00:01:10.617000,1,True,Austrian Grand Prix
31,18.0,0 days 00:01:10.826000,1,True,Austrian Grand Prix
31,19.0,0 days 00:01:11.056000,1,True,Austrian Grand Prix
31,20.0,0 days 00:01:17.862000,24,False,Austrian Grand Prix
31,21.0,0 days 00:01:32.675000,4,False,Austrian Grand Prix
31,22.0,0 days 00:01:40.493000,4,False,Austrian Grand Prix
31,23.0,0 days 00:01:20.267000,4,False,Austrian Grand Prix
31,24.0,0 days 00:01:54.091000,4,False,Austrian Grand Prix
31,25.0,0 days 00:01:43.941000,4,False,Austrian Grand Prix
31,26.0,0 days 00:01:11.098000,2,False,Austrian Grand Prix
31,27.0,0 days 00:01:10.594000,1,True,Austrian Grand Prix
31,28.0,0 days 00:01:10.150000,1,True,Austrian Grand Prix
31,29.0,0 days 00:01:09.777000,1,True,Austrian Grand Prix
31,30.0,0 days 00:01:10.300000,1,True,Austrian Grand Prix
31,31.0,0 days 00:01:10.600000,1,True,Austrian Grand Prix
31,32.0,0 days 00:01:10.066000,1,True,Austrian Grand Prix
31,33.0,0 days 00:01:10.425000,1,True,Austrian Grand Prix
31,34.0,0 days 00:01:09.892000,1,True,Austrian Grand Prix
31,35.0,0 days 00:01:09.703000,1,True,Austrian Grand Prix
31,36.0,0 days 00:01:10.321000,1,True,Austrian Grand Prix
31,37.0,0 days 00:01:09.563000,1,True,Austrian Grand Prix
31,38.0,0 days 00:01:09.729000,1,True,Austrian Grand Prix
31,39.0,0 days 00:01:09.528000,1,True,Austrian Grand Prix
31,40.0,0 days 00:01:09.666000,1,True,Austrian Grand Prix
31,41.0,0 days 00:01:09.313000,1,True,Austrian Grand Prix
31,42.0,0 days 00:01:09.264000,1,True,Austrian Grand Prix
31,43.0,0 days 00:01:09.456000,1,True,Austrian Grand Prix
31,44.0,0 days 00:01:09.691000,1,True,Austrian Grand Prix
31,45.0,0 days 00:01:09.299000,1,True,Austrian Grand Prix
31,46.0,0 days 00:01:29.574000,24,False,Austrian Grand Prix
31,47.0,0 days 00:01:33.731000,4,False,Austrian Grand Prix
31,48.0,0 days 00:01:41.602000,4,False,Austrian Grand Prix
31,49.0,0 days 00:01:32.905000,42,False,Austrian Grand Prix
31,50.0,0 days 00:01:42.357000,24,False,Austrian Grand Prix
31,51.0,0 days 00:01:56.363000,4,False,Austrian Grand Prix
31,52.0,0 days 00:01:54.426000,4,False,Austrian Grand Prix
31,53.0,0 days 00:01:50.739000,4,False,Austrian Grand Prix
31,54.0,0 days 00:01:43.597000,4,False,Austrian Grand Prix
31,55.0,0 days 00:01:31.146000,4,False,Austrian Grand Prix
31,56.0,0 days 00:01:11.756000,1,False,Austrian Grand Prix
31,57.0,0 days 00:01:09.809000,1,True,Austrian Grand Prix
31,58.0,0 days 00:01:09.528000,1,True,Austrian Grand Prix
31,59.0,0 days 00:01:08.932000,1,True,Austrian Grand Prix
31,60.0,0 days 00:01:09.160000,1,True,Austrian Grand Prix
31,61.0,0 days 00:01:09.903000,1,True,Austrian Grand Prix
31,62.0,0 days 00:01:09.691000,1,True,Austrian Grand Prix
31,63.0,0 days 00:01:09.157000,1,True,Austrian Grand Prix
31,64.0,0 days 00:01:09.733000,2,True,Austrian Grand Prix
31,65.0,0 days 00:01:08.912000,2,True,Austrian Grand Prix
31,66.0,0 days 00:01:09.665000,1,True,Austrian Grand Prix
33,1.0,0 days 00:01:13.501000,1,False,Austrian Grand Prix
33,2.0,0 days 00:01:09.859000,1,True,Austrian Grand Prix
33,3.0,0 days 00:01:09.380000,1,True,Austrian Grand Prix
33,4.0,0 days 00:01:09.428000,1,True,Austrian Grand Prix
33,5.0,0 days 00:01:09.351000,1,True,Austrian Grand Prix
33,6.0,0 days 00:01:09.469000,1,True,Austrian Grand Prix
33,7.0,0 days 00:01:09.577000,1,True,Austrian Grand Prix
33,8.0,0 days 00:01:09.538000,1,True,Austrian Grand Prix
33,9.0,0 days 00:01:09.459000,1,True,Austrian Grand Prix
33,10.0,0 days 00:02:18.665000,1,False,Austrian Grand Prix
4,1.0,0 days 00:01:14.567000,1,False,Austrian Grand Prix
4,2.0,0 days 00:01:10.366000,1,True,Austrian Grand Prix
4,3.0,0 days 00:01:11.197000,1,True,Austrian Grand Prix
4,4.0,0 days 00:01:10.810000,1,True,Austrian Grand Prix
4,5.0,0 days 00:01:09.949000,1,True,Austrian Grand Prix
4,6.0,0 days 00:01:10.017000,1,True,Austrian Grand Prix
4,7.0,0 days 00:01:10.228000,1,True,Austrian Grand Prix
4,8.0,0 days 00:01:10.324000,1,True,Austrian Grand Prix
4,9.0,0 days 00:01:10.210000,1,False,Austrian Grand Prix
4,10.0,0 days 00:01:10.187000,1,True,Austrian Grand Prix
4,11.0,0 days 00:01:10.235000,1,True,Austrian Grand Prix
4,12.0,0 days 00:01:10.052000,1,True,Austrian Grand Prix
4,13.0,0 days 00:01:09.984000,1,True,Austrian Grand Prix
4,14.0,0 days 00:01:10.029000,1,True,Austrian Grand Prix
4,15.0,0 days 00:01:09.860000,1,True,Austrian Grand Prix
4,16.0,0 days 00:01:10.012000,2,True,Austrian Grand Prix
4,17.0,0 days 00:01:09.933000,1,True,Austrian Grand Prix
4,18.0,0 days 00:01:10.106000,1,True,Austrian Grand Prix
4,19.0,0 days 00:01:09.940000,1,True,Austrian Grand Prix
4,20.0,0 days 00:01:09.963000,2,True,Austrian Grand Prix
4,21.0,0 days 00:01:30.234000,24,False,Austrian Grand Prix
4,22.0,0 days 00:01:50.203000,4,False,Austrian Grand Prix
4,23.0,0 days 00:01:43.795000,4,False,Austrian Grand Prix
4,24.0,0 days 00:01:54.141000,4,False,Austrian Grand Prix
4,25.0,0 days 00:01:50.654000,4,False,Austrian Grand Prix
4,26.0,0 days 00:01:10.457000,2,False,Austrian Grand Prix
4,27.0,0 days 00:01:09.651000,1,True,Austrian Grand Prix
4,28.0,0 days 00:01:10.548000,1,True,Austrian Grand Prix
4,29.0,0 days 00:01:09.008000,1,True,Austrian Grand Prix
4,30.0,0 days 00:01:09.311000,1,True,Austrian Grand Prix
4,31.0,0 days 00:01:09.205000,1,True,Austrian Grand Prix
4,32.0,0 days 00:01:09.111000,1,True,Austrian Grand Prix
4,33.0,0 days 00:01:08.923000,1,True,Austrian Grand Prix
4,34.0,0 days 00:01:09.026000,1,True,Austrian Grand Prix
4,35.0,0 days 00:01:09.044000,1,True,Austrian Grand Prix
4,36.0,0 days 00:01:09.074000,1,True,Austrian Grand Prix
4,37.0,0 days 00:01:08.865000,1,True,Austrian Grand Prix
4,38.0,0 days 00:01:08.787000,1,True,Austrian Grand Prix
4,39.0,0 days 00:01:08.898000,1,True,Austrian Grand Prix
4,40.0,0 days 00:01:09.217000,1,True,Austrian Grand Prix
4,41.0,0 days 00:01:09.175000,1,True,Austrian Grand Prix
4,42.0,0 days 00:01:08.978000,1,True,Austrian Grand Prix
4,43.0,0 days 00:01:08.699000,1,True,Austrian Grand Prix
4,44.0,0 days 00:01:08.695000,1,True,Austrian Grand Prix
4,45.0,0 days 00:01:08.638000,1,True,Austrian Grand Prix
4,46.0,0 days 00:01:23.701000,24,False,Austrian Grand Prix
4,47.0,0 days 00:01:49.362000,4,False,Austrian Grand Prix
4,48.0,0 days 00:01:45.573000,4,False,Austrian Grand Prix
4,49.0,0 days 00:01:36.233000,4,False,Austrian Grand Prix
4,50.0,0 days 00:01:40.490000,24,False,Austrian Grand Prix
4,51.0,0 days 00:01:54.196000,4,False,Austrian Grand Prix
4,52.0,0 days 00:01:56.164000,4,False,Austrian Grand Prix
4,53.0,0 days 00:01:51.211000,4,False,Austrian Grand Prix
4,54.0,0 days 00:01:43.284000,4,False,Austrian Grand Prix
4,55.0,0 days 00:01:33.893000,4,False,Austrian Grand Prix
4,56.0,0 days 00:01:09.662000,1,False,Austrian Grand Prix
4,57.0,0 days 00:01:08.923000,1,True,Austrian Grand Prix
4,58.0,0 days 00:01:08.362000,1,True,Austrian Grand Prix
4,59.0,0 days 00:01:09.354000,1,True,Austrian Grand Prix
4,60.0,0 days 00:01:08.518000,1,True,Austrian Grand Prix
4,61.0,0 days 00:01:09.211000,1,True,Austrian Grand Prix
4,62.0,0 days 00:01:08.574000,1,True,Austrian Grand Prix
4,63.0,0 days 00:01:08.529000,1,True,Austrian Grand Prix
4,64.0,0 days 00:01:09.102000,2,True,Austrian Grand Prix
4,65.0,0 days 00:01:07.781000,2,True,Austrian Grand Prix
4,66.0,0 days 00:01:07.475000,1,True,Austrian Grand Prix
44,1.0,0 days 00:01:15.627000,1,False,Austrian Grand Prix
44,2.0,0 days 00:01:10.550000,1,True,Austrian Grand Prix
44,3.0,0 days 00:01:10.362000,1,True,Austrian Grand Prix
44,4.0,0 days 00:01:09.340000,1,True,Austrian Grand Prix
44,5.0,0 days 00:01:09.461000,1,True,Austrian Grand Prix
44,6.0,0 days 00:01:09.294000,1,True,Austrian Grand Prix
44,7.0,0 days 00:01:09.701000,1,True,Austrian Grand Prix
44,8.0,0 days 00:01:09.796000,1,True,Austrian Grand Prix
44,9.0,0 days 00:01:09.233000,1,False,Austrian Grand Prix
44,10.0,0 days 00:01:09.184000,1,False,Austrian Grand Prix
44,11.0,0 days 00:01:09.142000,1,True,Austrian Grand Prix
44,12.0,0 days 00:01:09.046000,1,True,Austrian Grand Prix
44,13.0,0 days 00:01:09.076000,1,True,Austrian Grand Prix
44,14.0,0 days 00:01:09.131000,1,True,Austrian Grand Prix
44,15.0,0 days 00:01:09,1,True,Austrian Grand Prix
44,16.0,0 days 00:01:09.340000,2,True,Austrian Grand Prix
44,17.0,0 days 00:01:09.326000,1,True,Austrian Grand Prix
44,18.0,0 days 00:01:09.356000,1,True,Austrian Grand Prix
44,19.0,0 days 00:01:09.342000,1,True,Austrian Grand Prix
44,20.0,0 days 00:01:09.510000,1,True,Austrian Grand Prix
44,21.0,0 days 00:01:28.502000,24,False,Austrian Grand Prix
44,22.0,0 days 00:01:56.918000,4,False,Austrian Grand Prix
44,23.0,0 days 00:01:50.801000,4,False,Austrian Grand Prix
44,24.0,0 days 00:01:55.666000,4,False,Austrian Grand Prix
44,25.0,0 days 00:01:52.528000,4,False,Austrian Grand Prix
44,26.0,0 days 00:01:09.031000,2,False,Austrian Grand Prix
44,27.0,0 days 00:01:08.750000,1,True,Austrian Grand Prix
44,28.0,0 days 00:01:08.684000,1,True,Austrian Grand Prix
44,29.0,0 days 00:01:08.258000,1,True,Austrian Grand Prix
44,30.0,0 days 00:01:08.389000,1,True,Austrian Grand Prix
44,31.0,0 days 00:01:08.164000,1,True,Austrian Grand Prix
44,32.0,0 days 00:01:08.243000,1,True,Austrian Grand Prix
44,33.0,0 days 00:01:08.434000,1,True,Austrian Grand Prix
44,34.0,0 days 00:01:08.256000,1,True,Austrian Grand Prix
44,35.0,0 days 00:01:08.058000,1,True,Austrian Grand Prix
44,36.0,0 days 00:01:08.147000,1,True,Austrian Grand Prix
44,37.0,0 days 00:01:08.115000,1,True,Austrian Grand Prix
44,38.0,0 days 00:01:08.369000,1,True,Austrian Grand Prix
44,39.0,0 days 00:01:08.598000,1,True,Austrian Grand Prix
44,40.0,0 days 00:01:08.467000,1,True,Austrian Grand Prix
44,41.0,0 days 00:01:08.812000,1,True,Austrian Grand Prix
44,42.0,0 days 00:01:08.457000,1,True,Austrian Grand Prix
44,43.0,0 days 00:01:08.383000,1,True,Austrian Grand Prix
44,44.0,0 days 00:01:08.448000,1,True,Austrian Grand Prix
44,45.0,0 days 00:01:08.406000,1,True,Austrian Grand Prix
44,46.0,0 days 00:01:18.996000,24,False,Austrian Grand Prix
44,47.0,0 days 00:01:51.080000,4,False,Austrian Grand Prix
44,48.0,0 days 00:02:00.866000,4,False,Austrian Grand Prix
44,49.0,0 days 00:01:39.068000,4,False,Austrian Grand Prix
44,50.0,0 days 00:01:37.528000,24,False,Austrian Grand Prix
44,51.0,0 days 00:01:54.149000,4,False,Austrian Grand Prix
44,52.0,0 days 00:01:57.246000,4,False,Austrian Grand Prix
44,53.0,0 days 00:01:50.103000,4,False,Austrian Grand Prix
44,54.0,0 days 00:01:43.337000,4,False,Austrian Grand Prix
44,55.0,0 days 00:01:37.005000,4,False,Austrian Grand Prix
44,56.0,0 days 00:01:09.036000,1,False,Austrian Grand Prix
44,57.0,0 days 00:01:08.578000,1,True,Austrian Grand Prix
44,58.0,0 days 00:01:08.572000,1,True,Austrian Grand Prix
44,59.0,0 days 00:01:08.535000,1,True,Austrian Grand Prix
44,60.0,0 days 00:01:08.182000,1,True,Austrian Grand Prix
44,61.0,0 days 00:01:08.092000,1,True,Austrian Grand Prix
44,62.0,0 days 00:01:07.712000,1,True,Austrian Grand Prix
44,63.0,0 days 00:01:07.916000,1,True,Austrian Grand Prix
44,64.0,0 days 00:01:08.584000,2,True,Austrian Grand Prix
44,65.0,0 days 00:01:08.419000,2,True,Austrian Grand Prix
44,66.0,0 days 00:01:08.203000,1,True,Austrian Grand Prix
5,1.0,0 days 00:01:18.362000,1,False,Austrian Grand Prix
5,2.0,0 days 00:01:12.072000,1,True,Austrian Grand Prix
5,3.0,0 days 00:01:10.670000,1,True,Austrian Grand Prix
5,4.0,0 days 00:01:10.483000,1,True,Austrian Grand Prix
5,5.0,0 days 00:01:10.422000,1,True,Austrian Grand Prix
5,6.0,0 days 00:01:10.594000,1,True,Austrian Grand Prix
5,7.0,0 days 00:01:10.841000,1,True,Austrian Grand Prix
5,8.0,0 days 00:01:10.716000,1,True,Austrian Grand Prix
5,9.0,0 days 00:01:10.649000,1,False,Austrian Grand Prix
5,10.0,0 days 00:01:10.823000,1,True,Austrian Grand Prix
5,11.0,0 days 00:01:10.650000,1,True,Austrian Grand Prix
5,12.0,0 days 00:01:10.994000,1,True,Austrian Grand Prix
5,13.0,0 days 00:01:10.617000,1,True,Austrian Grand Prix
5,14.0,0 days 00:01:10.604000,1,True,Austrian Grand Prix
5,15.0,0 days 00:01:10.332000,2,True,Austrian Grand Prix
5,16.0,0 days 00:01:10.455000,1,True,Austrian Grand Prix
5,17.0,0 days 00:01:10.529000,1,True,Austrian Grand Prix
5,18.0,0 days 00:01:10.644000,1,True,Austrian Grand Prix
5,19.0,0 days 00:01:10.653000,1,True,Austrian Grand Prix
5,20.0,0 days 00:01:10.778000,2,True,Austrian Grand Prix
5,21.0,0 days 00:01:33.851000,24,False,Austrian Grand Prix
5,22.0,0 days 00:01:50.020000,4,False,Austrian Grand Prix
5,23.0,0 days 00:01:27.415000,4,False,Austrian Grand Prix
5,24.0,0 days 00:01:53.981000,4,False,Austrian Grand Prix
5,25.0,0 days 00:01:46.730000,4,False,Austrian Grand Prix
5,26.0,0 days 00:01:20.761000,2,False,Austrian Grand Prix
5,27.0,0 days 00:01:10.065000,1,True,Austrian Grand Prix
5,28.0,0 days 00:01:10.032000,1,True,Austrian Grand Prix
5,29.0,0 days 00:01:09.590000,1,True,Austrian Grand Prix
5,30.0,0 days 00:01:10.785000,1,True,Austrian Grand Prix
5,31.0,0 days 00:01:10.077000,1,True,Austrian Grand Prix
5,32.0,0 days 00:01:09.508000,1,True,Austrian Grand Prix
5,33.0,0 days 00:01:09.775000,1,True,Austrian Grand Prix
5,34.0,0 days 00:01:09.469000,1,True,Austrian Grand Prix
5,35.0,0 days 00:01:09.812000,1,True,Austrian Grand Prix
5,36.0,0 days 00:01:09.743000,1,True,Austrian Grand Prix
5,37.0,0 days 00:01:09.863000,1,True,Austrian Grand Prix
5,38.0,0 days 00:01:10.043000,1,True,Austrian Grand Prix
5,39.0,0 days 00:01:10.485000,1,True,Austrian Grand Prix
5,40.0,0 days 00:01:10.875000,1,True,Austrian Grand Prix
5,41.0,0 days 00:01:10.049000,1,True,Austrian Grand Prix
5,42.0,0 days 00:01:09.669000,1,True,Austrian Grand Prix
5,43.0,0 days 00:01:09.576000,1,True,Austrian Grand Prix
5,44.0,0 days 00:01:09.446000,1,True,Austrian Grand Prix
5,45.0,0 days 00:01:09.755000,2,True,Austrian Grand Prix
5,46.0,0 days 00:01:32.503000,24,False,Austrian Grand Prix
5,47.0,0 days 00:01:50.124000,4,False,Austrian Grand Prix
5,48.0,0 days 00:01:20.445000,4,False,Austrian Grand Prix
5,49.0,0 days 00:01:28.931000,42,False,Austrian Grand Prix
5,50.0,0 days 00:01:42.023000,24,False,Austrian Grand Prix
5,51.0,0 days 00:01:57.835000,4,False,Austrian Grand Prix
5,52.0,0 days 00:01:52.817000,4,False,Austrian Grand Prix
5,53.0,0 days 00:01:50.336000,4,False,Austrian Grand Prix
5,54.0,0 days 00:01:44.460000,4,False,Austrian Grand Prix
5,55.0,0 days 00:01:29.292000,4,False,Austrian Grand Prix
5,56.0,0 days 00:01:11.743000,1,False,Austrian Grand Prix
5,57.0,0 days 00:01:10.433000,1,True,Austrian Grand Prix
5,58.0,0 days 00:01:10.387000,1,True,Austrian Grand Prix
5,59.0,0 days 00:01:10.415000,1,True,Austrian Grand Prix
5,60.0,0 days 00:01:10.623000,1,True,Austrian Grand Prix
5,61.0,0 days 00:01:10.755000,1,True,Austrian Grand Prix
5,62.0,0 days 00:01:11.236000,1,True,Austrian Grand Prix
5,63.0,0 days 00:01:10.004000,2,True,Austrian Grand Prix
5,64.0,0 days 00:01:09.453000,2,True,Austrian Grand Prix
5,65.0,0 days 00:01:08.729000,2,True,Austrian Grand Prix
5,66.0,0 days 00:01:08.623000,1,True,Austrian Grand Prix
55,1.0,0 days 00:01:17.168000,1,False,Austrian Grand Prix
55,2.0,0 days 00:01:11.958000,1,True,Austrian Grand Prix
55,3.0,0 days 00:01:10.243000,1,True,Austrian Grand Prix
55,4.0,0 days 00:01:10.316000,1,True,Austrian Grand Prix
55,5.0,0 days 00:01:10.317000,1,True,Austrian Grand Prix
55,6.0,0 days 00:01:10.342000,1,True,Austrian Grand Prix
55,7.0,0 days 00:01:10.563000,1,True,Austrian Grand Prix
55,8.0,0 days 00:01:10.651000,1,True,Austrian Grand Prix
55,9.0,0 days 00:01:10.421000,1,False,Austrian Grand Prix
55,10.0,0 days 00:01:10.322000,1,True,Austrian Grand Prix
55,11.0,0 days 00:01:10.378000,1,True,Austrian Grand Prix
55,12.0,0 days 00:01:10.405000,1,True,Austrian Grand Prix
55,13.0,0 days 00:01:10.434000,1,True,Austrian Grand Prix
55,14.0,0 days 00:01:10.250000,1,True,Austrian Grand Prix
55,15.0,0 days 00:01:10.010000,2,True,Austrian Grand Prix
55,16.0,0 days 00:01:10.105000,2,True,Austrian Grand Prix
55,17.0,0 days 00:01:10.051000,1,True,Austrian Grand Prix
55,18.0,0 days 00:01:10.133000,1,True,Austrian Grand Prix
55,19.0,0 days 00:01:10.316000,1,True,Austrian Grand Prix
55,20.0,0 days 00:01:10.141000,2,True,Austrian Grand Prix
55,21.0,0 days 00:01:30.179000,24,False,Austrian Grand Prix
55,22.0,0 days 00:01:52.463000,4,False,Austrian Grand Prix
55,23.0,0 days 00:01:37.161000,4,False,Austrian Grand Prix
55,24.0,0 days 00:01:55.235000,4,False,Austrian Grand Prix
55,25.0,0 days 00:01:46.943000,4,False,Austrian Grand Prix
55,26.0,0 days 00:01:11.454000,2,False,Austrian Grand Prix
55,27.0,0 days 00:01:10.021000,1,True,Austrian Grand Prix
55,28.0,0 days 00:01:09.718000,1,True,Austrian Grand Prix
55,29.0,0 days 00:01:09.320000,1,True,Austrian Grand Prix
55,30.0,0 days 00:01:09.328000,1,True,Austrian Grand Prix
55,31.0,0 days 00:01:09.685000,1,True,Austrian Grand Prix
55,32.0,0 days 00:01:09.246000,1,True,Austrian Grand Prix
55,33.0,0 days 00:01:09.365000,1,True,Austrian Grand Prix
55,34.0,0 days 00:01:09.427000,1,True,Austrian Grand Prix
55,35.0,0 days 00:01:09.460000,1,True,Austrian Grand Prix
55,36.0,0 days 00:01:09.105000,1,True,Austrian Grand Prix
55,37.0,0 days 00:01:09.457000,1,True,Austrian Grand Prix
55,38.0,0 days 00:01:09.329000,1,True,Austrian Grand Prix
55,39.0,0 days 00:01:09.243000,1,True,Austrian Grand Prix
55,40.0,0 days 00:01:09.374000,1,True,Austrian Grand Prix
55,41.0,0 days 00:01:09.220000,1,True,Austrian Grand Prix
55,42.0,0 days 00:01:09.089000,1,True,Austrian Grand Prix
55,43.0,0 days 00:01:08.928000,1,True,Austrian Grand Prix
55,44.0,0 days 00:01:08.974000,1,True,Austrian Grand Prix
55,45.0,0 days 00:01:09.232000,1,True,Austrian Grand Prix
55,46.0,0 days 00:01:24.968000,24,False,Austrian Grand Prix
55,47.0,0 days 00:01:35.696000,4,False,Austrian Grand Prix
55,48.0,0 days 00:01:57.478000,4,False,Austrian Grand Prix
55,49.0,0 days 00:01:32.324000,42,False,Austrian Grand Prix
55,50.0,0 days 00:01:41.084000,24,False,Austrian Grand Prix
55,51.0,0 days 00:01:56.046000,4,False,Austrian Grand Prix
55,52.0,0 days 00:01:54.877000,4,False,Austrian Grand Prix
55,53.0,0 days 00:01:50.839000,4,False,Austrian Grand Prix
55,54.0,0 days 00:01:43.568000,4,False,Austrian Grand Prix
55,55.0,0 days 00:01:32.073000,4,False,Austrian Grand Prix
55,56.0,0 days 00:01:10.526000,1,False,Austrian Grand Prix
55,57.0,0 days 00:01:08.576000,1,True,Austrian Grand Prix
55,58.0,0 days 00:01:07.974000,1,True,Austrian Grand Prix
55,59.0,0 days 00:01:08.497000,1,True,Austrian Grand Prix
55,60.0,0 days 00:01:08.446000,1,True,Austrian Grand Prix
55,61.0,0 days 00:01:09.339000,1,True,Austrian Grand Prix
55,62.0,0 days 00:01:08.917000,1,True,Austrian Grand Prix
55,63.0,0 days 00:01:08.712000,1,True,Austrian Grand Prix
55,64.0,0 days 00:01:09.155000,2,True,Austrian Grand Prix
55,65.0,0 days 00:01:09.028000,2,True,Austrian Grand Prix
55,66.0,0 days 00:01:08.308000,1,True,Austrian Grand Prix
6,1.0,0 days 00:01:22.200000,1,False,Austrian Grand Prix
6,2.0,0 days 00:01:13.861000,1,True,Austrian Grand Prix
6,3.0,0 days 00:01:12.354000,1,True,Austrian Grand Prix
6,4.0,0 days 00:01:11.901000,1,True,Austrian Grand Prix
6,5.0,0 days 00:01:11.919000,1,True,Austrian Grand Prix
6,6.0,0 days 00:01:11.812000,1,True,Austrian Grand Prix
6,7.0,0 days 00:01:12.103000,1,True,Austrian Grand Prix
6,8.0,0 days 00:01:12.201000,1,True,Austrian Grand Prix
6,9.0,0 days 00:01:11.681000,1,True,Austrian Grand Prix
6,10.0,0 days 00:01:11.663000,1,True,Austrian Grand Prix
6,11.0,0 days 00:01:11.746000,1,True,Austrian Grand Prix
6,12.0,0 days 00:01:11.845000,1,True,Austrian Grand Prix
6,13.0,0 days 00:01:11.743000,1,True,Austrian Grand Prix
6,14.0,0 days 00:01:11.605000,1,True,Austrian Grand Prix
6,15.0,0 days 00:01:12.716000,1,True,Austrian Grand Prix
6,16.0,0 days 00:01:11.818000,1,True,Austrian Grand Prix
6,17.0,0 days 00:01:11.240000,1,True,Austrian Grand Prix
6,18.0,0 days 00:01:11.213000,1,True,Austrian Grand Prix
6,19.0,0 days 00:01:13.943000,1,True,Austrian Grand Prix
6,20.0,0 days 00:01:26.061000,2,True,Austrian Grand Prix
6,21.0,0 days 00:01:57.217000,1,False,Austrian Grand Prix
6,22.0,0 days 00:02:00.782000,1,False,Austrian Grand Prix
6,23.0,0 days 00:01:37.331000,24,False,Austrian Grand Prix
6,24.0,0 days 00:01:15.231000,4,False,Austrian Grand Prix
6,25.0,0 days 00:01:12.150000,4,False,Austrian Grand Prix
6,26.0,0 days 00:01:11.290000,4,False,Austrian Grand Prix
6,27.0,0 days 00:01:10.895000,4,False,Austrian Grand Prix
6,28.0,0 days 00:01:10.483000,4,False,Austrian Grand Prix
6,29.0,0 days 00:01:10.436000,4,False,Austrian Grand Prix
6,30.0,0 days 00:01:10.841000,4,False,Austrian Grand Prix
6,31.0,0 days 00:01:10.812000,2,False,Austrian Grand Prix
6,32.0,0 days 00:01:10.334000,1,True,Austrian Grand Prix
6,33.0,0 days 00:01:10.311000,1,True,Austrian Grand Prix
6,34.0,0 days 00:01:10.292000,1,True,Austrian Grand Prix
6,35.0,0 days 00:01:10.442000,1,True,Austrian Grand Prix
6,36.0,0 days 00:01:10.273000,1,True,Austrian Grand Prix
6,37.0,0 days 00:01:10.262000,1,True,Austrian Grand Prix
6,38.0,0 days 00:01:10.229000,1,True,Austrian Grand Prix
6,39.0,0 days 00:01:10.305000,1,True,Austrian Grand Prix
6,40.0,0 days 00:01:10.298000,1,True,Austrian Grand Prix
6,41.0,0 days 00:01:10.038000,1,True,Austrian Grand Prix
6,42.0,0 days 00:01:09.817000,1,True,Austrian Grand Prix
6,43.0,0 days 00:01:10.265000,1,True,Austrian Grand Prix
6,44.0,0 days 00:01:10.760000,1,True,Austrian Grand Prix
6,45.0,0 days 00:01:16.161000,1,True,Austrian Grand Prix
6,46.0,0 days 00:01:35.318000,1,False,Austrian Grand Prix
6,47.0,0 days 00:01:37.124000,1,False,Austrian Grand Prix
6,48.0,0 days 00:01:13.419000,1,True,Austrian Grand Prix
6,49.0,0 days 00:01:21.845000,2,True,Austrian Grand Prix
6,50.0,0 days 00:01:41.900000,24,False,Austrian Grand Prix
6,51.0,0 days 00:01:58.167000,4,False,Austrian Grand Prix
6,52.0,0 days 00:01:52.812000,4,False,Austrian Grand Prix
6,53.0,0 days 00:01:50.087000,42,False,Austrian Grand Prix
6,54.0,0 days 00:01:44.493000,4,False,Austrian Grand Prix
6,55.0,0 days 00:01:29.059000,4,False,Austrian Grand Prix
6,56.0,0 days 00:01:12.088000,4,False,Austrian Grand Prix
6,57.0,0 days 00:01:10.688000,4,False,Austrian Grand Prix
6,58.0,0 days 00:01:09.662000,4,False,Austrian Grand Prix
6,59.0,0 days 00:01:10.933000,4,False,Austrian Grand Prix
6,60.0,0 days 00:01:10.910000,4,False,Austrian Grand Prix
6,61.0,0 days 00:01:10.709000,1,False,Austrian Grand Prix
6,62.0,0 days 00:01:10.393000,1,True,Austrian Grand Prix
6,63.0,0 days 00:01:10.906000,1,True,Austrian Grand Prix
6,64.0,0 days 00:01:10.613000,1,True,Austrian Grand Prix
6,65.0,0 days 00:01:11.012000,1,True,Austrian Grand Prix
6,66.0,0 days 00:01:10.860000,1,True,Austrian Grand Prix
6,67.0,,,False,Austrian Grand Prix
63,1.0,0 days 00:01:21.596000,1,False,Austrian Grand Prix
63,2.0,0 days 00:01:13.736000,1,True,Austrian Grand Prix
63,3.0,0 days 00:01:12.334000,1,True,Austrian Grand Prix
63,4.0,0 days 00:01:11.594000,1,True,Austrian Grand Prix
63,5.0,0 days 00:01:11.724000,1,True,Austrian Grand Prix
63,6.0,0 days 00:01:12.130000,1,True,Austrian Grand Prix
63,7.0,0 days 00:01:12.152000,1,True,Austrian Grand Prix
63,8.0,0 days 00:01:11.784000,1,True,Austrian Grand Prix
63,9.0,,1,False,Austrian Grand Prix
63,10.0,0 days 00:01:11.563000,1,True,Austrian Grand Prix
63,11.0,0 days 00:01:11.674000,1,True,Austrian Grand Prix
63,12.0,0 days 00:01:11.538000,1,True,Austrian Grand Prix
63,13.0,0 days 00:01:11.186000,1,True,Austrian Grand Prix
63,14.0,0 days 00:01:11.053000,1,True,Austrian Grand Prix
63,15.0,0 days 00:01:11.210000,2,True,Austrian Grand Prix
63,16.0,0 days 00:01:11.014000,1,True,Austrian Grand Prix
63,17.0,0 days 00:01:10.891000,1,True,Austrian Grand Prix
63,18.0,0 days 00:01:11.039000,1,True,Austrian Grand Prix
63,19.0,0 days 00:01:11.106000,1,True,Austrian Grand Prix
63,20.0,0 days 00:01:19.305000,24,False,Austrian Grand Prix
63,21.0,0 days 00:02:14.065000,4,False,Austrian Grand Prix
63,22.0,0 days 00:01:23.330000,4,False,Austrian Grand Prix
63,23.0,0 days 00:01:13.150000,4,False,Austrian Grand Prix
63,24.0,0 days 00:01:30.313000,4,False,Austrian Grand Prix
63,25.0,0 days 00:01:42.414000,4,False,Austrian Grand Prix
63,26.0,0 days 00:01:11.215000,2,False,Austrian Grand Prix
63,27.0,0 days 00:01:10.962000,1,True,Austrian Grand Prix
63,28.0,0 days 00:01:10.317000,1,True,Austrian Grand Prix
63,29.0,0 days 00:01:10.148000,1,True,Austrian Grand Prix
63,30.0,0 days 00:01:10.107000,1,True,Austrian Grand Prix
63,31.0,0 days 00:01:10.393000,1,True,Austrian Grand Prix
63,32.0,0 days 00:01:10.312000,1,True,Austrian Grand Prix
63,33.0,0 days 00:01:10.236000,1,True,Austrian Grand Prix
63,34.0,0 days 00:01:10.335000,1,True,Austrian Grand Prix
63,35.0,0 days 00:01:10.261000,1,True,Austrian Grand Prix
63,36.0,0 days 00:01:09.901000,1,True,Austrian Grand Prix
63,37.0,0 days 00:01:10.220000,1,True,Austrian Grand Prix
63,38.0,0 days 00:01:10.025000,1,True,Austrian Grand Prix
63,39.0,0 days 00:01:11.190000,1,True,Austrian Grand Prix
63,40.0,0 days 00:01:10.457000,1,True,Austrian Grand Prix
63,41.0,0 days 00:01:10.014000,1,True,Austrian Grand Prix
63,42.0,0 days 00:01:09.693000,1,True,Austrian Grand Prix
63,43.0,0 days 00:01:09.888000,1,True,Austrian Grand Prix
63,44.0,0 days 00:01:09.317000,1,True,Austrian Grand Prix
63,45.0,,,False,Austrian Grand Prix
7,1.0,0 days 00:01:20.781000,1,False,Austrian Grand Prix
7,2.0,0 days 00:01:13.309000,1,True,Austrian Grand Prix
7,3.0,0 days 00:01:12.098000,1,True,Austrian Grand Prix
7,4.0,0 days 00:01:11.372000,1,True,Austrian Grand Prix
7,5.0,0 days 00:01:11.920000,1,True,Austrian Grand Prix
7,6.0,0 days 00:01:11.893000,1,True,Austrian Grand Prix
7,7.0,0 days 00:01:11.771000,1,True,Austrian Grand Prix
7,8.0,0 days 00:01:11.941000,1,True,Austrian Grand Prix
7,9.0,,1,False,Austrian Grand Prix
7,10.0,0 days 00:01:11.366000,1,True,Austrian Grand Prix
7,11.0,0 days 00:01:11.588000,1,True,Austrian Grand Prix
7,12.0,0 days 00:01:11.213000,1,True,Austrian Grand Prix
7,13.0,0 days 00:01:10.375000,1,True,Austrian Grand Prix
7,14.0,0 days 00:01:10.752000,1,True,Austrian Grand Prix
7,15.0,0 days 00:01:10.727000,2,True,Austrian Grand Prix
7,16.0,0 days 00:01:10.570000,1,True,Austrian Grand Prix
7,17.0,0 days 00:01:10.713000,1,True,Austrian Grand Prix
7,18.0,0 days 00:01:10.898000,1,True,Austrian Grand Prix
7,19.0,0 days 00:01:14.725000,1,False,Austrian Grand Prix
7,20.0,0 days 00:01:43.423000,24,False,Austrian Grand Prix
7,21.0,0 days 00:01:53.799000,4,False,Austrian Grand Prix
7,22.0,0 days 00:01:23.601000,4,False,Austrian Grand Prix
7,23.0,0 days 00:01:13.482000,4,False,Austrian Grand Prix
7,24.0,0 days 00:01:30.605000,4,False,Austrian Grand Prix
7,25.0,0 days 00:01:42.148000,4,False,Austrian Grand Prix
7,26.0,0 days 00:01:10.779000,2,False,Austrian Grand Prix
7,27.0,0 days 00:01:10.997000,1,True,Austrian Grand Prix
7,28.0,0 days 00:01:10.400000,1,True,Austrian Grand Prix
7,29.0,0 days 00:01:10.188000,1,True,Austrian Grand Prix
7,30.0,0 days 00:01:10.332000,1,True,Austrian Grand Prix
7,31.0,0 days 00:01:10.355000,1,True,Austrian Grand Prix
7,32.0,0 days 00:01:10.007000,1,True,Austrian Grand Prix
7,33.0,0 days 00:01:10.336000,1,True,Austrian Grand Prix
7,34.0,0 days 00:01:10.496000,1,True,Austrian Grand Prix
7,35.0,0 days 00:01:10.158000,1,True,Austrian Grand Prix
7,36.0,0 days 00:01:09.962000,1,True,Austrian Grand Prix
7,37.0,0 days 00:01:10.013000,1,True,Austrian Grand Prix
7,38.0,0 days 00:01:09.952000,1,True,Austrian Grand Prix
7,39.0,0 days 00:01:09.400000,1,True,Austrian Grand Prix
7,40.0,0 days 00:01:09.973000,1,True,Austrian Grand Prix
7,41.0,0 days 00:01:09.432000,1,True,Austrian Grand Prix
7,42.0,0 days 00:01:09.062000,1,True,Austrian Grand Prix
7,43.0,0 days 00:01:09.031000,1,True,Austrian Grand Prix
7,44.0,0 days 00:01:09.417000,1,True,Austrian Grand Prix
7,45.0,0 days 00:01:09.384000,1,True,Austrian Grand Prix
7,46.0,0 days 00:01:30.453000,24,False,Austrian Grand Prix
7,47.0,0 days 00:01:48.390000,4,False,Austrian Grand Prix
7,48.0,0 days 00:01:27.815000,4,False,Austrian Grand Prix
7,49.0,,,False,Austrian Grand Prix
77,1.0,0 days 00:01:11.454000,1,False,Austrian Grand Prix
77,2.0,0 days 00:01:09.441000,1,True,Austrian Grand Prix
77,3.0,0 days 00:01:09.598000,1,True,Austrian Grand Prix
77,4.0,0 days 00:01:09.592000,1,True,Austrian Grand Prix
77,5.0,0 days 00:01:09.159000,1,True,Austrian Grand Prix
77,6.0,0 days 00:01:09.386000,1,True,Austrian Grand Prix
77,7.0,0 days 00:01:09.051000,1,True,Austrian Grand Prix
77,8.0,0 days 00:01:09.185000,1,True,Austrian Grand Prix
77,9.0,0 days 00:01:09.357000,1,True,Austrian Grand Prix
77,10.0,0 days 00:01:09.547000,1,False,Austrian Grand Prix
77,11.0,0 days 00:01:09.300000,1,False,Austrian Grand Prix
77,12.0,0 days 00:01:09.417000,1,True,Austrian Grand Prix
77,13.0,0 days 00:01:09.224000,1,True,Austrian Grand Prix
77,14.0,0 days 00:01:09.049000,1,True,Austrian Grand Prix
77,15.0,0 days 00:01:09.260000,1,True,Austrian Grand Prix
77,16.0,0 days 00:01:09.512000,1,True,Austrian Grand Prix
77,17.0,0 days 00:01:09.699000,2,True,Austrian Grand Prix
77,18.0,0 days 00:01:09.847000,1,True,Austrian Grand Prix
77,19.0,0 days 00:01:09.617000,1,True,Austrian Grand Prix
77,20.0,0 days 00:01:10.405000,1,True,Austrian Grand Prix
77,21.0,0 days 00:01:10.149000,1,True,Austrian Grand Prix
77,22.0,0 days 00:01:24.118000,24,False,Austrian Grand Prix
77,23.0,0 days 00:02:02.933000,4,False,Austrian Grand Prix
77,24.0,0 days 00:01:50.849000,4,False,Austrian Grand Prix
77,25.0,0 days 00:01:55.283000,4,False,Austrian Grand Prix
77,26.0,0 days 00:01:53.743000,4,False,Austrian Grand Prix
77,27.0,0 days 00:01:08.736000,2,False,Austrian Grand Prix
77,28.0,0 days 00:01:08.733000,1,True,Austrian Grand Prix
77,29.0,0 days 00:01:08.520000,1,True,Austrian Grand Prix
77,30.0,0 days 00:01:08.524000,1,True,Austrian Grand Prix
77,31.0,0 days 00:01:08.433000,1,True,Austrian Grand Prix
77,32.0,0 days 00:01:08.260000,1,True,Austrian Grand Prix
77,33.0,0 days 00:01:08.194000,1,True,Austrian Grand Prix
77,34.0,0 days 00:01:08.235000,1,True,Austrian Grand Prix
77,35.0,0 days 00:01:08.303000,1,True,Austrian Grand Prix
77,36.0,0 days 00:01:08.131000,1,True,Austrian Grand Prix
77,37.0,0 days 00:01:08.142000,1,True,Austrian Grand Prix
77,38.0,0 days 00:01:08.272000,1,True,Austrian Grand Prix
77,39.0,0 days 00:01:08.472000,1,True,Austrian Grand Prix
77,40.0,0 days 00:01:08.322000,1,True,Austrian Grand Prix
77,41.0,0 days 00:01:08.231000,1,True,Austrian Grand Prix
77,42.0,0 days 00:01:08.462000,1,True,Austrian Grand Prix
77,43.0,0 days 00:01:08.421000,1,True,Austrian Grand Prix
77,44.0,0 days 00:01:08.279000,1,True,Austrian Grand Prix
77,45.0,0 days 00:01:08.422000,1,True,Austrian Grand Prix
77,46.0,0 days 00:01:08.351000,1,True,Austrian Grand Prix
77,47.0,0 days 00:01:15.384000,24,False,Austrian Grand Prix
77,48.0,0 days 00:01:55.395000,4,False,Austrian Grand Prix
77,49.0,0 days 00:02:00.100000,4,False,Austrian Grand Prix
77,50.0,0 days 00:01:40.093000,4,False,Austrian Grand Prix
77,51.0,0 days 00:01:36.079000,24,False,Austrian Grand Prix
77,52.0,0 days 00:01:54.808000,4,False,Austrian Grand Prix
77,53.0,0 days 00:01:57.837000,4,False,Austrian Grand Prix
77,54.0,0 days 00:01:49.815000,4,False,Austrian Grand Prix
77,55.0,0 days 00:01:42.625000,4,False,Austrian Grand Prix
77,56.0,0 days 00:01:38.546000,4,False,Austrian Grand Prix
77,57.0,0 days 00:01:08.204000,1,False,Austrian Grand Prix
77,58.0,0 days 00:01:08.378000,1,True,Austrian Grand Prix
77,59.0,0 days 00:01:08.062000,1,True,Austrian Grand Prix
77,60.0,0 days 00:01:08.174000,1,True,Austrian Grand Prix
77,61.0,0 days 00:01:08.238000,1,True,Austrian Grand Prix
77,62.0,0 days 00:01:08.199000,1,True,Austrian Grand Prix
77,63.0,0 days 00:01:08.023000,1,True,Austrian Grand Prix
77,64.0,0 days 00:01:07.657000,1,True,Austrian Grand Prix
77,65.0,0 days 00:01:10.046000,2,True,Austrian Grand Prix
77,66.0,0 days 00:01:08.200000,2,True,Austrian Grand Prix
77,67.0,0 days 00:01:08.412000,1,True,Austrian Grand Prix
77,68.0,,,False,Austrian Grand Prix
8,1.0,0 days 00:01:21.365000,1,False,Austrian Grand Prix
8,2.0,0 days 00:01:13.534000,1,True,Austrian Grand Prix
8,3.0,0 days 00:01:12.183000,1,True,Austrian Grand Prix
8,4.0,0 days 00:01:11.576000,1,True,Austrian Grand Prix
8,5.0,0 days 00:01:11.829000,1,True,Austrian Grand Prix
8,6.0,0 days 00:01:11.868000,1,True,Austrian Grand Prix
8,7.0,0 days 00:01:11.904000,1,True,Austrian Grand Prix
8,8.0,0 days 00:01:12.008000,1,True,Austrian Grand Prix
8,9.0,0 days 00:01:11.437000,1,False,Austrian Grand Prix
8,10.0,0 days 00:01:11.377000,1,True,Austrian Grand Prix
8,11.0,0 days 00:01:11.224000,1,True,Austrian Grand Prix
8,12.0,0 days 00:01:11.554000,1,True,Austrian Grand Prix
8,13.0,0 days 00:01:11.526000,1,True,Austrian Grand Prix
8,14.0,0 days 00:01:11.243000,1,True,Austrian Grand Prix
8,15.0,0 days 00:01:25.870000,1,False,Austrian Grand Prix
8,16.0,0 days 00:01:32.297000,1,False,Austrian Grand Prix
8,17.0,0 days 00:01:12.924000,1,True,Austrian Grand Prix
8,18.0,0 days 00:01:14.399000,1,True,Austrian Grand Prix
8,19.0,0 days 00:01:11.061000,1,True,Austrian Grand Prix
8,20.0,0 days 00:01:31.223000,2,True,Austrian Grand Prix
8,21.0,0 days 00:01:35.554000,1,True,Austrian Grand Prix
8,22.0,0 days 00:01:44.706000,1,True,Austrian Grand Prix
8,23.0,0 days 00:01:32.143000,24,False,Austrian Grand Prix
8,24.0,0 days 00:01:11.366000,4,False,Austrian Grand Prix
8,25.0,0 days 00:01:11.083000,4,False,Austrian Grand Prix
8,26.0,0 days 00:01:11.070000,4,False,Austrian Grand Prix
8,27.0,0 days 00:01:10.909000,4,False,Austrian Grand Prix
8,28.0,0 days 00:01:11.264000,4,False,Austrian Grand Prix
8,29.0,0 days 00:01:10.376000,4,False,Austrian Grand Prix
8,30.0,0 days 00:01:10.726000,4,False,Austrian Grand Prix
8,31.0,0 days 00:01:12.430000,2,False,Austrian Grand Prix
8,32.0,0 days 00:01:10.681000,1,True,Austrian Grand Prix
8,33.0,0 days 00:01:10.403000,1,True,Austrian Grand Prix
8,34.0,0 days 00:01:10.940000,1,True,Austrian Grand Prix
8,35.0,0 days 00:01:10.567000,1,True,Austrian Grand Prix
8,36.0,0 days 00:01:10.342000,1,True,Austrian Grand Prix
8,37.0,0 days 00:01:10.339000,1,True,Austrian Grand Prix
8,38.0,0 days 00:01:10.305000,1,True,Austrian Grand Prix
8,39.0,0 days 00:01:10.360000,1,True,Austrian Grand Prix
8,40.0,0 days 00:01:10.476000,1,True,Austrian Grand Prix
8,41.0,0 days 00:01:10.228000,1,True,Austrian Grand Prix
8,42.0,0 days 00:01:10.261000,1,True,Austrian Grand Prix
8,43.0,0 days 00:01:11.175000,1,True,Austrian Grand Prix
8,44.0,0 days 00:02:06.287000,1,False,Austrian Grand Prix
99,1.0,0 days 00:01:20.013000,1,False,Austrian Grand Prix
99,2.0,0 days 00:01:12.959000,1,True,Austrian Grand Prix
99,3.0,0 days 00:01:11.633000,1,True,Austrian Grand Prix
99,4.0,0 days 00:01:11.482000,1,True,Austrian Grand Prix
99,5.0,0 days 00:01:11.848000,1,True,Austrian Grand Prix
99,6.0,0 days 00:01:12.479000,1,True,Austrian Grand Prix
99,7.0,0 days 00:01:11.830000,1,True,Austrian Grand Prix
99,8.0,0 days 00:01:11.584000,1,True,Austrian Grand Prix
99,9.0,0 days 00:01:10.987000,1,False,Austrian Grand Prix
99,10.0,0 days 00:01:12.546000,1,True,Austrian Grand Prix
99,11.0,0 days 00:01:11.406000,1,True,Austrian Grand Prix
99,12.0,0 days 00:01:11.093000,1,True,Austrian Grand Prix
99,13.0,0 days 00:01:12.451000,1,True,Austrian Grand Prix
99,14.0,0 days 00:01:11.027000,1,True,Austrian Grand Prix
99,15.0,0 days 00:01:11.030000,2,True,Austrian Grand Prix
99,16.0,0 days 00:01:11.165000,1,True,Austrian Grand Prix
99,17.0,0 days 00:01:10.867000,1,True,Austrian Grand Prix
99,18.0,0 days 00:01:10.902000,1,True,Austrian Grand Prix
99,19.0,0 days 00:01:10.971000,1,True,Austrian Grand Prix
99,20.0,0 days 00:01:18.971000,24,False,Austrian Grand Prix
99,21.0,0 days 00:02:17.383000,4,False,Austrian Grand Prix
99,22.0,0 days 00:01:24.006000,4,False,Austrian Grand Prix
99,23.0,0 days 00:01:13.014000,4,False,Austrian Grand Prix
99,24.0,0 days 00:01:29.540000,4,False,Austrian Grand Prix
99,25.0,0 days 00:01:43.562000,4,False,Austrian Grand Prix
99,26.0,0 days 00:01:11.026000,2,False,Austrian Grand Prix
99,27.0,0 days 00:01:10.785000,1,True,Austrian Grand Prix
99,28.0,0 days 00:01:10.152000,1,True,Austrian Grand Prix
99,29.0,0 days 00:01:10.073000,1,True,Austrian Grand Prix
99,30.0,0 days 00:01:10.300000,1,True,Austrian Grand Prix
99,31.0,0 days 00:01:10.412000,1,True,Austrian Grand Prix
99,32.0,0 days 00:01:10.325000,1,True,Austrian Grand Prix
99,33.0,0 days 00:01:10.150000,1,True,Austrian Grand Prix
99,34.0,0 days 00:01:10.111000,1,True,Austrian Grand Prix
99,35.0,0 days 00:01:10.321000,1,True,Austrian Grand Prix
99,36.0,0 days 00:01:09.992000,1,True,Austrian Grand Prix
99,37.0,0 days 00:01:09.939000,1,True,Austrian Grand Prix
99,38.0,0 days 00:01:09.654000,1,True,Austrian Grand Prix
99,39.0,0 days 00:01:09.830000,1,True,Austrian Grand Prix
99,40.0,0 days 00:01:09.894000,1,True,Austrian Grand Prix
99,41.0,0 days 00:01:09.525000,1,True,Austrian Grand Prix
99,42.0,0 days 00:01:09.211000,1,True,Austrian Grand Prix
99,43.0,0 days 00:01:09.436000,1,True,Austrian Grand Prix
99,44.0,0 days 00:01:09.372000,1,True,Austrian Grand Prix
99,45.0,0 days 00:01:09.232000,1,True,Austrian Grand Prix
99,46.0,0 days 00:01:28.519000,24,False,Austrian Grand Prix
99,47.0,0 days 00:01:35.510000,4,False,Austrian Grand Prix
99,48.0,0 days 00:01:40.907000,4,False,Austrian Grand Prix
99,49.0,0 days 00:01:31.917000,42,False,Austrian Grand Prix
99,50.0,0 days 00:01:41.434000,24,False,Austrian Grand Prix
99,51.0,0 days 00:02:02.702000,4,False,Austrian Grand Prix
99,52.0,0 days 00:01:52.419000,4,False,Austrian Grand Prix
99,53.0,0 days 00:01:50.349000,4,False,Austrian Grand Prix
99,54.0,0 days 00:01:44.390000,4,False,Austrian Grand Prix
99,55.0,0 days 00:01:28.209000,4,False,Austrian Grand Prix
99,56.0,0 days 00:01:11.187000,1,False,Austrian Grand Prix
99,57.0,0 days 00:01:10.533000,1,True,Austrian Grand Prix
99,58.0,0 days 00:01:09.235000,1,True,Austrian Grand Prix
99,59.0,0 days 00:01:10.749000,1,True,Austrian Grand Prix
99,60.0,0 days 00:01:10.404000,1,True,Austrian Grand Prix
99,61.0,0 days 00:01:10.726000,1,True,Austrian Grand Prix
99,62.0,0 days 00:01:08.893000,1,True,Austrian Grand Prix
99,63.0,0 days 00:01:09.141000,2,True,Austrian Grand Prix
99,64.0,0 days 00:01:09.167000,2,True,Austrian Grand Prix
99,65.0,0 days 00:01:08.796000,2,True,Austrian Grand Prix
99,66.0,0 days 00:01:09.178000,1,True,Austrian Grand Prix
44,1.0,0 days 00:01:18.184000,4,False,Styrian Grand Prix
44,2.0,0 days 00:02:05.472000,4,False,Styrian Grand Prix
44,3.0,0 days 00:01:47.600000,4,False,Styrian Grand Prix
44,4.0,0 days 00:01:08.631000,2,False,Styrian Grand Prix
44,5.0,0 days 00:01:08.968000,1,True,Styrian Grand Prix
44,6.0,0 days 00:01:08.897000,1,True,Styrian Grand Prix
44,7.0,0 days 00:01:08.610000,1,True,Styrian Grand Prix
44,8.0,0 days 00:01:08.581000,1,True,Styrian Grand Prix
44,9.0,0 days 00:01:08.845000,1,True,Styrian Grand Prix
44,10.0,0 days 00:01:08.774000,1,True,Styrian Grand Prix
44,11.0,0 days 00:01:09.012000,1,True,Styrian Grand Prix
44,12.0,0 days 00:01:08.653000,1,True,Styrian Grand Prix
44,13.0,0 days 00:01:08.484000,1,True,Styrian Grand Prix
44,14.0,0 days 00:01:08.850000,1,True,Styrian Grand Prix
44,15.0,0 days 00:01:08.561000,1,True,Styrian Grand Prix
44,16.0,0 days 00:01:08.552000,1,True,Styrian Grand Prix
44,17.0,0 days 00:01:08.813000,1,True,Styrian Grand Prix
44,18.0,0 days 00:01:08.491000,1,True,Styrian Grand Prix
44,19.0,0 days 00:01:08.385000,1,True,Styrian Grand Prix
44,20.0,0 days 00:01:08.183000,1,True,Styrian Grand Prix
44,21.0,0 days 00:01:08.419000,1,True,Styrian Grand Prix
44,22.0,0 days 00:01:08.319000,1,True,Styrian Grand Prix
44,23.0,0 days 00:01:08.782000,1,True,Styrian Grand Prix
44,24.0,0 days 00:01:08.539000,1,True,Styrian Grand Prix
44,25.0,0 days 00:01:08.404000,1,True,Styrian Grand Prix
44,26.0,0 days 00:01:08.482000,1,True,Styrian Grand Prix
44,27.0,0 days 00:01:11.845000,1,False,Styrian Grand Prix
44,28.0,0 days 00:01:25.661000,1,False,Styrian Grand Prix
44,29.0,0 days 00:01:07.863000,1,True,Styrian Grand Prix
44,30.0,0 days 00:01:08.071000,1,True,Styrian Grand Prix
44,31.0,0 days 00:01:08.135000,1,True,Styrian Grand Prix
44,32.0,0 days 00:01:08.033000,1,True,Styrian Grand Prix
44,33.0,0 days 00:01:07.897000,1,True,Styrian Grand Prix
44,34.0,0 days 00:01:08.094000,1,True,Styrian Grand Prix
44,35.0,0 days 00:01:08.409000,1,True,Styrian Grand Prix
44,36.0,0 days 00:01:07.950000,1,True,Styrian Grand Prix
44,37.0,0 days 00:01:07.876000,1,True,Styrian Grand Prix
44,38.0,0 days 00:01:08.467000,1,True,Styrian Grand Prix
44,39.0,0 days 00:01:07.651000,1,True,Styrian Grand Prix
44,40.0,0 days 00:01:08.040000,1,True,Styrian Grand Prix
44,41.0,0 days 00:01:07.864000,1,True,Styrian Grand Prix
44,42.0,0 days 00:01:08.157000,1,True,Styrian Grand Prix
44,43.0,0 days 00:01:07.744000,1,True,Styrian Grand Prix
44,44.0,0 days 00:01:07.953000,1,True,Styrian Grand Prix
44,45.0,0 days 00:01:08.286000,1,True,Styrian Grand Prix
44,46.0,0 days 00:01:08.470000,1,True,Styrian Grand Prix
44,47.0,0 days 00:01:08.063000,1,True,Styrian Grand Prix
44,48.0,0 days 00:01:08.169000,1,True,Styrian Grand Prix
44,49.0,0 days 00:01:08.182000,1,True,Styrian Grand Prix
44,50.0,0 days 00:01:08.058000,1,True,Styrian Grand Prix
44,51.0,0 days 00:01:07.935000,1,True,Styrian Grand Prix
44,52.0,0 days 00:01:08.032000,1,True,Styrian Grand Prix
44,53.0,0 days 00:01:07.983000,1,True,Styrian Grand Prix
44,54.0,0 days 00:01:07.962000,1,True,Styrian Grand Prix
44,55.0,0 days 00:01:07.767000,1,True,Styrian Grand Prix
44,56.0,0 days 00:01:07.895000,1,True,Styrian Grand Prix
44,57.0,0 days 00:01:08.015000,1,True,Styrian Grand Prix
44,58.0,0 days 00:01:07.977000,1,True,Styrian Grand Prix
44,59.0,0 days 00:01:08.133000,1,True,Styrian Grand Prix
44,60.0,0 days 00:01:07.929000,1,True,Styrian Grand Prix
44,61.0,0 days 00:01:08.209000,1,True,Styrian Grand Prix
44,62.0,0 days 00:01:07.781000,1,True,Styrian Grand Prix
44,63.0,0 days 00:01:07.664000,1,True,Styrian Grand Prix
44,64.0,0 days 00:01:07.704000,1,True,Styrian Grand Prix
44,65.0,0 days 00:01:09.083000,1,True,Styrian Grand Prix
44,66.0,0 days 00:01:07.018000,1,True,Styrian Grand Prix
44,67.0,0 days 00:01:07.834000,1,True,Styrian Grand Prix
44,68.0,0 days 00:01:06.719000,1,True,Styrian Grand Prix
44,69.0,0 days 00:01:08.124000,1,True,Styrian Grand Prix
44,70.0,0 days 00:01:08.162000,1,True,Styrian Grand Prix
44,71.0,0 days 00:01:08.328000,1,True,Styrian Grand Prix
77,1.0,0 days 00:01:25.391000,4,False,Styrian Grand Prix
77,2.0,0 days 00:02:01.395000,4,False,Styrian Grand Prix
77,3.0,0 days 00:01:46.190000,4,False,Styrian Grand Prix
77,4.0,0 days 00:01:10.776000,2,False,Styrian Grand Prix
77,5.0,0 days 00:01:10.607000,1,True,Styrian Grand Prix
77,6.0,0 days 00:01:09.311000,1,True,Styrian Grand Prix
77,7.0,0 days 00:01:09.189000,1,True,Styrian Grand Prix
77,8.0,0 days 00:01:08.960000,1,True,Styrian Grand Prix
77,9.0,0 days 00:01:08.656000,1,True,Styrian Grand Prix
77,10.0,0 days 00:01:08.683000,1,True,Styrian Grand Prix
77,11.0,0 days 00:01:08.806000,1,True,Styrian Grand Prix
77,12.0,0 days 00:01:08.531000,1,True,Styrian Grand Prix
77,13.0,0 days 00:01:08.907000,1,True,Styrian Grand Prix
77,14.0,0 days 00:01:08.703000,1,True,Styrian Grand Prix
77,15.0,0 days 00:01:08.670000,1,True,Styrian Grand Prix
77,16.0,0 days 00:01:08.557000,1,True,Styrian Grand Prix
77,17.0,0 days 00:01:08.737000,1,True,Styrian Grand Prix
77,18.0,0 days 00:01:08.742000,1,True,Styrian Grand Prix
77,19.0,0 days 00:01:08.724000,1,True,Styrian Grand Prix
77,20.0,0 days 00:01:08.433000,1,True,Styrian Grand Prix
77,21.0,0 days 00:01:08.614000,1,True,Styrian Grand Prix
77,22.0,0 days 00:01:08.439000,1,True,Styrian Grand Prix
77,23.0,0 days 00:01:08.738000,1,True,Styrian Grand Prix
77,24.0,0 days 00:01:08.831000,1,True,Styrian Grand Prix
77,25.0,0 days 00:01:08.813000,1,True,Styrian Grand Prix
77,26.0,0 days 00:01:08.477000,1,True,Styrian Grand Prix
77,27.0,0 days 00:01:08.748000,1,True,Styrian Grand Prix
77,28.0,0 days 00:01:08.386000,1,True,Styrian Grand Prix
77,29.0,0 days 00:01:08.540000,1,True,Styrian Grand Prix
77,30.0,0 days 00:01:08.751000,1,True,Styrian Grand Prix
77,31.0,0 days 00:01:08.559000,1,True,Styrian Grand Prix
77,32.0,0 days 00:01:08.754000,1,True,Styrian Grand Prix
77,33.0,0 days 00:01:08.792000,1,True,Styrian Grand Prix
77,34.0,0 days 00:01:12.773000,1,False,Styrian Grand Prix
77,35.0,0 days 00:01:25.416000,1,False,Styrian Grand Prix
77,36.0,0 days 00:01:08.026000,1,True,Styrian Grand Prix
77,37.0,0 days 00:01:07.998000,1,True,Styrian Grand Prix
77,38.0,0 days 00:01:07.966000,1,True,Styrian Grand Prix
77,39.0,0 days 00:01:07.628000,1,True,Styrian Grand Prix
77,40.0,0 days 00:01:07.591000,1,True,Styrian Grand Prix
77,41.0,0 days 00:01:07.655000,1,True,Styrian Grand Prix
77,42.0,0 days 00:01:07.820000,1,True,Styrian Grand Prix
77,43.0,0 days 00:01:07.678000,1,True,Styrian Grand Prix
77,44.0,0 days 00:01:08.300000,1,True,Styrian Grand Prix
77,45.0,0 days 00:01:08.587000,1,True,Styrian Grand Prix
77,46.0,0 days 00:01:09.014000,1,True,Styrian Grand Prix
77,47.0,0 days 00:01:08.170000,1,True,Styrian Grand Prix
77,48.0,0 days 00:01:09.009000,1,True,Styrian Grand Prix
77,49.0,0 days 00:01:08.752000,1,True,Styrian Grand Prix
77,50.0,0 days 00:01:08.119000,1,True,Styrian Grand Prix
77,51.0,0 days 00:01:07.618000,1,True,Styrian Grand Prix
77,52.0,0 days 00:01:07.849000,1,True,Styrian Grand Prix
77,53.0,0 days 00:01:07.716000,1,True,Styrian Grand Prix
77,54.0,0 days 00:01:07.731000,1,True,Styrian Grand Prix
77,55.0,0 days 00:01:07.631000,1,True,Styrian Grand Prix
77,56.0,0 days 00:01:07.833000,1,True,Styrian Grand Prix
77,57.0,0 days 00:01:07.789000,1,True,Styrian Grand Prix
77,58.0,0 days 00:01:07.813000,1,True,Styrian Grand Prix
77,59.0,0 days 00:01:07.749000,1,True,Styrian Grand Prix
77,60.0,0 days 00:01:07.816000,1,True,Styrian Grand Prix
77,61.0,0 days 00:01:07.666000,1,True,Styrian Grand Prix
77,62.0,0 days 00:01:07.534000,1,True,Styrian Grand Prix
77,63.0,0 days 00:01:07.785000,1,True,Styrian Grand Prix
77,64.0,0 days 00:01:07.750000,1,True,Styrian Grand Prix
77,65.0,0 days 00:01:07.691000,1,True,Styrian Grand Prix
77,66.0,0 days 00:01:08.847000,1,True,Styrian Grand Prix
77,67.0,0 days 00:01:09.184000,1,True,Styrian Grand Prix
77,68.0,0 days 00:01:07.939000,1,True,Styrian Grand Prix
77,69.0,0 days 00:01:07.618000,1,True,Styrian Grand Prix
77,70.0,0 days 00:01:07.807000,1,True,Styrian Grand Prix
77,71.0,0 days 00:01:08.124000,1,True,Styrian Grand Prix
33,1.0,0 days 00:01:21.063000,4,False,Styrian Grand Prix
33,2.0,0 days 00:02:03.866000,4,False,Styrian Grand Prix
33,3.0,0 days 00:01:46.919000,4,False,Styrian Grand Prix
33,4.0,0 days 00:01:09.382000,2,False,Styrian Grand Prix
33,5.0,0 days 00:01:09.086000,1,True,Styrian Grand Prix
33,6.0,0 days 00:01:08.993000,1,True,Styrian Grand Prix
33,7.0,0 days 00:01:09.084000,1,True,Styrian Grand Prix
33,8.0,0 days 00:01:09.065000,1,True,Styrian Grand Prix
33,9.0,0 days 00:01:08.925000,1,True,Styrian Grand Prix
33,10.0,0 days 00:01:08.836000,1,True,Styrian Grand Prix
33,11.0,0 days 00:01:08.798000,1,True,Styrian Grand Prix
33,12.0,0 days 00:01:08.693000,1,True,Styrian Grand Prix
33,13.0,0 days 00:01:08.889000,1,True,Styrian Grand Prix
33,14.0,0 days 00:01:08.763000,1,True,Styrian Grand Prix
33,15.0,0 days 00:01:08.888000,1,True,Styrian Grand Prix
33,16.0,0 days 00:01:08.853000,1,True,Styrian Grand Prix
33,17.0,0 days 00:01:08.839000,1,True,Styrian Grand Prix
33,18.0,0 days 00:01:08.801000,1,True,Styrian Grand Prix
33,19.0,0 days 00:01:08.725000,1,True,Styrian Grand Prix
33,20.0,0 days 00:01:08.820000,1,True,Styrian Grand Prix
33,21.0,0 days 00:01:08.831000,1,True,Styrian Grand Prix
33,22.0,0 days 00:01:08.700000,1,True,Styrian Grand Prix
33,23.0,0 days 00:01:08.887000,1,True,Styrian Grand Prix
33,24.0,0 days 00:01:12.205000,1,False,Styrian Grand Prix
33,25.0,0 days 00:01:24.818000,1,False,Styrian Grand Prix
33,26.0,0 days 00:01:08.248000,1,True,Styrian Grand Prix
33,27.0,0 days 00:01:08.466000,1,True,Styrian Grand Prix
33,28.0,0 days 00:01:08.376000,1,True,Styrian Grand Prix
33,29.0,0 days 00:01:08.069000,1,True,Styrian Grand Prix
33,30.0,0 days 00:01:08.112000,1,True,Styrian Grand Prix
33,31.0,0 days 00:01:08.133000,1,True,Styrian Grand Prix
33,32.0,0 days 00:01:08.234000,1,True,Styrian Grand Prix
33,33.0,0 days 00:01:08.015000,1,True,Styrian Grand Prix
33,34.0,0 days 00:01:07.901000,1,True,Styrian Grand Prix
33,35.0,0 days 00:01:08.049000,1,True,Styrian Grand Prix
33,36.0,0 days 00:01:07.972000,1,True,Styrian Grand Prix
33,37.0,0 days 00:01:07.909000,1,True,Styrian Grand Prix
33,38.0,0 days 00:01:08.041000,1,True,Styrian Grand Prix
33,39.0,0 days 00:01:08.164000,1,True,Styrian Grand Prix
33,40.0,0 days 00:01:08.041000,1,True,Styrian Grand Prix
33,41.0,0 days 00:01:08.148000,1,True,Styrian Grand Prix
33,42.0,0 days 00:01:07.810000,1,True,Styrian Grand Prix
33,43.0,0 days 00:01:08.029000,1,True,Styrian Grand Prix
33,44.0,0 days 00:01:08.120000,1,True,Styrian Grand Prix
33,45.0,0 days 00:01:07.984000,1,True,Styrian Grand Prix
33,46.0,0 days 00:01:08.236000,1,True,Styrian Grand Prix
33,47.0,0 days 00:01:08.105000,1,True,Styrian Grand Prix
33,48.0,0 days 00:01:08.121000,1,True,Styrian Grand Prix
33,49.0,0 days 00:01:08.238000,1,True,Styrian Grand Prix
33,50.0,0 days 00:01:08.191000,1,True,Styrian Grand Prix
33,51.0,0 days 00:01:08.328000,1,True,Styrian Grand Prix
33,52.0,0 days 00:01:08.340000,1,True,Styrian Grand Prix
33,53.0,0 days 00:01:08.174000,1,True,Styrian Grand Prix
33,54.0,0 days 00:01:08.192000,1,True,Styrian Grand Prix
33,55.0,0 days 00:01:08.149000,1,True,Styrian Grand Prix
33,56.0,0 days 00:01:07.962000,1,True,Styrian Grand Prix
33,57.0,0 days 00:01:08.556000,1,True,Styrian Grand Prix
33,58.0,0 days 00:01:08.394000,1,True,Styrian Grand Prix
33,59.0,0 days 00:01:08.224000,1,True,Styrian Grand Prix
33,60.0,0 days 00:01:08.692000,1,True,Styrian Grand Prix
33,61.0,0 days 00:01:08.270000,1,True,Styrian Grand Prix
33,62.0,0 days 00:01:08.125000,1,True,Styrian Grand Prix
33,63.0,0 days 00:01:08.345000,1,True,Styrian Grand Prix
33,64.0,0 days 00:01:08.501000,1,True,Styrian Grand Prix
33,65.0,0 days 00:01:08.532000,1,True,Styrian Grand Prix
33,66.0,0 days 00:01:08.956000,1,True,Styrian Grand Prix
33,67.0,0 days 00:01:10.794000,1,True,Styrian Grand Prix
33,68.0,0 days 00:01:12.203000,1,False,Styrian Grand Prix
33,69.0,0 days 00:01:25.459000,1,False,Styrian Grand Prix
33,70.0,0 days 00:01:06.145000,1,True,Styrian Grand Prix
33,71.0,0 days 00:01:06.599000,1,True,Styrian Grand Prix
23,1.0,0 days 00:01:27.279000,4,False,Styrian Grand Prix
23,2.0,0 days 00:02:00.714000,4,False,Styrian Grand Prix
23,3.0,0 days 00:01:45.619000,4,False,Styrian Grand Prix
23,4.0,0 days 00:01:11.008000,2,False,Styrian Grand Prix
23,5.0,0 days 00:01:10.745000,1,True,Styrian Grand Prix
23,6.0,0 days 00:01:10.549000,1,True,Styrian Grand Prix
23,7.0,0 days 00:01:10.405000,1,True,Styrian Grand Prix
23,8.0,0 days 00:01:09.748000,1,True,Styrian Grand Prix
23,9.0,0 days 00:01:09.707000,1,True,Styrian Grand Prix
23,10.0,0 days 00:01:09.800000,1,True,Styrian Grand Prix
23,11.0,0 days 00:01:09.742000,1,True,Styrian Grand Prix
23,12.0,0 days 00:01:09.632000,1,True,Styrian Grand Prix
23,13.0,0 days 00:01:09.703000,1,True,Styrian Grand Prix
23,14.0,0 days 00:01:09.771000,1,True,Styrian Grand Prix
23,15.0,0 days 00:01:09.979000,1,True,Styrian Grand Prix
23,16.0,0 days 00:01:09.589000,1,True,Styrian Grand Prix
23,17.0,0 days 00:01:09.640000,1,True,Styrian Grand Prix
23,18.0,0 days 00:01:09.590000,1,True,Styrian Grand Prix
23,19.0,0 days 00:01:09.786000,1,True,Styrian Grand Prix
23,20.0,0 days 00:01:09.355000,1,True,Styrian Grand Prix
23,21.0,0 days 00:01:09.819000,1,True,Styrian Grand Prix
23,22.0,0 days 00:01:09.634000,1,True,Styrian Grand Prix
23,23.0,0 days 00:01:09.495000,1,True,Styrian Grand Prix
23,24.0,0 days 00:01:09.446000,1,True,Styrian Grand Prix
23,25.0,0 days 00:01:09.595000,1,True,Styrian Grand Prix
23,26.0,0 days 00:01:09.441000,1,True,Styrian Grand Prix
23,27.0,0 days 00:01:09.360000,1,True,Styrian Grand Prix
23,28.0,0 days 00:01:09.205000,1,True,Styrian Grand Prix
23,29.0,0 days 00:01:09.045000,1,True,Styrian Grand Prix
23,30.0,0 days 00:01:08.948000,1,True,Styrian Grand Prix
23,31.0,0 days 00:01:08.973000,1,True,Styrian Grand Prix
23,32.0,0 days 00:01:08.964000,1,True,Styrian Grand Prix
23,33.0,0 days 00:01:08.746000,1,True,Styrian Grand Prix
23,34.0,0 days 00:01:08.893000,1,True,Styrian Grand Prix
23,35.0,0 days 00:01:12.843000,1,False,Styrian Grand Prix
23,36.0,0 days 00:01:27.167000,1,False,Styrian Grand Prix
23,37.0,0 days 00:01:08.193000,1,True,Styrian Grand Prix
23,38.0,0 days 00:01:08.269000,1,True,Styrian Grand Prix
23,39.0,0 days 00:01:08.141000,1,True,Styrian Grand Prix
23,40.0,0 days 00:01:08.358000,1,True,Styrian Grand Prix
23,41.0,0 days 00:01:08.243000,1,True,Styrian Grand Prix
23,42.0,0 days 00:01:08.251000,1,True,Styrian Grand Prix
23,43.0,0 days 00:01:08.460000,1,True,Styrian Grand Prix
23,44.0,0 days 00:01:08.561000,1,True,Styrian Grand Prix
23,45.0,0 days 00:01:08.701000,1,True,Styrian Grand Prix
23,46.0,0 days 00:01:08.872000,1,True,Styrian Grand Prix
23,47.0,0 days 00:01:08.886000,1,True,Styrian Grand Prix
23,48.0,0 days 00:01:08.904000,1,True,Styrian Grand Prix
23,49.0,0 days 00:01:08.622000,1,True,Styrian Grand Prix
23,50.0,0 days 00:01:08.521000,1,True,Styrian Grand Prix
23,51.0,0 days 00:01:08.305000,1,True,Styrian Grand Prix
23,52.0,0 days 00:01:08.234000,1,True,Styrian Grand Prix
23,53.0,0 days 00:01:07.961000,1,True,Styrian Grand Prix
23,54.0,0 days 00:01:08.141000,1,True,Styrian Grand Prix
23,55.0,0 days 00:01:08.375000,1,True,Styrian Grand Prix
23,56.0,0 days 00:01:08.237000,1,True,Styrian Grand Prix
23,57.0,0 days 00:01:08.176000,1,True,Styrian Grand Prix
23,58.0,0 days 00:01:07.671000,1,True,Styrian Grand Prix
23,59.0,0 days 00:01:07.645000,1,True,Styrian Grand Prix
23,60.0,0 days 00:01:07.656000,1,True,Styrian Grand Prix
23,61.0,0 days 00:01:07.512000,1,True,Styrian Grand Prix
23,62.0,0 days 00:01:07.520000,1,True,Styrian Grand Prix
23,63.0,0 days 00:01:07.449000,1,True,Styrian Grand Prix
23,64.0,0 days 00:01:07.519000,1,True,Styrian Grand Prix
23,65.0,0 days 00:01:07.330000,1,True,Styrian Grand Prix
23,66.0,0 days 00:01:07.347000,1,True,Styrian Grand Prix
23,67.0,0 days 00:01:07.299000,1,True,Styrian Grand Prix
23,68.0,0 days 00:01:07.109000,1,True,Styrian Grand Prix
23,69.0,0 days 00:01:08.175000,1,True,Styrian Grand Prix
23,70.0,0 days 00:01:07.869000,1,True,Styrian Grand Prix
23,71.0,0 days 00:01:08.636000,1,True,Styrian Grand Prix
4,1.0,0 days 00:01:34.458000,4,False,Styrian Grand Prix
4,2.0,0 days 00:01:58.343000,4,False,Styrian Grand Prix
4,3.0,0 days 00:01:42.241000,4,False,Styrian Grand Prix
4,4.0,0 days 00:01:12.229000,2,False,Styrian Grand Prix
4,5.0,0 days 00:01:11.819000,1,True,Styrian Grand Prix
4,6.0,0 days 00:01:10.560000,1,True,Styrian Grand Prix
4,7.0,0 days 00:01:10.321000,1,True,Styrian Grand Prix
4,8.0,0 days 00:01:10.560000,1,True,Styrian Grand Prix
4,9.0,0 days 00:01:10.501000,1,True,Styrian Grand Prix
4,10.0,0 days 00:01:10.386000,1,True,Styrian Grand Prix
4,11.0,0 days 00:01:10.294000,1,True,Styrian Grand Prix
4,12.0,0 days 00:01:10.393000,1,True,Styrian Grand Prix
4,13.0,0 days 00:01:09.631000,1,True,Styrian Grand Prix
4,14.0,0 days 00:01:11.545000,1,True,Styrian Grand Prix
4,15.0,0 days 00:01:10.197000,1,True,Styrian Grand Prix
4,16.0,0 days 00:01:10.089000,1,True,Styrian Grand Prix
4,17.0,0 days 00:01:10.254000,1,True,Styrian Grand Prix
4,18.0,0 days 00:01:10.199000,1,True,Styrian Grand Prix
4,19.0,0 days 00:01:10.417000,1,True,Styrian Grand Prix
4,20.0,0 days 00:01:10.181000,1,True,Styrian Grand Prix
4,21.0,0 days 00:01:08.901000,1,True,Styrian Grand Prix
4,22.0,0 days 00:01:09.875000,1,True,Styrian Grand Prix
4,23.0,0 days 00:01:09.789000,1,True,Styrian Grand Prix
4,24.0,0 days 00:01:09.415000,1,True,Styrian Grand Prix
4,25.0,0 days 00:01:09.746000,1,True,Styrian Grand Prix
4,26.0,0 days 00:01:09.550000,1,True,Styrian Grand Prix
4,27.0,0 days 00:01:09.219000,1,True,Styrian Grand Prix
4,28.0,0 days 00:01:09.042000,1,True,Styrian Grand Prix
4,29.0,0 days 00:01:09.294000,1,True,Styrian Grand Prix
4,30.0,0 days 00:01:09.282000,1,True,Styrian Grand Prix
4,31.0,0 days 00:01:09.236000,1,True,Styrian Grand Prix
4,32.0,0 days 00:01:09.313000,1,True,Styrian Grand Prix
4,33.0,0 days 00:01:09.014000,1,True,Styrian Grand Prix
4,34.0,0 days 00:01:09.242000,1,True,Styrian Grand Prix
4,35.0,0 days 00:01:09.097000,1,True,Styrian Grand Prix
4,36.0,0 days 00:01:09.219000,1,True,Styrian Grand Prix
4,37.0,0 days 00:01:09.412000,1,True,Styrian Grand Prix
4,38.0,0 days 00:01:09.337000,1,True,Styrian Grand Prix
4,39.0,0 days 00:01:12.959000,1,False,Styrian Grand Prix
4,40.0,0 days 00:01:27.871000,1,False,Styrian Grand Prix
4,41.0,0 days 00:01:08.652000,1,True,Styrian Grand Prix
4,42.0,0 days 00:01:08.002000,1,True,Styrian Grand Prix
4,43.0,0 days 00:01:08.087000,1,True,Styrian Grand Prix
4,44.0,0 days 00:01:08.436000,1,True,Styrian Grand Prix
4,45.0,0 days 00:01:09.289000,1,True,Styrian Grand Prix
4,46.0,0 days 00:01:08.611000,1,True,Styrian Grand Prix
4,47.0,0 days 00:01:08.087000,1,True,Styrian Grand Prix
4,48.0,0 days 00:01:08.138000,1,True,Styrian Grand Prix
4,49.0,0 days 00:01:08.125000,1,True,Styrian Grand Prix
4,50.0,0 days 00:01:08.159000,1,True,Styrian Grand Prix
4,51.0,0 days 00:01:08.181000,1,True,Styrian Grand Prix
4,52.0,0 days 00:01:08.068000,1,True,Styrian Grand Prix
4,53.0,0 days 00:01:07.812000,1,True,Styrian Grand Prix
4,54.0,0 days 00:01:07.846000,1,True,Styrian Grand Prix
4,55.0,0 days 00:01:07.928000,1,True,Styrian Grand Prix
4,56.0,0 days 00:01:07.910000,1,True,Styrian Grand Prix
4,57.0,0 days 00:01:08.122000,1,True,Styrian Grand Prix
4,58.0,0 days 00:01:07.870000,1,True,Styrian Grand Prix
4,59.0,0 days 00:01:07.769000,1,True,Styrian Grand Prix
4,60.0,0 days 00:01:08.626000,1,True,Styrian Grand Prix
4,61.0,0 days 00:01:07.854000,1,True,Styrian Grand Prix
4,62.0,0 days 00:01:07.697000,1,True,Styrian Grand Prix
4,63.0,0 days 00:01:07.864000,1,True,Styrian Grand Prix
4,64.0,0 days 00:01:07.286000,1,True,Styrian Grand Prix
4,65.0,0 days 00:01:07.578000,1,True,Styrian Grand Prix
4,66.0,0 days 00:01:07.193000,1,True,Styrian Grand Prix
4,67.0,0 days 00:01:07.572000,1,True,Styrian Grand Prix
4,68.0,0 days 00:01:07.491000,1,True,Styrian Grand Prix
4,69.0,0 days 00:01:07.889000,1,True,Styrian Grand Prix
4,70.0,0 days 00:01:08.613000,1,True,Styrian Grand Prix
4,71.0,0 days 00:01:07.967000,1,True,Styrian Grand Prix
11,1.0,0 days 00:01:41.190000,4,False,Styrian Grand Prix
11,2.0,0 days 00:01:59.148000,4,False,Styrian Grand Prix
11,3.0,0 days 00:01:37.229000,4,False,Styrian Grand Prix
11,4.0,0 days 00:01:11.533000,2,False,Styrian Grand Prix
11,5.0,0 days 00:01:11.241000,1,True,Styrian Grand Prix
11,6.0,0 days 00:01:09.872000,1,True,Styrian Grand Prix
11,7.0,0 days 00:01:10.541000,1,True,Styrian Grand Prix
11,8.0,0 days 00:01:10.304000,1,True,Styrian Grand Prix
11,9.0,0 days 00:01:10.585000,1,True,Styrian Grand Prix
11,10.0,0 days 00:01:10.326000,1,True,Styrian Grand Prix
11,11.0,0 days 00:01:10.306000,1,True,Styrian Grand Prix
11,12.0,0 days 00:01:10.431000,1,True,Styrian Grand Prix
11,13.0,0 days 00:01:09.738000,1,True,Styrian Grand Prix
11,14.0,0 days 00:01:09.611000,1,True,Styrian Grand Prix
11,15.0,0 days 00:01:10.106000,1,True,Styrian Grand Prix
11,16.0,0 days 00:01:10.189000,1,True,Styrian Grand Prix
11,17.0,0 days 00:01:10.226000,1,True,Styrian Grand Prix
11,18.0,0 days 00:01:09.542000,1,True,Styrian Grand Prix
11,19.0,0 days 00:01:09.716000,1,True,Styrian Grand Prix
11,20.0,0 days 00:01:09.688000,1,True,Styrian Grand Prix
11,21.0,0 days 00:01:09.609000,1,True,Styrian Grand Prix
11,22.0,0 days 00:01:09.455000,1,True,Styrian Grand Prix
11,23.0,0 days 00:01:09.439000,1,True,Styrian Grand Prix
11,24.0,0 days 00:01:09.226000,1,True,Styrian Grand Prix
11,25.0,0 days 00:01:09.574000,1,True,Styrian Grand Prix
11,26.0,0 days 00:01:09.241000,1,True,Styrian Grand Prix
11,27.0,0 days 00:01:09.036000,1,True,Styrian Grand Prix
11,28.0,0 days 00:01:09.130000,1,True,Styrian Grand Prix
11,29.0,0 days 00:01:08.932000,1,True,Styrian Grand Prix
11,30.0,0 days 00:01:09.099000,1,True,Styrian Grand Prix
11,31.0,0 days 00:01:09.059000,1,True,Styrian Grand Prix
11,32.0,0 days 00:01:09.190000,1,True,Styrian Grand Prix
11,33.0,0 days 00:01:09.131000,1,True,Styrian Grand Prix
11,34.0,0 days 00:01:08.664000,1,True,Styrian Grand Prix
11,35.0,0 days 00:01:08.610000,1,True,Styrian Grand Prix
11,36.0,0 days 00:01:08.733000,1,True,Styrian Grand Prix
11,37.0,0 days 00:01:08.662000,1,True,Styrian Grand Prix
11,38.0,0 days 00:01:11.860000,1,False,Styrian Grand Prix
11,39.0,0 days 00:01:26.407000,1,False,Styrian Grand Prix
11,40.0,0 days 00:01:07.972000,1,True,Styrian Grand Prix
11,41.0,0 days 00:01:08.102000,1,True,Styrian Grand Prix
11,42.0,0 days 00:01:08.047000,1,True,Styrian Grand Prix
11,43.0,0 days 00:01:08.020000,1,True,Styrian Grand Prix
11,44.0,0 days 00:01:08.218000,1,True,Styrian Grand Prix
11,45.0,0 days 00:01:08.663000,1,True,Styrian Grand Prix
11,46.0,0 days 00:01:08.350000,1,True,Styrian Grand Prix
11,47.0,0 days 00:01:08.262000,1,True,Styrian Grand Prix
11,48.0,0 days 00:01:09.061000,1,True,Styrian Grand Prix
11,49.0,0 days 00:01:08.037000,1,True,Styrian Grand Prix
11,50.0,0 days 00:01:07.578000,1,True,Styrian Grand Prix
11,51.0,0 days 00:01:07.513000,1,True,Styrian Grand Prix
11,52.0,0 days 00:01:07.542000,1,True,Styrian Grand Prix
11,53.0,0 days 00:01:07.547000,1,True,Styrian Grand Prix
11,54.0,0 days 00:01:07.410000,1,True,Styrian Grand Prix
11,55.0,0 days 00:01:07.697000,1,True,Styrian Grand Prix
11,56.0,0 days 00:01:08.082000,1,True,Styrian Grand Prix
11,57.0,0 days 00:01:08.476000,1,True,Styrian Grand Prix
11,58.0,0 days 00:01:07.715000,1,True,Styrian Grand Prix
11,59.0,0 days 00:01:07.689000,1,True,Styrian Grand Prix
11,60.0,0 days 00:01:07.586000,1,True,Styrian Grand Prix
11,61.0,0 days 00:01:07.715000,1,True,Styrian Grand Prix
11,62.0,0 days 00:01:07.396000,1,True,Styrian Grand Prix
11,63.0,0 days 00:01:07.413000,1,True,Styrian Grand Prix
11,64.0,0 days 00:01:07.590000,1,True,Styrian Grand Prix
11,65.0,0 days 00:01:07.286000,1,True,Styrian Grand Prix
11,66.0,0 days 00:01:07.362000,1,True,Styrian Grand Prix
11,67.0,0 days 00:01:07.339000,1,True,Styrian Grand Prix
11,68.0,0 days 00:01:07.188000,1,True,Styrian Grand Prix
11,69.0,0 days 00:01:10.026000,1,True,Styrian Grand Prix
11,70.0,0 days 00:01:13.760000,1,True,Styrian Grand Prix
11,71.0,0 days 00:01:17.849000,1,True,Styrian Grand Prix
18,1.0,0 days 00:01:35.274000,4,False,Styrian Grand Prix
18,2.0,0 days 00:01:58.807000,4,False,Styrian Grand Prix
18,3.0,0 days 00:01:41.123000,4,False,Styrian Grand Prix
18,4.0,0 days 00:01:12.360000,2,False,Styrian Grand Prix
18,5.0,0 days 00:01:10.658000,1,True,Styrian Grand Prix
18,6.0,0 days 00:01:10.808000,1,True,Styrian Grand Prix
18,7.0,0 days 00:01:10.268000,1,True,Styrian Grand Prix
18,8.0,0 days 00:01:10.483000,1,True,Styrian Grand Prix
18,9.0,0 days 00:01:10.332000,1,True,Styrian Grand Prix
18,10.0,0 days 00:01:10.479000,1,True,Styrian Grand Prix
18,11.0,0 days 00:01:10.347000,1,True,Styrian Grand Prix
18,12.0,0 days 00:01:09.791000,1,True,Styrian Grand Prix
18,13.0,0 days 00:01:09.885000,1,True,Styrian Grand Prix
18,14.0,0 days 00:01:10.024000,1,True,Styrian Grand Prix
18,15.0,0 days 00:01:10.046000,1,True,Styrian Grand Prix
18,16.0,0 days 00:01:10.595000,1,True,Styrian Grand Prix
18,17.0,0 days 00:01:09.403000,1,True,Styrian Grand Prix
18,18.0,0 days 00:01:09.919000,1,True,Styrian Grand Prix
18,19.0,0 days 00:01:09.694000,1,True,Styrian Grand Prix
18,20.0,0 days 00:01:09.635000,1,True,Styrian Grand Prix
18,21.0,0 days 00:01:09.651000,1,True,Styrian Grand Prix
18,22.0,0 days 00:01:09.436000,1,True,Styrian Grand Prix
18,23.0,0 days 00:01:09.536000,1,True,Styrian Grand Prix
18,24.0,0 days 00:01:09.227000,1,True,Styrian Grand Prix
18,25.0,0 days 00:01:09.439000,1,True,Styrian Grand Prix
18,26.0,0 days 00:01:09.176000,1,True,Styrian Grand Prix
18,27.0,0 days 00:01:09.084000,1,True,Styrian Grand Prix
18,28.0,0 days 00:01:09.387000,1,True,Styrian Grand Prix
18,29.0,0 days 00:01:09.067000,1,True,Styrian Grand Prix
18,30.0,0 days 00:01:09.339000,1,True,Styrian Grand Prix
18,31.0,0 days 00:01:09.216000,1,True,Styrian Grand Prix
18,32.0,0 days 00:01:09.158000,1,True,Styrian Grand Prix
18,33.0,0 days 00:01:12.456000,1,False,Styrian Grand Prix
18,34.0,0 days 00:01:25.635000,1,False,Styrian Grand Prix
18,35.0,0 days 00:01:08.879000,1,True,Styrian Grand Prix
18,36.0,0 days 00:01:09.149000,1,True,Styrian Grand Prix
18,37.0,0 days 00:01:08.205000,1,True,Styrian Grand Prix
18,38.0,0 days 00:01:08.355000,1,True,Styrian Grand Prix
18,39.0,0 days 00:01:08.373000,1,True,Styrian Grand Prix
18,40.0,0 days 00:01:08.204000,1,True,Styrian Grand Prix
18,41.0,0 days 00:01:08.288000,1,True,Styrian Grand Prix
18,42.0,0 days 00:01:08.335000,1,True,Styrian Grand Prix
18,43.0,0 days 00:01:08.170000,1,True,Styrian Grand Prix
18,44.0,0 days 00:01:08.426000,1,True,Styrian Grand Prix
18,45.0,0 days 00:01:10.166000,1,True,Styrian Grand Prix
18,46.0,0 days 00:01:08.826000,1,True,Styrian Grand Prix
18,47.0,0 days 00:01:08.648000,1,True,Styrian Grand Prix
18,48.0,0 days 00:01:09.116000,1,True,Styrian Grand Prix
18,49.0,0 days 00:01:08.562000,1,True,Styrian Grand Prix
18,50.0,0 days 00:01:08.879000,1,True,Styrian Grand Prix
18,51.0,0 days 00:01:08.630000,1,True,Styrian Grand Prix
18,52.0,0 days 00:01:08.644000,1,True,Styrian Grand Prix
18,53.0,0 days 00:01:08.639000,1,True,Styrian Grand Prix
18,54.0,0 days 00:01:08.233000,1,True,Styrian Grand Prix
18,55.0,0 days 00:01:08.412000,1,True,Styrian Grand Prix
18,56.0,0 days 00:01:08.282000,1,True,Styrian Grand Prix
18,57.0,0 days 00:01:08.509000,1,True,Styrian Grand Prix
18,58.0,0 days 00:01:08.485000,1,True,Styrian Grand Prix
18,59.0,0 days 00:01:08.306000,1,True,Styrian Grand Prix
18,60.0,0 days 00:01:08.406000,1,True,Styrian Grand Prix
18,61.0,0 days 00:01:07.931000,1,True,Styrian Grand Prix
18,62.0,0 days 00:01:08.281000,1,True,Styrian Grand Prix
18,63.0,0 days 00:01:08,1,True,Styrian Grand Prix
18,64.0,0 days 00:01:07.975000,1,True,Styrian Grand Prix
18,65.0,0 days 00:01:07.833000,1,True,Styrian Grand Prix
18,66.0,0 days 00:01:08.092000,1,True,Styrian Grand Prix
18,67.0,0 days 00:01:08.033000,1,True,Styrian Grand Prix
18,68.0,0 days 00:01:07.851000,1,True,Styrian Grand Prix
18,69.0,0 days 00:01:07.942000,1,True,Styrian Grand Prix
18,70.0,0 days 00:01:08.734000,1,True,Styrian Grand Prix
18,71.0,0 days 00:01:09.599000,1,True,Styrian Grand Prix
3,1.0,0 days 00:01:29.615000,4,False,Styrian Grand Prix
3,2.0,0 days 00:02:00.654000,4,False,Styrian Grand Prix
3,3.0,0 days 00:01:43.998000,4,False,Styrian Grand Prix
3,4.0,0 days 00:01:11.631000,2,False,Styrian Grand Prix
3,5.0,0 days 00:01:11.328000,1,True,Styrian Grand Prix
3,6.0,0 days 00:01:10.311000,1,True,Styrian Grand Prix
3,7.0,0 days 00:01:10.299000,1,True,Styrian Grand Prix
3,8.0,0 days 00:01:10.586000,1,True,Styrian Grand Prix
3,9.0,0 days 00:01:10.395000,1,True,Styrian Grand Prix
3,10.0,0 days 00:01:10.431000,1,True,Styrian Grand Prix
3,11.0,0 days 00:01:10.103000,1,True,Styrian Grand Prix
3,12.0,0 days 00:01:09.732000,1,True,Styrian Grand Prix
3,13.0,0 days 00:01:10.004000,1,True,Styrian Grand Prix
3,14.0,0 days 00:01:09.938000,1,True,Styrian Grand Prix
3,15.0,0 days 00:01:09.819000,1,True,Styrian Grand Prix
3,16.0,0 days 00:01:09.857000,1,True,Styrian Grand Prix
3,17.0,0 days 00:01:10.258000,1,True,Styrian Grand Prix
3,18.0,0 days 00:01:10.022000,1,True,Styrian Grand Prix
3,19.0,0 days 00:01:09.264000,1,True,Styrian Grand Prix
3,20.0,0 days 00:01:09.455000,1,True,Styrian Grand Prix
3,21.0,0 days 00:01:09.445000,1,True,Styrian Grand Prix
3,22.0,0 days 00:01:09.442000,1,True,Styrian Grand Prix
3,23.0,0 days 00:01:09.583000,1,True,Styrian Grand Prix
3,24.0,0 days 00:01:09.399000,1,True,Styrian Grand Prix
3,25.0,0 days 00:01:09.635000,1,True,Styrian Grand Prix
3,26.0,0 days 00:01:09.317000,1,True,Styrian Grand Prix
3,27.0,0 days 00:01:09.145000,1,True,Styrian Grand Prix
3,28.0,0 days 00:01:08.915000,1,True,Styrian Grand Prix
3,29.0,0 days 00:01:09.008000,1,True,Styrian Grand Prix
3,30.0,0 days 00:01:09.157000,1,True,Styrian Grand Prix
3,31.0,0 days 00:01:09.374000,1,True,Styrian Grand Prix
3,32.0,0 days 00:01:09.149000,1,True,Styrian Grand Prix
3,33.0,0 days 00:01:08.729000,1,True,Styrian Grand Prix
3,34.0,0 days 00:01:08.933000,1,True,Styrian Grand Prix
3,35.0,0 days 00:01:08.644000,1,True,Styrian Grand Prix
3,36.0,0 days 00:01:08.795000,1,True,Styrian Grand Prix
3,37.0,0 days 00:01:12.086000,1,False,Styrian Grand Prix
3,38.0,0 days 00:01:25.771000,1,False,Styrian Grand Prix
3,39.0,0 days 00:01:08.390000,1,True,Styrian Grand Prix
3,40.0,0 days 00:01:08.284000,1,True,Styrian Grand Prix
3,41.0,0 days 00:01:08.379000,1,True,Styrian Grand Prix
3,42.0,0 days 00:01:08.383000,1,True,Styrian Grand Prix
3,43.0,0 days 00:01:08.551000,1,True,Styrian Grand Prix
3,44.0,0 days 00:01:08.765000,1,True,Styrian Grand Prix
3,45.0,0 days 00:01:08.987000,1,True,Styrian Grand Prix
3,46.0,0 days 00:01:08.741000,1,True,Styrian Grand Prix
3,47.0,0 days 00:01:08.706000,1,True,Styrian Grand Prix
3,48.0,0 days 00:01:10.921000,1,True,Styrian Grand Prix
3,49.0,0 days 00:01:08.534000,1,True,Styrian Grand Prix
3,50.0,0 days 00:01:08.725000,1,True,Styrian Grand Prix
3,51.0,0 days 00:01:08.699000,1,True,Styrian Grand Prix
3,52.0,0 days 00:01:08.672000,1,True,Styrian Grand Prix
3,53.0,0 days 00:01:08.508000,1,True,Styrian Grand Prix
3,54.0,0 days 00:01:08.412000,1,True,Styrian Grand Prix
3,55.0,0 days 00:01:08.379000,1,True,Styrian Grand Prix
3,56.0,0 days 00:01:08.339000,1,True,Styrian Grand Prix
3,57.0,0 days 00:01:08.420000,1,True,Styrian Grand Prix
3,58.0,0 days 00:01:08.503000,1,True,Styrian Grand Prix
3,59.0,0 days 00:01:08.234000,1,True,Styrian Grand Prix
3,60.0,0 days 00:01:08.406000,1,True,Styrian Grand Prix
3,61.0,0 days 00:01:08.065000,1,True,Styrian Grand Prix
3,62.0,0 days 00:01:08.198000,1,True,Styrian Grand Prix
3,63.0,0 days 00:01:07.980000,1,True,Styrian Grand Prix
3,64.0,0 days 00:01:07.993000,1,True,Styrian Grand Prix
3,65.0,0 days 00:01:07.832000,1,True,Styrian Grand Prix
3,66.0,0 days 00:01:08.126000,1,True,Styrian Grand Prix
3,67.0,0 days 00:01:07.908000,1,True,Styrian Grand Prix
3,68.0,0 days 00:01:07.960000,1,True,Styrian Grand Prix
3,69.0,0 days 00:01:07.903000,1,True,Styrian Grand Prix
3,70.0,0 days 00:01:10.696000,1,True,Styrian Grand Prix
3,71.0,0 days 00:01:08.448000,1,True,Styrian Grand Prix
55,1.0,0 days 00:01:23.726000,4,False,Styrian Grand Prix
55,2.0,0 days 00:02:02.268000,4,False,Styrian Grand Prix
55,3.0,0 days 00:01:46.578000,4,False,Styrian Grand Prix
55,4.0,0 days 00:01:10.657000,2,False,Styrian Grand Prix
55,5.0,0 days 00:01:10.382000,1,True,Styrian Grand Prix
55,6.0,0 days 00:01:11.393000,1,True,Styrian Grand Prix
55,7.0,0 days 00:01:10.678000,1,True,Styrian Grand Prix
55,8.0,0 days 00:01:11.304000,1,True,Styrian Grand Prix
55,9.0,0 days 00:01:10.207000,1,True,Styrian Grand Prix
55,10.0,0 days 00:01:10.260000,1,True,Styrian Grand Prix
55,11.0,0 days 00:01:09.980000,1,True,Styrian Grand Prix
55,12.0,0 days 00:01:09.885000,1,True,Styrian Grand Prix
55,13.0,0 days 00:01:09.773000,1,True,Styrian Grand Prix
55,14.0,0 days 00:01:09.786000,1,True,Styrian Grand Prix
55,15.0,0 days 00:01:09.966000,1,True,Styrian Grand Prix
55,16.0,0 days 00:01:09.844000,1,True,Styrian Grand Prix
55,17.0,0 days 00:01:09.732000,1,True,Styrian Grand Prix
55,18.0,0 days 00:01:09.827000,1,True,Styrian Grand Prix
55,19.0,0 days 00:01:09.689000,1,True,Styrian Grand Prix
55,20.0,0 days 00:01:09.603000,1,True,Styrian Grand Prix
55,21.0,0 days 00:01:09.597000,1,True,Styrian Grand Prix
55,22.0,0 days 00:01:09.439000,1,True,Styrian Grand Prix
55,23.0,0 days 00:01:09.492000,1,True,Styrian Grand Prix
55,24.0,0 days 00:01:09.352000,1,True,Styrian Grand Prix
55,25.0,0 days 00:01:09.497000,1,True,Styrian Grand Prix
55,26.0,0 days 00:01:09.348000,1,True,Styrian Grand Prix
55,27.0,0 days 00:01:09.360000,1,True,Styrian Grand Prix
55,28.0,0 days 00:01:09.166000,1,True,Styrian Grand Prix
55,29.0,0 days 00:01:09.218000,1,True,Styrian Grand Prix
55,30.0,0 days 00:01:09.472000,1,True,Styrian Grand Prix
55,31.0,0 days 00:01:09.565000,1,True,Styrian Grand Prix
55,32.0,0 days 00:01:12.932000,1,False,Styrian Grand Prix
55,33.0,0 days 00:01:30.322000,1,False,Styrian Grand Prix
55,34.0,0 days 00:01:08.705000,1,True,Styrian Grand Prix
55,35.0,0 days 00:01:08.957000,1,True,Styrian Grand Prix
55,36.0,0 days 00:01:09.167000,1,True,Styrian Grand Prix
55,37.0,0 days 00:01:08.969000,1,True,Styrian Grand Prix
55,38.0,0 days 00:01:08.328000,1,True,Styrian Grand Prix
55,39.0,0 days 00:01:09.032000,1,True,Styrian Grand Prix
55,40.0,0 days 00:01:08.819000,1,True,Styrian Grand Prix
55,41.0,0 days 00:01:09.053000,1,True,Styrian Grand Prix
55,42.0,0 days 00:01:08.695000,1,True,Styrian Grand Prix
55,43.0,0 days 00:01:08.720000,1,True,Styrian Grand Prix
55,44.0,0 days 00:01:08.693000,1,True,Styrian Grand Prix
55,45.0,0 days 00:01:09.276000,1,True,Styrian Grand Prix
55,46.0,0 days 00:01:08.829000,1,True,Styrian Grand Prix
55,47.0,0 days 00:01:08.901000,1,True,Styrian Grand Prix
55,48.0,0 days 00:01:08.842000,1,True,Styrian Grand Prix
55,49.0,0 days 00:01:08.788000,1,True,Styrian Grand Prix
55,50.0,0 days 00:01:08.620000,1,True,Styrian Grand Prix
55,51.0,0 days 00:01:08.606000,1,True,Styrian Grand Prix
55,52.0,0 days 00:01:08.444000,1,True,Styrian Grand Prix
55,53.0,0 days 00:01:08.407000,1,True,Styrian Grand Prix
55,54.0,0 days 00:01:08.168000,1,True,Styrian Grand Prix
55,55.0,0 days 00:01:08.067000,1,True,Styrian Grand Prix
55,56.0,0 days 00:01:08.313000,1,True,Styrian Grand Prix
55,57.0,0 days 00:01:08.262000,1,True,Styrian Grand Prix
55,58.0,0 days 00:01:08.316000,1,True,Styrian Grand Prix
55,59.0,0 days 00:01:08.199000,1,True,Styrian Grand Prix
55,60.0,0 days 00:01:08.900000,1,True,Styrian Grand Prix
55,61.0,0 days 00:01:09.852000,1,True,Styrian Grand Prix
55,62.0,0 days 00:01:08.219000,1,True,Styrian Grand Prix
55,63.0,0 days 00:01:08.136000,1,True,Styrian Grand Prix
55,64.0,0 days 00:01:08.545000,1,True,Styrian Grand Prix
55,65.0,0 days 00:01:07.723000,1,True,Styrian Grand Prix
55,66.0,0 days 00:01:11.828000,1,False,Styrian Grand Prix
55,67.0,0 days 00:01:26.082000,1,False,Styrian Grand Prix
55,68.0,0 days 00:01:05.619000,1,True,Styrian Grand Prix
55,69.0,0 days 00:01:09.893000,1,True,Styrian Grand Prix
55,70.0,0 days 00:01:07.455000,1,True,Styrian Grand Prix
26,1.0,0 days 00:01:38.763000,4,False,Styrian Grand Prix
26,2.0,0 days 00:01:59.748000,4,False,Styrian Grand Prix
26,3.0,0 days 00:01:38.006000,4,False,Styrian Grand Prix
26,4.0,0 days 00:01:12.250000,2,False,Styrian Grand Prix
26,5.0,0 days 00:01:12.162000,1,True,Styrian Grand Prix
26,6.0,0 days 00:01:11.161000,1,True,Styrian Grand Prix
26,7.0,0 days 00:01:10.276000,1,True,Styrian Grand Prix
26,8.0,0 days 00:01:10.296000,1,True,Styrian Grand Prix
26,9.0,0 days 00:01:10.510000,1,True,Styrian Grand Prix
26,10.0,0 days 00:01:10.333000,1,True,Styrian Grand Prix
26,11.0,0 days 00:01:10.140000,1,True,Styrian Grand Prix
26,12.0,0 days 00:01:10.336000,1,True,Styrian Grand Prix
26,13.0,0 days 00:01:10.207000,1,True,Styrian Grand Prix
26,14.0,0 days 00:01:10.406000,1,True,Styrian Grand Prix
26,15.0,0 days 00:01:10.341000,1,True,Styrian Grand Prix
26,16.0,0 days 00:01:10.354000,1,True,Styrian Grand Prix
26,17.0,0 days 00:01:10.427000,1,True,Styrian Grand Prix
26,18.0,0 days 00:01:10.334000,1,True,Styrian Grand Prix
26,19.0,0 days 00:01:10.203000,1,True,Styrian Grand Prix
26,20.0,0 days 00:01:10.065000,1,True,Styrian Grand Prix
26,21.0,0 days 00:01:09.938000,1,True,Styrian Grand Prix
26,22.0,0 days 00:01:10.353000,1,True,Styrian Grand Prix
26,23.0,0 days 00:01:10.403000,1,True,Styrian Grand Prix
26,24.0,0 days 00:01:10.360000,1,True,Styrian Grand Prix
26,25.0,0 days 00:01:10.086000,1,True,Styrian Grand Prix
26,26.0,0 days 00:01:10.097000,1,True,Styrian Grand Prix
26,27.0,0 days 00:01:09.863000,1,True,Styrian Grand Prix
26,28.0,0 days 00:01:09.933000,1,True,Styrian Grand Prix
26,29.0,0 days 00:01:09.771000,1,True,Styrian Grand Prix
26,30.0,0 days 00:01:09.689000,1,True,Styrian Grand Prix
26,31.0,0 days 00:01:09.850000,1,True,Styrian Grand Prix
26,32.0,0 days 00:01:09.632000,1,True,Styrian Grand Prix
26,33.0,0 days 00:01:09.717000,1,True,Styrian Grand Prix
26,34.0,0 days 00:01:10.084000,1,True,Styrian Grand Prix
26,35.0,0 days 00:01:09.809000,1,True,Styrian Grand Prix
26,36.0,0 days 00:01:12.924000,1,False,Styrian Grand Prix
26,37.0,0 days 00:01:27.940000,1,False,Styrian Grand Prix
26,38.0,0 days 00:01:10.375000,1,True,Styrian Grand Prix
26,39.0,0 days 00:01:09.345000,1,True,Styrian Grand Prix
26,40.0,0 days 00:01:09.073000,1,True,Styrian Grand Prix
26,41.0,0 days 00:01:10.322000,1,True,Styrian Grand Prix
26,42.0,0 days 00:01:08.734000,1,True,Styrian Grand Prix
26,43.0,0 days 00:01:08.811000,1,True,Styrian Grand Prix
26,44.0,0 days 00:01:09.332000,1,True,Styrian Grand Prix
26,45.0,0 days 00:01:08.591000,1,True,Styrian Grand Prix
26,46.0,0 days 00:01:08.822000,1,True,Styrian Grand Prix
26,47.0,0 days 00:01:09.247000,1,True,Styrian Grand Prix
26,48.0,0 days 00:01:09.356000,1,True,Styrian Grand Prix
26,49.0,0 days 00:01:09.126000,1,True,Styrian Grand Prix
26,50.0,0 days 00:01:10.442000,1,True,Styrian Grand Prix
26,51.0,0 days 00:01:08.941000,1,True,Styrian Grand Prix
26,52.0,0 days 00:01:08.762000,1,True,Styrian Grand Prix
26,53.0,0 days 00:01:08.718000,1,True,Styrian Grand Prix
26,54.0,0 days 00:01:08.749000,1,True,Styrian Grand Prix
26,55.0,0 days 00:01:08.822000,1,True,Styrian Grand Prix
26,56.0,0 days 00:01:08.751000,1,True,Styrian Grand Prix
26,57.0,0 days 00:01:08.605000,1,True,Styrian Grand Prix
26,58.0,0 days 00:01:08.629000,1,True,Styrian Grand Prix
26,59.0,0 days 00:01:08.515000,1,True,Styrian Grand Prix
26,60.0,0 days 00:01:08.378000,1,True,Styrian Grand Prix
26,61.0,0 days 00:01:08.438000,1,True,Styrian Grand Prix
26,62.0,0 days 00:01:08.563000,1,True,Styrian Grand Prix
26,63.0,0 days 00:01:08.461000,1,True,Styrian Grand Prix
26,64.0,0 days 00:01:08.593000,1,True,Styrian Grand Prix
26,65.0,0 days 00:01:08.626000,1,True,Styrian Grand Prix
26,66.0,0 days 00:01:08.427000,1,True,Styrian Grand Prix
26,67.0,0 days 00:01:08.592000,1,True,Styrian Grand Prix
26,68.0,0 days 00:01:08.710000,1,True,Styrian Grand Prix
26,69.0,0 days 00:01:08.779000,1,True,Styrian Grand Prix
26,70.0,0 days 00:01:08.532000,1,True,Styrian Grand Prix
7,1.0,0 days 00:01:45.821000,4,False,Styrian Grand Prix
7,2.0,0 days 00:01:59.637000,4,False,Styrian Grand Prix
7,3.0,0 days 00:01:33.413000,4,False,Styrian Grand Prix
7,4.0,0 days 00:01:13.037000,2,False,Styrian Grand Prix
7,5.0,0 days 00:01:11.912000,1,True,Styrian Grand Prix
7,6.0,0 days 00:01:11.194000,1,True,Styrian Grand Prix
7,7.0,0 days 00:01:11.568000,1,True,Styrian Grand Prix
7,8.0,0 days 00:01:11.232000,1,True,Styrian Grand Prix
7,9.0,0 days 00:01:10.561000,1,True,Styrian Grand Prix
7,10.0,0 days 00:01:10.622000,1,True,Styrian Grand Prix
7,11.0,0 days 00:01:10.216000,1,True,Styrian Grand Prix
7,12.0,0 days 00:01:10.082000,1,True,Styrian Grand Prix
7,13.0,0 days 00:01:09.800000,1,True,Styrian Grand Prix
7,14.0,0 days 00:01:10.076000,1,True,Styrian Grand Prix
7,15.0,0 days 00:01:10.112000,1,True,Styrian Grand Prix
7,16.0,0 days 00:01:10.120000,1,True,Styrian Grand Prix
7,17.0,0 days 00:01:10.244000,1,True,Styrian Grand Prix
7,18.0,0 days 00:01:09.881000,1,True,Styrian Grand Prix
7,19.0,0 days 00:01:09.895000,1,True,Styrian Grand Prix
7,20.0,0 days 00:01:10.024000,1,True,Styrian Grand Prix
7,21.0,0 days 00:01:09.747000,1,True,Styrian Grand Prix
7,22.0,0 days 00:01:11.027000,1,True,Styrian Grand Prix
7,23.0,0 days 00:01:10.068000,1,True,Styrian Grand Prix
7,24.0,0 days 00:01:09.990000,1,True,Styrian Grand Prix
7,25.0,0 days 00:01:09.947000,1,True,Styrian Grand Prix
7,26.0,0 days 00:01:10.178000,1,True,Styrian Grand Prix
7,27.0,0 days 00:01:09.849000,1,True,Styrian Grand Prix
7,28.0,0 days 00:01:10.009000,1,True,Styrian Grand Prix
7,29.0,0 days 00:01:09.984000,1,True,Styrian Grand Prix
7,30.0,0 days 00:01:09.825000,1,True,Styrian Grand Prix
7,31.0,0 days 00:01:09.680000,1,True,Styrian Grand Prix
7,32.0,0 days 00:01:09.769000,1,True,Styrian Grand Prix
7,33.0,0 days 00:01:09.413000,1,True,Styrian Grand Prix
7,34.0,0 days 00:01:09.666000,1,True,Styrian Grand Prix
7,35.0,0 days 00:01:09.555000,1,True,Styrian Grand Prix
7,36.0,0 days 00:01:10.347000,1,True,Styrian Grand Prix
7,37.0,0 days 00:01:10.368000,1,True,Styrian Grand Prix
7,38.0,0 days 00:01:09.538000,1,True,Styrian Grand Prix
7,39.0,0 days 00:01:10.026000,1,True,Styrian Grand Prix
7,40.0,0 days 00:01:09.340000,1,True,Styrian Grand Prix
7,41.0,0 days 00:01:09.543000,1,True,Styrian Grand Prix
7,42.0,0 days 00:01:09.313000,1,True,Styrian Grand Prix
7,43.0,0 days 00:01:09.420000,1,True,Styrian Grand Prix
7,44.0,0 days 00:01:13.545000,1,False,Styrian Grand Prix
7,45.0,0 days 00:01:26.116000,1,False,Styrian Grand Prix
7,46.0,0 days 00:01:09.026000,1,True,Styrian Grand Prix
7,47.0,0 days 00:01:09.721000,1,True,Styrian Grand Prix
7,48.0,0 days 00:01:09.022000,1,True,Styrian Grand Prix
7,49.0,0 days 00:01:09.012000,1,True,Styrian Grand Prix
7,50.0,0 days 00:01:08.968000,1,True,Styrian Grand Prix
7,51.0,0 days 00:01:09.216000,1,True,Styrian Grand Prix
7,52.0,0 days 00:01:08.596000,1,True,Styrian Grand Prix
7,53.0,0 days 00:01:08.584000,1,True,Styrian Grand Prix
7,54.0,0 days 00:01:08.569000,1,True,Styrian Grand Prix
7,55.0,0 days 00:01:08.857000,1,True,Styrian Grand Prix
7,56.0,0 days 00:01:08.739000,1,True,Styrian Grand Prix
7,57.0,0 days 00:01:08.382000,1,True,Styrian Grand Prix
7,58.0,0 days 00:01:08.730000,1,True,Styrian Grand Prix
7,59.0,0 days 00:01:08.992000,1,True,Styrian Grand Prix
7,60.0,0 days 00:01:08.716000,1,True,Styrian Grand Prix
7,61.0,0 days 00:01:08.588000,1,True,Styrian Grand Prix
7,62.0,0 days 00:01:08.664000,1,True,Styrian Grand Prix
7,63.0,0 days 00:01:08.934000,1,True,Styrian Grand Prix
7,64.0,0 days 00:01:08.819000,1,True,Styrian Grand Prix
7,65.0,0 days 00:01:08.857000,1,True,Styrian Grand Prix
7,66.0,0 days 00:01:08.673000,1,True,Styrian Grand Prix
7,67.0,0 days 00:01:08.747000,1,True,Styrian Grand Prix
7,68.0,0 days 00:01:08.808000,1,True,Styrian Grand Prix
7,69.0,0 days 00:01:09.901000,1,True,Styrian Grand Prix
7,70.0,0 days 00:01:09.971000,1,True,Styrian Grand Prix
20,1.0,0 days 00:01:37.594000,4,False,Styrian Grand Prix
20,2.0,0 days 00:01:59.065000,4,False,Styrian Grand Prix
20,3.0,0 days 00:01:39.234000,4,False,Styrian Grand Prix
20,4.0,0 days 00:01:12.405000,2,False,Styrian Grand Prix
20,5.0,0 days 00:01:11.695000,1,True,Styrian Grand Prix
20,6.0,0 days 00:01:11.401000,1,True,Styrian Grand Prix
20,7.0,0 days 00:01:12.003000,1,True,Styrian Grand Prix
20,8.0,0 days 00:01:11.820000,1,True,Styrian Grand Prix
20,9.0,0 days 00:01:10.795000,1,True,Styrian Grand Prix
20,10.0,0 days 00:01:10.525000,1,True,Styrian Grand Prix
20,11.0,0 days 00:01:11.917000,1,True,Styrian Grand Prix
20,12.0,0 days 00:01:10.298000,1,True,Styrian Grand Prix
20,13.0,0 days 00:01:11.423000,1,True,Styrian Grand Prix
20,14.0,0 days 00:01:10.520000,1,True,Styrian Grand Prix
20,15.0,0 days 00:01:10.490000,1,True,Styrian Grand Prix
20,16.0,0 days 00:01:10.373000,1,True,Styrian Grand Prix
20,17.0,0 days 00:01:10.303000,1,True,Styrian Grand Prix
20,18.0,0 days 00:01:10.464000,1,True,Styrian Grand Prix
20,19.0,0 days 00:01:10.139000,1,True,Styrian Grand Prix
20,20.0,0 days 00:01:10.107000,1,True,Styrian Grand Prix
20,21.0,0 days 00:01:09.908000,1,True,Styrian Grand Prix
20,22.0,0 days 00:01:09.910000,1,True,Styrian Grand Prix
20,23.0,0 days 00:01:09.950000,1,True,Styrian Grand Prix
20,24.0,0 days 00:01:10.016000,1,True,Styrian Grand Prix
20,25.0,0 days 00:01:09.984000,1,True,Styrian Grand Prix
20,26.0,0 days 00:01:10.071000,1,True,Styrian Grand Prix
20,27.0,0 days 00:01:09.673000,1,True,Styrian Grand Prix
20,28.0,0 days 00:01:09.735000,1,True,Styrian Grand Prix
20,29.0,0 days 00:01:09.958000,1,True,Styrian Grand Prix
20,30.0,0 days 00:01:09.792000,1,True,Styrian Grand Prix
20,31.0,0 days 00:01:13.375000,1,False,Styrian Grand Prix
20,32.0,0 days 00:01:26.926000,1,False,Styrian Grand Prix
20,33.0,0 days 00:01:09.081000,1,True,Styrian Grand Prix
20,34.0,0 days 00:01:08.996000,1,True,Styrian Grand Prix
20,35.0,0 days 00:01:08.606000,1,True,Styrian Grand Prix
20,36.0,0 days 00:01:08.630000,1,True,Styrian Grand Prix
20,37.0,0 days 00:01:11.307000,1,True,Styrian Grand Prix
20,38.0,0 days 00:01:09.335000,1,True,Styrian Grand Prix
20,39.0,0 days 00:01:09.609000,1,True,Styrian Grand Prix
20,40.0,0 days 00:01:10.233000,1,True,Styrian Grand Prix
20,41.0,0 days 00:01:09.815000,1,True,Styrian Grand Prix
20,42.0,0 days 00:01:08.886000,1,True,Styrian Grand Prix
20,43.0,0 days 00:01:08.965000,1,True,Styrian Grand Prix
20,44.0,0 days 00:01:09.283000,1,True,Styrian Grand Prix
20,45.0,0 days 00:01:09.958000,1,True,Styrian Grand Prix
20,46.0,0 days 00:01:09.650000,1,True,Styrian Grand Prix
20,47.0,0 days 00:01:11.243000,1,True,Styrian Grand Prix
20,48.0,0 days 00:01:10.931000,1,True,Styrian Grand Prix
20,49.0,0 days 00:01:09.742000,1,True,Styrian Grand Prix
20,50.0,0 days 00:01:09.333000,1,True,Styrian Grand Prix
20,51.0,0 days 00:01:08.884000,1,True,Styrian Grand Prix
20,52.0,0 days 00:01:08.516000,1,True,Styrian Grand Prix
20,53.0,0 days 00:01:08.817000,1,True,Styrian Grand Prix
20,54.0,0 days 00:01:08.558000,1,True,Styrian Grand Prix
20,55.0,0 days 00:01:08.327000,1,True,Styrian Grand Prix
20,56.0,0 days 00:01:08.696000,1,True,Styrian Grand Prix
20,57.0,0 days 00:01:08.378000,1,True,Styrian Grand Prix
20,58.0,0 days 00:01:08.446000,1,True,Styrian Grand Prix
20,59.0,0 days 00:01:08.557000,1,True,Styrian Grand Prix
20,60.0,0 days 00:01:08.698000,1,True,Styrian Grand Prix
20,61.0,0 days 00:01:08.566000,1,True,Styrian Grand Prix
20,62.0,0 days 00:01:09.126000,1,True,Styrian Grand Prix
20,63.0,0 days 00:01:08.858000,1,True,Styrian Grand Prix
20,64.0,0 days 00:01:08.849000,1,True,Styrian Grand Prix
20,65.0,0 days 00:01:08.267000,1,True,Styrian Grand Prix
20,66.0,0 days 00:01:08.508000,1,True,Styrian Grand Prix
20,67.0,0 days 00:01:08.534000,1,True,Styrian Grand Prix
20,68.0,0 days 00:01:10.350000,1,True,Styrian Grand Prix
20,69.0,0 days 00:01:08.009000,1,True,Styrian Grand Prix
20,70.0,0 days 00:01:08.657000,1,True,Styrian Grand Prix
8,1.0,0 days 00:01:43.860000,4,False,Styrian Grand Prix
8,2.0,0 days 00:01:59.726000,4,False,Styrian Grand Prix
8,3.0,0 days 00:01:34.898000,4,False,Styrian Grand Prix
8,4.0,0 days 00:01:12.967000,2,False,Styrian Grand Prix
8,5.0,0 days 00:01:11.939000,1,True,Styrian Grand Prix
8,6.0,0 days 00:01:11.073000,1,True,Styrian Grand Prix
8,7.0,0 days 00:01:10.554000,1,True,Styrian Grand Prix
8,8.0,0 days 00:01:10.946000,1,True,Styrian Grand Prix
8,9.0,0 days 00:01:10.751000,1,True,Styrian Grand Prix
8,10.0,0 days 00:01:10.570000,1,True,Styrian Grand Prix
8,11.0,0 days 00:01:10.251000,1,True,Styrian Grand Prix
8,12.0,0 days 00:01:10.040000,1,True,Styrian Grand Prix
8,13.0,0 days 00:01:10.113000,1,True,Styrian Grand Prix
8,14.0,0 days 00:01:10.293000,1,True,Styrian Grand Prix
8,15.0,0 days 00:01:10.126000,1,True,Styrian Grand Prix
8,16.0,0 days 00:01:10.333000,1,True,Styrian Grand Prix
8,17.0,0 days 00:01:10.641000,1,True,Styrian Grand Prix
8,18.0,0 days 00:01:11.665000,1,True,Styrian Grand Prix
8,19.0,0 days 00:01:10.234000,1,True,Styrian Grand Prix
8,20.0,0 days 00:01:10.695000,1,True,Styrian Grand Prix
8,21.0,0 days 00:01:09.818000,1,True,Styrian Grand Prix
8,22.0,0 days 00:01:11.796000,1,True,Styrian Grand Prix
8,23.0,0 days 00:01:09.847000,1,True,Styrian Grand Prix
8,24.0,0 days 00:01:09.928000,1,True,Styrian Grand Prix
8,25.0,0 days 00:01:10.031000,1,True,Styrian Grand Prix
8,26.0,0 days 00:01:10.245000,1,True,Styrian Grand Prix
8,27.0,0 days 00:01:09.636000,1,True,Styrian Grand Prix
8,28.0,0 days 00:01:09.822000,1,True,Styrian Grand Prix
8,29.0,0 days 00:01:10.026000,1,True,Styrian Grand Prix
8,30.0,0 days 00:01:10.002000,1,True,Styrian Grand Prix
8,31.0,0 days 00:01:09.852000,1,True,Styrian Grand Prix
8,32.0,0 days 00:01:09.311000,1,True,Styrian Grand Prix
8,33.0,0 days 00:01:09.257000,1,True,Styrian Grand Prix
8,34.0,0 days 00:01:11.190000,1,True,Styrian Grand Prix
8,35.0,0 days 00:01:09.859000,1,True,Styrian Grand Prix
8,36.0,0 days 00:01:09.943000,1,True,Styrian Grand Prix
8,37.0,0 days 00:01:13.985000,1,False,Styrian Grand Prix
8,38.0,0 days 00:01:27.914000,1,False,Styrian Grand Prix
8,39.0,0 days 00:01:08.842000,1,True,Styrian Grand Prix
8,40.0,0 days 00:01:08.462000,1,True,Styrian Grand Prix
8,41.0,0 days 00:01:08.478000,1,True,Styrian Grand Prix
8,42.0,0 days 00:01:10.469000,1,True,Styrian Grand Prix
8,43.0,0 days 00:01:08.812000,1,True,Styrian Grand Prix
8,44.0,0 days 00:01:08.890000,1,True,Styrian Grand Prix
8,45.0,0 days 00:01:09.268000,1,True,Styrian Grand Prix
8,46.0,0 days 00:01:09.229000,1,True,Styrian Grand Prix
8,47.0,0 days 00:01:09.433000,1,True,Styrian Grand Prix
8,48.0,0 days 00:01:09.486000,1,True,Styrian Grand Prix
8,49.0,0 days 00:01:10.092000,1,True,Styrian Grand Prix
8,50.0,0 days 00:01:09.050000,1,True,Styrian Grand Prix
8,51.0,0 days 00:01:08.849000,1,True,Styrian Grand Prix
8,52.0,0 days 00:01:08.559000,1,True,Styrian Grand Prix
8,53.0,0 days 00:01:08.830000,1,True,Styrian Grand Prix
8,54.0,0 days 00:01:08.387000,1,True,Styrian Grand Prix
8,55.0,0 days 00:01:08.477000,1,True,Styrian Grand Prix
8,56.0,0 days 00:01:08.573000,1,True,Styrian Grand Prix
8,57.0,0 days 00:01:08.532000,1,True,Styrian Grand Prix
8,58.0,0 days 00:01:08.388000,1,True,Styrian Grand Prix
8,59.0,0 days 00:01:08.342000,1,True,Styrian Grand Prix
8,60.0,0 days 00:01:08.967000,1,True,Styrian Grand Prix
8,61.0,0 days 00:01:08.888000,1,True,Styrian Grand Prix
8,62.0,0 days 00:01:08.793000,1,True,Styrian Grand Prix
8,63.0,0 days 00:01:08.888000,1,True,Styrian Grand Prix
8,64.0,0 days 00:01:08.887000,1,True,Styrian Grand Prix
8,65.0,0 days 00:01:09.860000,1,True,Styrian Grand Prix
8,66.0,0 days 00:01:08.234000,1,True,Styrian Grand Prix
8,67.0,0 days 00:01:08.618000,1,True,Styrian Grand Prix
8,68.0,0 days 00:01:10.522000,1,True,Styrian Grand Prix
8,69.0,0 days 00:01:08.047000,1,True,Styrian Grand Prix
8,70.0,0 days 00:01:08.329000,1,True,Styrian Grand Prix
99,1.0,0 days 00:01:40.400000,4,False,Styrian Grand Prix
99,2.0,0 days 00:01:59.120000,4,False,Styrian Grand Prix
99,3.0,0 days 00:01:37.711000,4,False,Styrian Grand Prix
99,4.0,0 days 00:01:12.706000,2,False,Styrian Grand Prix
99,5.0,0 days 00:01:11.780000,1,True,Styrian Grand Prix
99,6.0,0 days 00:01:11.028000,1,True,Styrian Grand Prix
99,7.0,0 days 00:01:11.171000,1,True,Styrian Grand Prix
99,8.0,0 days 00:01:10.377000,1,True,Styrian Grand Prix
99,9.0,0 days 00:01:10.514000,1,True,Styrian Grand Prix
99,10.0,0 days 00:01:10.416000,1,True,Styrian Grand Prix
99,11.0,0 days 00:01:10.121000,1,True,Styrian Grand Prix
99,12.0,0 days 00:01:10.385000,1,True,Styrian Grand Prix
99,13.0,0 days 00:01:10.261000,1,True,Styrian Grand Prix
99,14.0,0 days 00:01:10.143000,1,True,Styrian Grand Prix
99,15.0,0 days 00:01:10.348000,1,True,Styrian Grand Prix
99,16.0,0 days 00:01:10.291000,1,True,Styrian Grand Prix
99,17.0,0 days 00:01:10.456000,1,True,Styrian Grand Prix
99,18.0,0 days 00:01:10.237000,1,True,Styrian Grand Prix
99,19.0,0 days 00:01:10.270000,1,True,Styrian Grand Prix
99,20.0,0 days 00:01:10.251000,1,True,Styrian Grand Prix
99,21.0,0 days 00:01:10.072000,1,True,Styrian Grand Prix
99,22.0,0 days 00:01:10.081000,1,True,Styrian Grand Prix
99,23.0,0 days 00:01:10.176000,1,True,Styrian Grand Prix
99,24.0,0 days 00:01:10.210000,1,True,Styrian Grand Prix
99,25.0,0 days 00:01:10.247000,1,True,Styrian Grand Prix
99,26.0,0 days 00:01:10.100000,1,True,Styrian Grand Prix
99,27.0,0 days 00:01:09.932000,1,True,Styrian Grand Prix
99,28.0,0 days 00:01:09.952000,1,True,Styrian Grand Prix
99,29.0,0 days 00:01:09.951000,1,True,Styrian Grand Prix
99,30.0,0 days 00:01:09.799000,1,True,Styrian Grand Prix
99,31.0,0 days 00:01:09.829000,1,True,Styrian Grand Prix
99,32.0,0 days 00:01:09.686000,1,True,Styrian Grand Prix
99,33.0,0 days 00:01:09.513000,1,True,Styrian Grand Prix
99,34.0,0 days 00:01:09.782000,1,True,Styrian Grand Prix
99,35.0,0 days 00:01:09.874000,1,True,Styrian Grand Prix
99,36.0,0 days 00:01:10.076000,1,True,Styrian Grand Prix
99,37.0,0 days 00:01:10.233000,1,True,Styrian Grand Prix
99,38.0,0 days 00:01:10.255000,1,True,Styrian Grand Prix
99,39.0,0 days 00:01:13.516000,1,False,Styrian Grand Prix
99,40.0,0 days 00:01:27.026000,1,False,Styrian Grand Prix
99,41.0,0 days 00:01:08.658000,1,True,Styrian Grand Prix
99,42.0,0 days 00:01:08.731000,1,True,Styrian Grand Prix
99,43.0,0 days 00:01:08.935000,1,True,Styrian Grand Prix
99,44.0,0 days 00:01:09.307000,1,True,Styrian Grand Prix
99,45.0,0 days 00:01:09.274000,1,True,Styrian Grand Prix
99,46.0,0 days 00:01:08.856000,1,True,Styrian Grand Prix
99,47.0,0 days 00:01:09.243000,1,True,Styrian Grand Prix
99,48.0,0 days 00:01:10.928000,1,True,Styrian Grand Prix
99,49.0,0 days 00:01:09.069000,1,True,Styrian Grand Prix
99,50.0,0 days 00:01:09.006000,1,True,Styrian Grand Prix
99,51.0,0 days 00:01:09.044000,1,True,Styrian Grand Prix
99,52.0,0 days 00:01:09.015000,1,True,Styrian Grand Prix
99,53.0,0 days 00:01:08.813000,1,True,Styrian Grand Prix
99,54.0,0 days 00:01:08.512000,1,True,Styrian Grand Prix
99,55.0,0 days 00:01:08.735000,1,True,Styrian Grand Prix
99,56.0,0 days 00:01:08.658000,1,True,Styrian Grand Prix
99,57.0,0 days 00:01:08.572000,1,True,Styrian Grand Prix
99,58.0,0 days 00:01:08.892000,1,True,Styrian Grand Prix
99,59.0,0 days 00:01:10.136000,1,True,Styrian Grand Prix
99,60.0,0 days 00:01:09.283000,1,True,Styrian Grand Prix
99,61.0,0 days 00:01:08.769000,1,True,Styrian Grand Prix
99,62.0,0 days 00:01:08.840000,1,True,Styrian Grand Prix
99,63.0,0 days 00:01:08.832000,1,True,Styrian Grand Prix
99,64.0,0 days 00:01:08.834000,1,True,Styrian Grand Prix
99,65.0,0 days 00:01:08.987000,1,True,Styrian Grand Prix
99,66.0,0 days 00:01:08.548000,1,True,Styrian Grand Prix
99,67.0,0 days 00:01:08.657000,1,True,Styrian Grand Prix
99,68.0,0 days 00:01:12.038000,1,True,Styrian Grand Prix
99,69.0,0 days 00:01:10.254000,1,True,Styrian Grand Prix
99,70.0,0 days 00:01:10.651000,1,True,Styrian Grand Prix
10,1.0,0 days 00:01:32.014000,4,False,Styrian Grand Prix
10,2.0,0 days 00:01:59.258000,4,False,Styrian Grand Prix
10,3.0,0 days 00:01:43.394000,4,False,Styrian Grand Prix
10,4.0,0 days 00:01:11.853000,2,False,Styrian Grand Prix
10,5.0,0 days 00:01:11.277000,1,True,Styrian Grand Prix
10,6.0,0 days 00:01:10.616000,1,True,Styrian Grand Prix
10,7.0,0 days 00:01:10.356000,1,True,Styrian Grand Prix
10,8.0,0 days 00:01:10.408000,1,True,Styrian Grand Prix
10,9.0,0 days 00:01:10.420000,1,True,Styrian Grand Prix
10,10.0,0 days 00:01:10.398000,1,True,Styrian Grand Prix
10,11.0,0 days 00:01:10.278000,1,True,Styrian Grand Prix
10,12.0,0 days 00:01:09.821000,1,True,Styrian Grand Prix
10,13.0,0 days 00:01:09.988000,1,True,Styrian Grand Prix
10,14.0,0 days 00:01:09.871000,1,True,Styrian Grand Prix
10,15.0,0 days 00:01:10.045000,1,True,Styrian Grand Prix
10,16.0,0 days 00:01:10.686000,1,True,Styrian Grand Prix
10,17.0,0 days 00:01:11.317000,1,True,Styrian Grand Prix
10,18.0,0 days 00:01:11.253000,1,True,Styrian Grand Prix
10,19.0,0 days 00:01:10.388000,1,True,Styrian Grand Prix
10,20.0,0 days 00:01:10.178000,1,True,Styrian Grand Prix
10,21.0,0 days 00:01:10.996000,1,True,Styrian Grand Prix
10,22.0,0 days 00:01:10.364000,1,True,Styrian Grand Prix
10,23.0,0 days 00:01:10.562000,1,True,Styrian Grand Prix
10,24.0,0 days 00:01:13.884000,1,False,Styrian Grand Prix
10,25.0,0 days 00:01:27.546000,1,False,Styrian Grand Prix
10,26.0,0 days 00:01:10.037000,1,True,Styrian Grand Prix
10,27.0,0 days 00:01:09.682000,1,True,Styrian Grand Prix
10,28.0,0 days 00:01:09.744000,1,True,Styrian Grand Prix
10,29.0,0 days 00:01:09.769000,1,True,Styrian Grand Prix
10,30.0,0 days 00:01:09.880000,1,True,Styrian Grand Prix
10,31.0,0 days 00:01:10.114000,1,True,Styrian Grand Prix
10,32.0,0 days 00:01:09.235000,1,True,Styrian Grand Prix
10,33.0,0 days 00:01:09.705000,1,True,Styrian Grand Prix
10,34.0,0 days 00:01:09.822000,1,True,Styrian Grand Prix
10,35.0,0 days 00:01:09.490000,1,True,Styrian Grand Prix
10,36.0,0 days 00:01:09.492000,1,True,Styrian Grand Prix
10,37.0,0 days 00:01:09.524000,1,True,Styrian Grand Prix
10,38.0,0 days 00:01:09.584000,1,True,Styrian Grand Prix
10,39.0,0 days 00:01:09.364000,1,True,Styrian Grand Prix
10,40.0,0 days 00:01:10.421000,1,True,Styrian Grand Prix
10,41.0,0 days 00:01:09.458000,1,True,Styrian Grand Prix
10,42.0,0 days 00:01:09.287000,1,True,Styrian Grand Prix
10,43.0,0 days 00:01:10.611000,1,True,Styrian Grand Prix
10,44.0,0 days 00:01:09.601000,1,True,Styrian Grand Prix
10,45.0,0 days 00:01:10.430000,1,True,Styrian Grand Prix
10,46.0,0 days 00:01:09.025000,1,True,Styrian Grand Prix
10,47.0,0 days 00:01:12.273000,1,True,Styrian Grand Prix
10,48.0,0 days 00:01:11.118000,1,True,Styrian Grand Prix
10,49.0,0 days 00:01:13.562000,1,False,Styrian Grand Prix
10,50.0,0 days 00:01:26.787000,1,False,Styrian Grand Prix
10,51.0,0 days 00:01:08.482000,1,True,Styrian Grand Prix
10,52.0,0 days 00:01:08.565000,1,True,Styrian Grand Prix
10,53.0,0 days 00:01:09.696000,1,True,Styrian Grand Prix
10,54.0,0 days 00:01:08.426000,1,True,Styrian Grand Prix
10,55.0,0 days 00:01:08.226000,1,True,Styrian Grand Prix
10,56.0,0 days 00:01:08.887000,1,True,Styrian Grand Prix
10,57.0,0 days 00:01:11.008000,1,True,Styrian Grand Prix
10,58.0,0 days 00:01:08.541000,1,True,Styrian Grand Prix
10,59.0,0 days 00:01:08.638000,1,True,Styrian Grand Prix
10,60.0,0 days 00:01:08.247000,1,True,Styrian Grand Prix
10,61.0,0 days 00:01:08.269000,1,True,Styrian Grand Prix
10,62.0,0 days 00:01:08.359000,1,True,Styrian Grand Prix
10,63.0,0 days 00:01:08.405000,1,True,Styrian Grand Prix
10,64.0,0 days 00:01:08.420000,1,True,Styrian Grand Prix
10,65.0,0 days 00:01:08.321000,1,True,Styrian Grand Prix
10,66.0,0 days 00:01:08.095000,1,True,Styrian Grand Prix
10,67.0,0 days 00:01:08.276000,1,True,Styrian Grand Prix
10,68.0,0 days 00:01:08.263000,1,True,Styrian Grand Prix
10,69.0,0 days 00:01:07.827000,1,True,Styrian Grand Prix
10,70.0,0 days 00:01:11.033000,1,True,Styrian Grand Prix
63,1.0,0 days 00:01:36.361000,4,False,Styrian Grand Prix
63,2.0,0 days 00:01:59.302000,4,False,Styrian Grand Prix
63,3.0,0 days 00:01:39.880000,4,False,Styrian Grand Prix
63,4.0,0 days 00:01:19.394000,2,False,Styrian Grand Prix
63,5.0,0 days 00:01:11.908000,1,True,Styrian Grand Prix
63,6.0,0 days 00:01:10.766000,1,True,Styrian Grand Prix
63,7.0,0 days 00:01:11.044000,1,True,Styrian Grand Prix
63,8.0,0 days 00:01:10.897000,1,True,Styrian Grand Prix
63,9.0,0 days 00:01:11.027000,1,True,Styrian Grand Prix
63,10.0,0 days 00:01:11.227000,1,True,Styrian Grand Prix
63,11.0,0 days 00:01:10.677000,1,True,Styrian Grand Prix
63,12.0,0 days 00:01:10.641000,1,True,Styrian Grand Prix
63,13.0,0 days 00:01:10.716000,1,True,Styrian Grand Prix
63,14.0,0 days 00:01:10.775000,1,True,Styrian Grand Prix
63,15.0,0 days 00:01:10.546000,1,True,Styrian Grand Prix
63,16.0,0 days 00:01:10.553000,1,True,Styrian Grand Prix
63,17.0,0 days 00:01:10.631000,1,True,Styrian Grand Prix
63,18.0,0 days 00:01:10.853000,1,True,Styrian Grand Prix
63,19.0,0 days 00:01:10.707000,1,True,Styrian Grand Prix
63,20.0,0 days 00:01:10.923000,1,True,Styrian Grand Prix
63,21.0,0 days 00:01:10.655000,1,True,Styrian Grand Prix
63,22.0,0 days 00:01:10.921000,1,True,Styrian Grand Prix
63,23.0,0 days 00:01:10.776000,1,True,Styrian Grand Prix
63,24.0,0 days 00:01:10.659000,1,True,Styrian Grand Prix
63,25.0,0 days 00:01:10.583000,1,True,Styrian Grand Prix
63,26.0,0 days 00:01:10.998000,1,True,Styrian Grand Prix
63,27.0,0 days 00:01:10.373000,1,True,Styrian Grand Prix
63,28.0,0 days 00:01:10.482000,1,True,Styrian Grand Prix
63,29.0,0 days 00:01:10.469000,1,True,Styrian Grand Prix
63,30.0,0 days 00:01:10.349000,1,True,Styrian Grand Prix
63,31.0,0 days 00:01:10.517000,1,True,Styrian Grand Prix
63,32.0,0 days 00:01:11.191000,1,True,Styrian Grand Prix
63,33.0,0 days 00:01:11.693000,1,True,Styrian Grand Prix
63,34.0,0 days 00:01:13.865000,1,False,Styrian Grand Prix
63,35.0,0 days 00:01:26.229000,1,False,Styrian Grand Prix
63,36.0,0 days 00:01:08.601000,1,True,Styrian Grand Prix
63,37.0,0 days 00:01:08.844000,1,True,Styrian Grand Prix
63,38.0,0 days 00:01:08.871000,1,True,Styrian Grand Prix
63,39.0,0 days 00:01:09.329000,1,True,Styrian Grand Prix
63,40.0,0 days 00:01:09.890000,1,True,Styrian Grand Prix
63,41.0,0 days 00:01:09.924000,1,True,Styrian Grand Prix
63,42.0,0 days 00:01:10.063000,1,True,Styrian Grand Prix
63,43.0,0 days 00:01:09.909000,1,True,Styrian Grand Prix
63,44.0,0 days 00:01:09.797000,1,True,Styrian Grand Prix
63,45.0,0 days 00:01:10.222000,1,True,Styrian Grand Prix
63,46.0,0 days 00:01:09.752000,1,True,Styrian Grand Prix
63,47.0,0 days 00:01:09.594000,1,True,Styrian Grand Prix
63,48.0,0 days 00:01:09.733000,1,True,Styrian Grand Prix
63,49.0,0 days 00:01:09.617000,1,True,Styrian Grand Prix
63,50.0,0 days 00:01:09.238000,1,True,Styrian Grand Prix
63,51.0,0 days 00:01:09.787000,1,True,Styrian Grand Prix
63,52.0,0 days 00:01:09.490000,1,True,Styrian Grand Prix
63,53.0,0 days 00:01:08.865000,1,True,Styrian Grand Prix
63,54.0,0 days 00:01:09.285000,1,True,Styrian Grand Prix
63,55.0,0 days 00:01:10.261000,1,True,Styrian Grand Prix
63,56.0,0 days 00:01:10.777000,1,True,Styrian Grand Prix
63,57.0,0 days 00:01:09.293000,1,True,Styrian Grand Prix
63,58.0,0 days 00:01:09.216000,1,True,Styrian Grand Prix
63,59.0,0 days 00:01:08.992000,1,True,Styrian Grand Prix
63,60.0,0 days 00:01:08.752000,1,True,Styrian Grand Prix
63,61.0,0 days 00:01:08.932000,1,True,Styrian Grand Prix
63,62.0,0 days 00:01:08.807000,1,True,Styrian Grand Prix
63,63.0,0 days 00:01:08.974000,1,True,Styrian Grand Prix
63,64.0,0 days 00:01:11.183000,1,True,Styrian Grand Prix
63,65.0,0 days 00:01:10.104000,1,True,Styrian Grand Prix
63,66.0,0 days 00:01:09.228000,1,True,Styrian Grand Prix
63,67.0,0 days 00:01:09.006000,1,True,Styrian Grand Prix
63,68.0,0 days 00:01:10.964000,1,True,Styrian Grand Prix
63,69.0,0 days 00:01:08.942000,1,True,Styrian Grand Prix
6,1.0,0 days 00:01:42.190000,4,False,Styrian Grand Prix
6,2.0,0 days 00:02:00.019000,4,False,Styrian Grand Prix
6,3.0,0 days 00:01:35.889000,4,False,Styrian Grand Prix
6,4.0,0 days 00:01:12.803000,2,False,Styrian Grand Prix
6,5.0,0 days 00:01:11.741000,1,True,Styrian Grand Prix
6,6.0,0 days 00:01:10.998000,1,True,Styrian Grand Prix
6,7.0,0 days 00:01:12.441000,1,True,Styrian Grand Prix
6,8.0,0 days 00:01:11.098000,1,True,Styrian Grand Prix
6,9.0,0 days 00:01:10.644000,1,True,Styrian Grand Prix
6,10.0,0 days 00:01:12.222000,1,True,Styrian Grand Prix
6,11.0,0 days 00:01:10.384000,1,True,Styrian Grand Prix
6,12.0,0 days 00:01:10.628000,1,True,Styrian Grand Prix
6,13.0,0 days 00:01:10.818000,1,True,Styrian Grand Prix
6,14.0,,1,False,Styrian Grand Prix
6,15.0,0 days 00:01:10.794000,1,True,Styrian Grand Prix
6,16.0,0 days 00:01:10.730000,1,True,Styrian Grand Prix
6,17.0,0 days 00:01:10.741000,1,True,Styrian Grand Prix
6,18.0,0 days 00:01:10.762000,1,True,Styrian Grand Prix
6,19.0,0 days 00:01:10.796000,1,True,Styrian Grand Prix
6,20.0,0 days 00:01:10.845000,1,True,Styrian Grand Prix
6,21.0,0 days 00:01:10.688000,1,True,Styrian Grand Prix
6,22.0,0 days 00:01:10.609000,1,True,Styrian Grand Prix
6,23.0,0 days 00:01:10.537000,1,True,Styrian Grand Prix
6,24.0,0 days 00:01:10.942000,1,True,Styrian Grand Prix
6,25.0,0 days 00:01:10.808000,1,True,Styrian Grand Prix
6,26.0,0 days 00:01:10.772000,1,True,Styrian Grand Prix
6,27.0,0 days 00:01:10.222000,1,True,Styrian Grand Prix
6,28.0,0 days 00:01:10.268000,1,True,Styrian Grand Prix
6,29.0,0 days 00:01:10.368000,1,True,Styrian Grand Prix
6,30.0,0 days 00:01:10.475000,1,True,Styrian Grand Prix
6,31.0,0 days 00:01:10.545000,1,True,Styrian Grand Prix
6,32.0,0 days 00:01:14.284000,1,False,Styrian Grand Prix
6,33.0,0 days 00:01:26.838000,1,False,Styrian Grand Prix
6,34.0,0 days 00:01:09.489000,1,True,Styrian Grand Prix
6,35.0,0 days 00:01:09.775000,1,True,Styrian Grand Prix
6,36.0,0 days 00:01:10.957000,1,True,Styrian Grand Prix
6,37.0,0 days 00:01:09.614000,1,True,Styrian Grand Prix
6,38.0,0 days 00:01:09.280000,1,True,Styrian Grand Prix
6,39.0,0 days 00:01:09.519000,1,True,Styrian Grand Prix
6,40.0,0 days 00:01:10.059000,1,True,Styrian Grand Prix
6,41.0,0 days 00:01:09.826000,1,True,Styrian Grand Prix
6,42.0,0 days 00:01:09.778000,1,True,Styrian Grand Prix
6,43.0,0 days 00:01:09.863000,1,True,Styrian Grand Prix
6,44.0,0 days 00:01:09.952000,1,True,Styrian Grand Prix
6,45.0,0 days 00:01:10.083000,1,True,Styrian Grand Prix
6,46.0,0 days 00:01:09.653000,1,True,Styrian Grand Prix
6,47.0,0 days 00:01:09.709000,1,True,Styrian Grand Prix
6,48.0,0 days 00:01:09.712000,1,True,Styrian Grand Prix
6,49.0,0 days 00:01:09.703000,1,True,Styrian Grand Prix
6,50.0,0 days 00:01:09.378000,1,True,Styrian Grand Prix
6,51.0,0 days 00:01:09.748000,1,True,Styrian Grand Prix
6,52.0,0 days 00:01:09.652000,1,True,Styrian Grand Prix
6,53.0,0 days 00:01:10.702000,1,True,Styrian Grand Prix
6,54.0,0 days 00:01:10.323000,1,True,Styrian Grand Prix
6,55.0,0 days 00:01:10.839000,1,True,Styrian Grand Prix
6,56.0,0 days 00:01:09.743000,1,True,Styrian Grand Prix
6,57.0,0 days 00:01:09.492000,1,True,Styrian Grand Prix
6,58.0,0 days 00:01:09.219000,1,True,Styrian Grand Prix
6,59.0,0 days 00:01:09.387000,1,True,Styrian Grand Prix
6,60.0,0 days 00:01:08.898000,1,True,Styrian Grand Prix
6,61.0,0 days 00:01:11.595000,1,True,Styrian Grand Prix
6,62.0,0 days 00:01:09.298000,1,True,Styrian Grand Prix
6,63.0,0 days 00:01:10.284000,1,True,Styrian Grand Prix
6,64.0,0 days 00:01:10.870000,1,True,Styrian Grand Prix
6,65.0,0 days 00:01:09.634000,1,True,Styrian Grand Prix
6,66.0,0 days 00:01:08.910000,1,True,Styrian Grand Prix
6,67.0,0 days 00:01:09.104000,1,True,Styrian Grand Prix
6,68.0,0 days 00:01:08.806000,1,True,Styrian Grand Prix
6,69.0,0 days 00:01:08.903000,1,True,Styrian Grand Prix
31,1.0,0 days 00:01:28.095000,4,False,Styrian Grand Prix
31,2.0,0 days 00:02:00.919000,4,False,Styrian Grand Prix
31,3.0,0 days 00:01:44.955000,4,False,Styrian Grand Prix
31,4.0,0 days 00:01:11.365000,2,False,Styrian Grand Prix
31,5.0,0 days 00:01:11.043000,1,True,Styrian Grand Prix
31,6.0,0 days 00:01:10.457000,1,True,Styrian Grand Prix
31,7.0,0 days 00:01:10.373000,1,True,Styrian Grand Prix
31,8.0,0 days 00:01:10.514000,1,True,Styrian Grand Prix
31,9.0,0 days 00:01:10.347000,1,True,Styrian Grand Prix
31,10.0,0 days 00:01:10.288000,1,True,Styrian Grand Prix
31,11.0,0 days 00:01:10.006000,1,True,Styrian Grand Prix
31,12.0,0 days 00:01:09.995000,1,True,Styrian Grand Prix
31,13.0,0 days 00:01:09.830000,1,True,Styrian Grand Prix
31,14.0,0 days 00:01:09.819000,1,True,Styrian Grand Prix
31,15.0,0 days 00:01:09.983000,1,True,Styrian Grand Prix
31,16.0,0 days 00:01:09.975000,1,True,Styrian Grand Prix
31,17.0,0 days 00:01:10.295000,1,True,Styrian Grand Prix
31,18.0,0 days 00:01:10.017000,1,True,Styrian Grand Prix
31,19.0,0 days 00:01:10.694000,1,True,Styrian Grand Prix
31,20.0,0 days 00:01:09.672000,1,True,Styrian Grand Prix
31,21.0,0 days 00:01:09.362000,1,True,Styrian Grand Prix
31,22.0,0 days 00:01:09.321000,1,True,Styrian Grand Prix
31,23.0,0 days 00:01:09.681000,1,True,Styrian Grand Prix
31,24.0,0 days 00:01:09.472000,1,True,Styrian Grand Prix
31,25.0,0 days 00:01:13.476000,1,False,Styrian Grand Prix
16,1.0,0 days 00:01:33.572000,4,False,Styrian Grand Prix
16,2.0,0 days 00:02:15.603000,4,False,Styrian Grand Prix
16,3.0,0 days 00:01:35.379000,4,False,Styrian Grand Prix
16,4.0,0 days 00:01:32.548000,2,False,Styrian Grand Prix
5,1.0,0 days 00:01:41.037000,4,False,Styrian Grand Prix
44,1.0,0 days 00:01:35.670000,1,False,Hungarian Grand Prix
44,2.0,0 days 00:01:31.458000,1,True,Hungarian Grand Prix
44,3.0,0 days 00:01:34.916000,1,False,Hungarian Grand Prix
44,4.0,0 days 00:01:53.821000,2,False,Hungarian Grand Prix
44,5.0,0 days 00:01:25.898000,2,True,Hungarian Grand Prix
44,6.0,0 days 00:01:23.991000,1,True,Hungarian Grand Prix
44,7.0,0 days 00:01:23.327000,1,True,Hungarian Grand Prix
44,8.0,0 days 00:01:22.170000,1,True,Hungarian Grand Prix
44,9.0,0 days 00:01:22.130000,1,True,Hungarian Grand Prix
44,10.0,0 days 00:01:21.522000,1,True,Hungarian Grand Prix
44,11.0,0 days 00:01:22.127000,1,True,Hungarian Grand Prix
44,12.0,0 days 00:01:21.886000,1,True,Hungarian Grand Prix
44,13.0,0 days 00:01:21.873000,1,True,Hungarian Grand Prix
44,14.0,0 days 00:01:21.720000,1,True,Hungarian Grand Prix
44,15.0,0 days 00:01:21.620000,1,True,Hungarian Grand Prix
44,16.0,0 days 00:01:21.436000,1,True,Hungarian Grand Prix
44,17.0,0 days 00:01:21.855000,1,True,Hungarian Grand Prix
44,18.0,0 days 00:01:21.363000,1,True,Hungarian Grand Prix
44,19.0,0 days 00:01:22.397000,1,True,Hungarian Grand Prix
44,20.0,0 days 00:01:21.887000,1,True,Hungarian Grand Prix
44,21.0,0 days 00:01:21.807000,1,True,Hungarian Grand Prix
44,22.0,0 days 00:01:21.727000,1,True,Hungarian Grand Prix
44,23.0,0 days 00:01:21.687000,1,True,Hungarian Grand Prix
44,24.0,0 days 00:01:21.341000,1,True,Hungarian Grand Prix
44,25.0,0 days 00:01:21.950000,1,True,Hungarian Grand Prix
44,26.0,0 days 00:01:21.390000,1,True,Hungarian Grand Prix
44,27.0,0 days 00:01:21.741000,1,True,Hungarian Grand Prix
44,28.0,0 days 00:01:21.532000,1,True,Hungarian Grand Prix
44,29.0,0 days 00:01:21.265000,1,True,Hungarian Grand Prix
44,30.0,0 days 00:01:21.198000,1,True,Hungarian Grand Prix
44,31.0,0 days 00:01:21.315000,1,True,Hungarian Grand Prix
44,32.0,0 days 00:01:21.508000,1,True,Hungarian Grand Prix
44,33.0,0 days 00:01:21.553000,1,True,Hungarian Grand Prix
44,34.0,0 days 00:01:21.693000,1,True,Hungarian Grand Prix
44,35.0,0 days 00:01:23.684000,1,True,Hungarian Grand Prix
44,36.0,0 days 00:01:21.455000,1,True,Hungarian Grand Prix
44,37.0,0 days 00:01:23.974000,1,False,Hungarian Grand Prix
44,38.0,0 days 00:01:40.605000,1,False,Hungarian Grand Prix
44,39.0,0 days 00:01:20.301000,1,True,Hungarian Grand Prix
44,40.0,0 days 00:01:20.092000,1,True,Hungarian Grand Prix
44,41.0,0 days 00:01:19.846000,1,True,Hungarian Grand Prix
44,42.0,0 days 00:01:19.862000,1,True,Hungarian Grand Prix
44,43.0,0 days 00:01:20.360000,2,True,Hungarian Grand Prix
44,44.0,0 days 00:01:19.963000,1,True,Hungarian Grand Prix
44,45.0,0 days 00:01:19.824000,1,True,Hungarian Grand Prix
44,46.0,0 days 00:01:19.737000,1,True,Hungarian Grand Prix
44,47.0,0 days 00:01:19.870000,1,True,Hungarian Grand Prix
44,48.0,0 days 00:01:19.715000,1,True,Hungarian Grand Prix
44,49.0,0 days 00:01:19.849000,1,True,Hungarian Grand Prix
44,50.0,0 days 00:01:20.250000,1,True,Hungarian Grand Prix
44,51.0,0 days 00:01:20.155000,1,True,Hungarian Grand Prix
44,52.0,0 days 00:01:20.125000,1,True,Hungarian Grand Prix
44,53.0,0 days 00:01:19.573000,1,True,Hungarian Grand Prix
44,54.0,0 days 00:01:20.306000,1,True,Hungarian Grand Prix
44,55.0,0 days 00:01:19.267000,1,True,Hungarian Grand Prix
44,56.0,0 days 00:01:20.196000,1,True,Hungarian Grand Prix
44,57.0,0 days 00:01:19.599000,1,True,Hungarian Grand Prix
44,58.0,0 days 00:01:19.269000,1,True,Hungarian Grand Prix
44,59.0,0 days 00:01:19.182000,1,True,Hungarian Grand Prix
44,60.0,0 days 00:01:19.903000,1,True,Hungarian Grand Prix
44,61.0,0 days 00:01:18.916000,1,True,Hungarian Grand Prix
44,62.0,0 days 00:01:19.432000,1,True,Hungarian Grand Prix
44,63.0,0 days 00:01:18.710000,1,True,Hungarian Grand Prix
44,64.0,0 days 00:01:18.723000,1,True,Hungarian Grand Prix
44,65.0,0 days 00:01:18.611000,1,True,Hungarian Grand Prix
44,66.0,0 days 00:01:21.759000,1,False,Hungarian Grand Prix
44,67.0,0 days 00:01:39.908000,1,False,Hungarian Grand Prix
44,68.0,0 days 00:01:17.497000,1,True,Hungarian Grand Prix
44,69.0,0 days 00:01:20.554000,1,True,Hungarian Grand Prix
44,70.0,0 days 00:01:16.627000,1,True,Hungarian Grand Prix
33,1.0,0 days 00:01:39.556000,1,False,Hungarian Grand Prix
33,2.0,0 days 00:01:33.264000,1,True,Hungarian Grand Prix
33,3.0,0 days 00:01:34.529000,1,True,Hungarian Grand Prix
33,4.0,0 days 00:01:35.025000,2,False,Hungarian Grand Prix
33,5.0,0 days 00:01:47.204000,2,False,Hungarian Grand Prix
33,6.0,0 days 00:01:23.730000,1,True,Hungarian Grand Prix
33,7.0,0 days 00:01:23.206000,1,True,Hungarian Grand Prix
33,8.0,0 days 00:01:22.741000,1,True,Hungarian Grand Prix
33,9.0,0 days 00:01:22.313000,1,True,Hungarian Grand Prix
33,10.0,0 days 00:01:22.402000,1,True,Hungarian Grand Prix
33,11.0,0 days 00:01:22.509000,1,True,Hungarian Grand Prix
33,12.0,0 days 00:01:22.170000,1,True,Hungarian Grand Prix
33,13.0,0 days 00:01:21.998000,1,True,Hungarian Grand Prix
33,14.0,0 days 00:01:22.296000,1,True,Hungarian Grand Prix
33,15.0,0 days 00:01:22.086000,1,True,Hungarian Grand Prix
33,16.0,0 days 00:01:21.769000,1,True,Hungarian Grand Prix
33,17.0,0 days 00:01:22.112000,1,True,Hungarian Grand Prix
33,18.0,0 days 00:01:21.559000,1,True,Hungarian Grand Prix
33,19.0,0 days 00:01:21.726000,1,True,Hungarian Grand Prix
33,20.0,0 days 00:01:22.278000,1,True,Hungarian Grand Prix
33,21.0,0 days 00:01:22.748000,1,True,Hungarian Grand Prix
33,22.0,0 days 00:01:21.520000,1,True,Hungarian Grand Prix
33,23.0,0 days 00:01:21.893000,1,True,Hungarian Grand Prix
33,24.0,0 days 00:01:21.747000,1,True,Hungarian Grand Prix
33,25.0,0 days 00:01:21.847000,1,True,Hungarian Grand Prix
33,26.0,0 days 00:01:21.722000,1,True,Hungarian Grand Prix
33,27.0,0 days 00:01:21.739000,1,True,Hungarian Grand Prix
33,28.0,0 days 00:01:21.809000,1,True,Hungarian Grand Prix
33,29.0,0 days 00:01:21.936000,1,True,Hungarian Grand Prix
33,30.0,0 days 00:01:22.188000,1,True,Hungarian Grand Prix
33,31.0,0 days 00:01:22.340000,1,True,Hungarian Grand Prix
33,32.0,0 days 00:01:22.877000,1,True,Hungarian Grand Prix
33,33.0,0 days 00:01:22.531000,1,True,Hungarian Grand Prix
33,34.0,0 days 00:01:22.736000,1,True,Hungarian Grand Prix
33,35.0,0 days 00:01:23.376000,1,True,Hungarian Grand Prix
33,36.0,0 days 00:01:25.839000,1,False,Hungarian Grand Prix
33,37.0,0 days 00:01:40.097000,1,False,Hungarian Grand Prix
33,38.0,0 days 00:01:20.492000,1,True,Hungarian Grand Prix
33,39.0,0 days 00:01:20.265000,1,True,Hungarian Grand Prix
33,40.0,0 days 00:01:20.090000,1,True,Hungarian Grand Prix
33,41.0,0 days 00:01:19.906000,1,True,Hungarian Grand Prix
33,42.0,0 days 00:01:20.299000,2,True,Hungarian Grand Prix
33,43.0,0 days 00:01:20.175000,1,True,Hungarian Grand Prix
33,44.0,0 days 00:01:20.659000,1,True,Hungarian Grand Prix
33,45.0,0 days 00:01:20.437000,1,True,Hungarian Grand Prix
33,46.0,0 days 00:01:20.617000,1,True,Hungarian Grand Prix
33,47.0,0 days 00:01:20.211000,1,True,Hungarian Grand Prix
33,48.0,0 days 00:01:20.573000,1,True,Hungarian Grand Prix
33,49.0,0 days 00:01:20.268000,1,True,Hungarian Grand Prix
33,50.0,0 days 00:01:19.830000,1,True,Hungarian Grand Prix
33,51.0,0 days 00:01:19.827000,1,True,Hungarian Grand Prix
33,52.0,0 days 00:01:19.975000,1,True,Hungarian Grand Prix
33,53.0,0 days 00:01:19.872000,1,True,Hungarian Grand Prix
33,54.0,0 days 00:01:19.763000,1,True,Hungarian Grand Prix
33,55.0,0 days 00:01:19.886000,1,True,Hungarian Grand Prix
33,56.0,0 days 00:01:20.217000,1,True,Hungarian Grand Prix
33,57.0,0 days 00:01:20.465000,1,True,Hungarian Grand Prix
33,58.0,0 days 00:01:19.767000,1,True,Hungarian Grand Prix
33,59.0,0 days 00:01:19.867000,1,True,Hungarian Grand Prix
33,60.0,0 days 00:01:19.184000,1,True,Hungarian Grand Prix
33,61.0,0 days 00:01:19.413000,1,True,Hungarian Grand Prix
33,62.0,0 days 00:01:19.564000,1,True,Hungarian Grand Prix
33,63.0,0 days 00:01:20.047000,1,True,Hungarian Grand Prix
33,64.0,0 days 00:01:19.324000,1,True,Hungarian Grand Prix
33,65.0,0 days 00:01:19.250000,1,True,Hungarian Grand Prix
33,66.0,0 days 00:01:19.321000,1,True,Hungarian Grand Prix
33,67.0,0 days 00:01:19.304000,1,True,Hungarian Grand Prix
33,68.0,0 days 00:01:19.346000,1,True,Hungarian Grand Prix
33,69.0,0 days 00:01:19.321000,1,True,Hungarian Grand Prix
33,70.0,0 days 00:01:20.222000,1,True,Hungarian Grand Prix
77,1.0,0 days 00:01:42.397000,1,False,Hungarian Grand Prix
77,2.0,0 days 00:01:38.777000,1,False,Hungarian Grand Prix
77,3.0,0 days 00:01:54.775000,1,False,Hungarian Grand Prix
77,4.0,0 days 00:01:33.140000,2,True,Hungarian Grand Prix
77,5.0,0 days 00:01:29.816000,2,True,Hungarian Grand Prix
77,6.0,0 days 00:01:26.453000,1,True,Hungarian Grand Prix
77,7.0,0 days 00:01:24.570000,1,True,Hungarian Grand Prix
77,8.0,0 days 00:01:26.200000,1,True,Hungarian Grand Prix
77,9.0,0 days 00:01:23.272000,1,True,Hungarian Grand Prix
77,10.0,0 days 00:01:22.018000,1,True,Hungarian Grand Prix
77,11.0,0 days 00:01:22.744000,1,True,Hungarian Grand Prix
77,12.0,0 days 00:01:21.872000,1,True,Hungarian Grand Prix
77,13.0,0 days 00:01:21.524000,1,True,Hungarian Grand Prix
77,14.0,0 days 00:01:21.946000,1,True,Hungarian Grand Prix
77,15.0,0 days 00:01:22.640000,1,True,Hungarian Grand Prix
77,16.0,0 days 00:01:23.165000,1,True,Hungarian Grand Prix
77,17.0,0 days 00:01:21.783000,1,True,Hungarian Grand Prix
77,18.0,0 days 00:01:21.998000,1,True,Hungarian Grand Prix
77,19.0,0 days 00:01:22.503000,1,True,Hungarian Grand Prix
77,20.0,0 days 00:01:21.424000,1,True,Hungarian Grand Prix
77,21.0,0 days 00:01:21.369000,1,True,Hungarian Grand Prix
77,22.0,0 days 00:01:21.635000,1,True,Hungarian Grand Prix
77,23.0,0 days 00:01:21.726000,1,True,Hungarian Grand Prix
77,24.0,0 days 00:01:21.683000,1,True,Hungarian Grand Prix
77,25.0,0 days 00:01:22.224000,1,True,Hungarian Grand Prix
77,26.0,0 days 00:01:21.828000,1,True,Hungarian Grand Prix
77,27.0,0 days 00:01:22.089000,1,True,Hungarian Grand Prix
77,28.0,0 days 00:01:22.207000,1,True,Hungarian Grand Prix
77,29.0,0 days 00:01:22.275000,1,True,Hungarian Grand Prix
77,30.0,0 days 00:01:22.243000,1,True,Hungarian Grand Prix
77,31.0,0 days 00:01:22.049000,1,True,Hungarian Grand Prix
77,32.0,0 days 00:01:22.241000,1,True,Hungarian Grand Prix
77,33.0,0 days 00:01:25.627000,1,False,Hungarian Grand Prix
77,34.0,0 days 00:01:38.262000,1,False,Hungarian Grand Prix
77,35.0,0 days 00:01:20.359000,1,True,Hungarian Grand Prix
77,36.0,0 days 00:01:20.128000,1,True,Hungarian Grand Prix
77,37.0,0 days 00:01:19.656000,1,True,Hungarian Grand Prix
77,38.0,0 days 00:01:18.945000,1,True,Hungarian Grand Prix
77,39.0,0 days 00:01:19.943000,1,True,Hungarian Grand Prix
77,40.0,0 days 00:01:19.102000,1,True,Hungarian Grand Prix
77,41.0,0 days 00:01:19.134000,1,True,Hungarian Grand Prix
77,42.0,0 days 00:01:19.414000,2,True,Hungarian Grand Prix
77,43.0,0 days 00:01:19.768000,1,True,Hungarian Grand Prix
77,44.0,0 days 00:01:20.147000,1,True,Hungarian Grand Prix
77,45.0,0 days 00:01:19.679000,1,True,Hungarian Grand Prix
77,46.0,0 days 00:01:20.542000,1,True,Hungarian Grand Prix
77,47.0,0 days 00:01:20.490000,1,True,Hungarian Grand Prix
77,48.0,0 days 00:01:21.285000,1,True,Hungarian Grand Prix
77,49.0,0 days 00:01:22.602000,1,False,Hungarian Grand Prix
77,50.0,0 days 00:01:37.094000,1,False,Hungarian Grand Prix
77,51.0,0 days 00:01:18.435000,1,True,Hungarian Grand Prix
77,52.0,0 days 00:01:17.913000,1,True,Hungarian Grand Prix
77,53.0,0 days 00:01:18.039000,1,True,Hungarian Grand Prix
77,54.0,0 days 00:01:18.546000,1,True,Hungarian Grand Prix
77,55.0,0 days 00:01:18.694000,1,True,Hungarian Grand Prix
77,56.0,0 days 00:01:18.373000,1,True,Hungarian Grand Prix
77,57.0,0 days 00:01:18.854000,1,True,Hungarian Grand Prix
77,58.0,0 days 00:01:19.548000,1,True,Hungarian Grand Prix
77,59.0,0 days 00:01:19.447000,1,True,Hungarian Grand Prix
77,60.0,0 days 00:01:19.079000,1,True,Hungarian Grand Prix
77,61.0,0 days 00:01:19.409000,1,True,Hungarian Grand Prix
77,62.0,0 days 00:01:18.451000,1,True,Hungarian Grand Prix
77,63.0,0 days 00:01:18.169000,1,True,Hungarian Grand Prix
77,64.0,0 days 00:01:18.165000,1,True,Hungarian Grand Prix
77,65.0,0 days 00:01:18.493000,1,True,Hungarian Grand Prix
77,66.0,0 days 00:01:17.665000,1,True,Hungarian Grand Prix
77,67.0,0 days 00:01:18.229000,1,True,Hungarian Grand Prix
77,68.0,0 days 00:01:18.508000,1,True,Hungarian Grand Prix
77,69.0,0 days 00:01:18.869000,1,True,Hungarian Grand Prix
77,70.0,0 days 00:01:20.276000,1,True,Hungarian Grand Prix
18,1.0,0 days 00:01:38.777000,1,False,Hungarian Grand Prix
18,2.0,0 days 00:01:33.732000,1,True,Hungarian Grand Prix
18,3.0,0 days 00:01:38.277000,1,False,Hungarian Grand Prix
18,4.0,0 days 00:01:57.475000,2,False,Hungarian Grand Prix
18,5.0,0 days 00:01:28.510000,2,True,Hungarian Grand Prix
18,6.0,0 days 00:01:25.602000,1,True,Hungarian Grand Prix
18,7.0,0 days 00:01:23.104000,1,True,Hungarian Grand Prix
18,8.0,0 days 00:01:23.649000,1,True,Hungarian Grand Prix
18,9.0,0 days 00:01:23.440000,1,True,Hungarian Grand Prix
18,10.0,0 days 00:01:23.549000,1,True,Hungarian Grand Prix
18,11.0,0 days 00:01:23.110000,1,True,Hungarian Grand Prix
18,12.0,0 days 00:01:23.022000,1,True,Hungarian Grand Prix
18,13.0,0 days 00:01:23.105000,1,True,Hungarian Grand Prix
18,14.0,0 days 00:01:22.741000,1,True,Hungarian Grand Prix
18,15.0,0 days 00:01:22.904000,1,True,Hungarian Grand Prix
18,16.0,0 days 00:01:21.523000,1,True,Hungarian Grand Prix
18,17.0,0 days 00:01:22.184000,1,True,Hungarian Grand Prix
18,18.0,0 days 00:01:22.039000,1,True,Hungarian Grand Prix
18,19.0,0 days 00:01:22.354000,1,True,Hungarian Grand Prix
18,20.0,0 days 00:01:21.707000,1,True,Hungarian Grand Prix
18,21.0,0 days 00:01:21.629000,1,True,Hungarian Grand Prix
18,22.0,0 days 00:01:21.868000,1,True,Hungarian Grand Prix
18,23.0,0 days 00:01:22.009000,1,True,Hungarian Grand Prix
18,24.0,0 days 00:01:22.109000,1,True,Hungarian Grand Prix
18,25.0,0 days 00:01:22.154000,1,True,Hungarian Grand Prix
18,26.0,0 days 00:01:21.882000,1,True,Hungarian Grand Prix
18,27.0,0 days 00:01:21.946000,1,True,Hungarian Grand Prix
18,28.0,0 days 00:01:21.975000,1,True,Hungarian Grand Prix
18,29.0,0 days 00:01:22.228000,1,True,Hungarian Grand Prix
18,30.0,0 days 00:01:22.152000,1,True,Hungarian Grand Prix
18,31.0,0 days 00:01:22.324000,1,True,Hungarian Grand Prix
18,32.0,0 days 00:01:22.395000,1,True,Hungarian Grand Prix
18,33.0,0 days 00:01:23.570000,1,True,Hungarian Grand Prix
18,34.0,0 days 00:01:23.151000,1,True,Hungarian Grand Prix
18,35.0,0 days 00:01:26.452000,1,False,Hungarian Grand Prix
18,36.0,0 days 00:01:40.902000,1,False,Hungarian Grand Prix
18,37.0,0 days 00:01:21.144000,1,True,Hungarian Grand Prix
18,38.0,0 days 00:01:21.205000,1,True,Hungarian Grand Prix
18,39.0,0 days 00:01:20.955000,1,True,Hungarian Grand Prix
18,40.0,0 days 00:01:21.237000,1,True,Hungarian Grand Prix
18,41.0,0 days 00:01:21.589000,1,True,Hungarian Grand Prix
18,42.0,0 days 00:01:20.929000,2,True,Hungarian Grand Prix
18,43.0,0 days 00:01:20.751000,1,True,Hungarian Grand Prix
18,44.0,0 days 00:01:20.822000,1,True,Hungarian Grand Prix
18,45.0,0 days 00:01:20.778000,1,True,Hungarian Grand Prix
18,46.0,0 days 00:01:20.746000,1,True,Hungarian Grand Prix
18,47.0,0 days 00:01:20.922000,1,True,Hungarian Grand Prix
18,48.0,0 days 00:01:20.713000,1,True,Hungarian Grand Prix
18,49.0,0 days 00:01:21.207000,1,True,Hungarian Grand Prix
18,50.0,0 days 00:01:21.595000,1,True,Hungarian Grand Prix
18,51.0,0 days 00:01:20.899000,1,True,Hungarian Grand Prix
18,52.0,0 days 00:01:23.652000,1,False,Hungarian Grand Prix
18,53.0,0 days 00:01:38.188000,1,False,Hungarian Grand Prix
18,54.0,0 days 00:01:19.550000,1,True,Hungarian Grand Prix
18,55.0,0 days 00:01:20.012000,1,True,Hungarian Grand Prix
18,56.0,0 days 00:01:20.253000,1,True,Hungarian Grand Prix
18,57.0,0 days 00:01:20.262000,1,True,Hungarian Grand Prix
18,58.0,0 days 00:01:19.475000,1,True,Hungarian Grand Prix
18,59.0,0 days 00:01:19.598000,1,True,Hungarian Grand Prix
18,60.0,0 days 00:01:19.224000,1,True,Hungarian Grand Prix
18,61.0,0 days 00:01:19.397000,1,True,Hungarian Grand Prix
18,62.0,0 days 00:01:19.324000,1,True,Hungarian Grand Prix
18,63.0,0 days 00:01:19.337000,1,True,Hungarian Grand Prix
18,64.0,0 days 00:01:19.427000,1,True,Hungarian Grand Prix
18,65.0,0 days 00:01:19.378000,1,True,Hungarian Grand Prix
18,66.0,0 days 00:01:19.537000,1,True,Hungarian Grand Prix
18,67.0,0 days 00:01:19.694000,1,True,Hungarian Grand Prix
18,68.0,0 days 00:01:18.973000,1,True,Hungarian Grand Prix
18,69.0,0 days 00:01:19.151000,1,True,Hungarian Grand Prix
18,70.0,0 days 00:01:20.578000,1,True,Hungarian Grand Prix
23,1.0,0 days 00:01:47.561000,1,False,Hungarian Grand Prix
23,2.0,0 days 00:01:36.192000,1,True,Hungarian Grand Prix
23,3.0,0 days 00:01:38.884000,1,False,Hungarian Grand Prix
23,4.0,0 days 00:01:51.950000,2,False,Hungarian Grand Prix
23,5.0,0 days 00:01:28.886000,1,True,Hungarian Grand Prix
23,6.0,0 days 00:01:25.890000,1,True,Hungarian Grand Prix
23,7.0,0 days 00:01:24.436000,1,True,Hungarian Grand Prix
23,8.0,0 days 00:01:25.139000,1,True,Hungarian Grand Prix
23,9.0,0 days 00:01:24.012000,1,True,Hungarian Grand Prix
23,10.0,0 days 00:01:23.342000,1,True,Hungarian Grand Prix
23,11.0,0 days 00:01:23.506000,1,True,Hungarian Grand Prix
23,12.0,0 days 00:01:23.030000,1,True,Hungarian Grand Prix
23,13.0,0 days 00:01:24.018000,1,True,Hungarian Grand Prix
23,14.0,0 days 00:01:24.395000,1,True,Hungarian Grand Prix
23,15.0,0 days 00:01:24.419000,1,True,Hungarian Grand Prix
23,16.0,0 days 00:01:24.418000,1,True,Hungarian Grand Prix
23,17.0,0 days 00:01:24.394000,1,True,Hungarian Grand Prix
23,18.0,0 days 00:01:23.014000,1,True,Hungarian Grand Prix
23,19.0,0 days 00:01:22.737000,1,True,Hungarian Grand Prix
23,20.0,0 days 00:01:22.633000,1,True,Hungarian Grand Prix
23,21.0,0 days 00:01:22.992000,1,True,Hungarian Grand Prix
23,22.0,0 days 00:01:22.720000,1,True,Hungarian Grand Prix
23,23.0,0 days 00:01:23.134000,1,True,Hungarian Grand Prix
23,24.0,0 days 00:01:23.026000,1,True,Hungarian Grand Prix
23,25.0,0 days 00:01:22.790000,1,True,Hungarian Grand Prix
23,26.0,0 days 00:01:22.860000,1,True,Hungarian Grand Prix
23,27.0,0 days 00:01:23.149000,1,True,Hungarian Grand Prix
23,28.0,0 days 00:01:23.710000,1,True,Hungarian Grand Prix
23,29.0,0 days 00:01:23.491000,1,True,Hungarian Grand Prix
23,30.0,0 days 00:01:22.849000,1,True,Hungarian Grand Prix
23,31.0,0 days 00:01:22.750000,1,True,Hungarian Grand Prix
23,32.0,0 days 00:01:22.646000,1,True,Hungarian Grand Prix
23,33.0,0 days 00:01:22.669000,1,True,Hungarian Grand Prix
23,34.0,0 days 00:01:25.954000,1,False,Hungarian Grand Prix
23,35.0,0 days 00:01:41.225000,1,False,Hungarian Grand Prix
23,36.0,0 days 00:01:23.315000,1,True,Hungarian Grand Prix
23,37.0,0 days 00:01:20.324000,1,True,Hungarian Grand Prix
23,38.0,0 days 00:01:20.610000,1,True,Hungarian Grand Prix
23,39.0,0 days 00:01:20.703000,1,True,Hungarian Grand Prix
23,40.0,0 days 00:01:20.415000,1,True,Hungarian Grand Prix
23,41.0,0 days 00:01:20.264000,1,True,Hungarian Grand Prix
23,42.0,0 days 00:01:20.336000,2,True,Hungarian Grand Prix
23,43.0,0 days 00:01:21.087000,1,True,Hungarian Grand Prix
23,44.0,0 days 00:01:20.511000,1,True,Hungarian Grand Prix
23,45.0,0 days 00:01:20.305000,1,True,Hungarian Grand Prix
23,46.0,0 days 00:01:20.346000,1,True,Hungarian Grand Prix
23,47.0,0 days 00:01:20.578000,1,True,Hungarian Grand Prix
23,48.0,0 days 00:01:20.368000,1,True,Hungarian Grand Prix
23,49.0,0 days 00:01:20.510000,1,True,Hungarian Grand Prix
23,50.0,0 days 00:01:20.271000,1,True,Hungarian Grand Prix
23,51.0,0 days 00:01:20.295000,1,True,Hungarian Grand Prix
23,52.0,0 days 00:01:20.843000,1,True,Hungarian Grand Prix
23,53.0,0 days 00:01:21.025000,1,True,Hungarian Grand Prix
23,54.0,0 days 00:01:20.788000,1,True,Hungarian Grand Prix
23,55.0,0 days 00:01:21.520000,1,True,Hungarian Grand Prix
23,56.0,0 days 00:01:22.337000,1,True,Hungarian Grand Prix
23,57.0,0 days 00:01:20.740000,1,True,Hungarian Grand Prix
23,58.0,0 days 00:01:20.489000,1,True,Hungarian Grand Prix
23,59.0,0 days 00:01:20.744000,1,True,Hungarian Grand Prix
23,60.0,0 days 00:01:20.539000,1,True,Hungarian Grand Prix
23,61.0,0 days 00:01:20.804000,1,True,Hungarian Grand Prix
23,62.0,0 days 00:01:20.436000,1,True,Hungarian Grand Prix
23,63.0,0 days 00:01:20.916000,1,True,Hungarian Grand Prix
23,64.0,0 days 00:01:20.760000,1,True,Hungarian Grand Prix
23,65.0,0 days 00:01:20.536000,1,True,Hungarian Grand Prix
23,66.0,0 days 00:01:19.488000,1,True,Hungarian Grand Prix
23,67.0,0 days 00:01:19.617000,1,True,Hungarian Grand Prix
23,68.0,0 days 00:01:19.440000,1,True,Hungarian Grand Prix
23,69.0,0 days 00:01:20.159000,1,True,Hungarian Grand Prix
23,70.0,0 days 00:01:20.549000,1,True,Hungarian Grand Prix
5,1.0,0 days 00:01:40.746000,1,False,Hungarian Grand Prix
5,2.0,0 days 00:01:34.777000,1,True,Hungarian Grand Prix
5,3.0,0 days 00:01:39.675000,1,False,Hungarian Grand Prix
5,4.0,0 days 00:01:57.261000,2,False,Hungarian Grand Prix
5,5.0,0 days 00:01:29.026000,1,True,Hungarian Grand Prix
5,6.0,0 days 00:01:26.230000,1,True,Hungarian Grand Prix
5,7.0,0 days 00:01:25.027000,1,True,Hungarian Grand Prix
5,8.0,0 days 00:01:24.807000,1,True,Hungarian Grand Prix
5,9.0,0 days 00:01:23.830000,1,True,Hungarian Grand Prix
5,10.0,0 days 00:01:24.022000,1,True,Hungarian Grand Prix
5,11.0,0 days 00:01:25.775000,1,True,Hungarian Grand Prix
5,12.0,0 days 00:01:23.397000,1,True,Hungarian Grand Prix
5,13.0,0 days 00:01:23.222000,1,True,Hungarian Grand Prix
5,14.0,0 days 00:01:24.218000,1,True,Hungarian Grand Prix
5,15.0,0 days 00:01:24.262000,1,True,Hungarian Grand Prix
5,16.0,0 days 00:01:24.391000,1,True,Hungarian Grand Prix
5,17.0,0 days 00:01:24.478000,1,True,Hungarian Grand Prix
5,18.0,0 days 00:01:25.208000,1,True,Hungarian Grand Prix
5,19.0,0 days 00:01:22.686000,1,True,Hungarian Grand Prix
5,20.0,0 days 00:01:22.435000,1,True,Hungarian Grand Prix
5,21.0,0 days 00:01:22.462000,1,True,Hungarian Grand Prix
5,22.0,0 days 00:01:22.331000,1,True,Hungarian Grand Prix
5,23.0,0 days 00:01:22.808000,1,True,Hungarian Grand Prix
5,24.0,0 days 00:01:22.980000,1,True,Hungarian Grand Prix
5,25.0,0 days 00:01:22.787000,1,True,Hungarian Grand Prix
5,26.0,0 days 00:01:22.766000,1,True,Hungarian Grand Prix
5,27.0,0 days 00:01:23.042000,1,True,Hungarian Grand Prix
5,28.0,0 days 00:01:23.404000,1,True,Hungarian Grand Prix
5,29.0,0 days 00:01:27.223000,1,False,Hungarian Grand Prix
5,30.0,0 days 00:01:41.180000,1,False,Hungarian Grand Prix
5,31.0,0 days 00:01:20.786000,1,True,Hungarian Grand Prix
5,32.0,0 days 00:01:20.734000,1,True,Hungarian Grand Prix
5,33.0,0 days 00:01:21.617000,1,True,Hungarian Grand Prix
5,34.0,0 days 00:01:21.867000,1,True,Hungarian Grand Prix
5,35.0,0 days 00:01:22.539000,1,True,Hungarian Grand Prix
5,36.0,0 days 00:01:21.808000,1,True,Hungarian Grand Prix
5,37.0,0 days 00:01:21.091000,1,True,Hungarian Grand Prix
5,38.0,0 days 00:01:21.129000,1,True,Hungarian Grand Prix
5,39.0,0 days 00:01:20.966000,1,True,Hungarian Grand Prix
5,40.0,0 days 00:01:20.856000,1,True,Hungarian Grand Prix
5,41.0,0 days 00:01:20.503000,1,True,Hungarian Grand Prix
5,42.0,0 days 00:01:20.878000,2,True,Hungarian Grand Prix
5,43.0,0 days 00:01:20.966000,1,True,Hungarian Grand Prix
5,44.0,0 days 00:01:20.807000,1,True,Hungarian Grand Prix
5,45.0,0 days 00:01:20.408000,1,True,Hungarian Grand Prix
5,46.0,0 days 00:01:20.624000,1,True,Hungarian Grand Prix
5,47.0,0 days 00:01:20.865000,1,True,Hungarian Grand Prix
5,48.0,0 days 00:01:20.456000,1,True,Hungarian Grand Prix
5,49.0,0 days 00:01:20.363000,1,True,Hungarian Grand Prix
5,50.0,0 days 00:01:20.621000,1,True,Hungarian Grand Prix
5,51.0,0 days 00:01:20.647000,1,True,Hungarian Grand Prix
5,52.0,0 days 00:01:21.081000,1,True,Hungarian Grand Prix
5,53.0,0 days 00:01:21.596000,1,True,Hungarian Grand Prix
5,54.0,0 days 00:01:20.964000,1,True,Hungarian Grand Prix
5,55.0,0 days 00:01:20.623000,1,True,Hungarian Grand Prix
5,56.0,0 days 00:01:20.928000,1,True,Hungarian Grand Prix
5,57.0,0 days 00:01:22.882000,1,True,Hungarian Grand Prix
5,58.0,0 days 00:01:20.495000,1,True,Hungarian Grand Prix
5,59.0,0 days 00:01:20.681000,1,True,Hungarian Grand Prix
5,60.0,0 days 00:01:20.809000,1,True,Hungarian Grand Prix
5,61.0,0 days 00:01:20.831000,1,True,Hungarian Grand Prix
5,62.0,0 days 00:01:20.713000,1,True,Hungarian Grand Prix
5,63.0,0 days 00:01:20.805000,1,True,Hungarian Grand Prix
5,64.0,0 days 00:01:20.641000,1,True,Hungarian Grand Prix
5,65.0,0 days 00:01:20.540000,1,True,Hungarian Grand Prix
5,66.0,0 days 00:01:22.717000,1,True,Hungarian Grand Prix
5,67.0,0 days 00:01:20.850000,1,True,Hungarian Grand Prix
5,68.0,0 days 00:01:22.863000,1,True,Hungarian Grand Prix
5,69.0,0 days 00:01:20.955000,1,True,Hungarian Grand Prix
11,1.0,0 days 00:01:43.895000,1,False,Hungarian Grand Prix
11,2.0,0 days 00:01:35.320000,1,True,Hungarian Grand Prix
11,3.0,0 days 00:01:38.609000,1,False,Hungarian Grand Prix
11,4.0,0 days 00:01:53.691000,2,False,Hungarian Grand Prix
11,5.0,0 days 00:01:34.809000,1,True,Hungarian Grand Prix
11,6.0,0 days 00:01:26.792000,1,True,Hungarian Grand Prix
11,7.0,0 days 00:01:25.140000,1,True,Hungarian Grand Prix
11,8.0,0 days 00:01:24.052000,1,True,Hungarian Grand Prix
11,9.0,0 days 00:01:23.551000,1,True,Hungarian Grand Prix
11,10.0,0 days 00:01:23.103000,1,True,Hungarian Grand Prix
11,11.0,0 days 00:01:23.304000,1,True,Hungarian Grand Prix
11,12.0,0 days 00:01:24.015000,1,True,Hungarian Grand Prix
11,13.0,0 days 00:01:23.596000,1,True,Hungarian Grand Prix
11,14.0,0 days 00:01:23.501000,1,True,Hungarian Grand Prix
11,15.0,0 days 00:01:24.006000,1,True,Hungarian Grand Prix
11,16.0,0 days 00:01:24.223000,1,True,Hungarian Grand Prix
11,17.0,0 days 00:01:24.352000,1,True,Hungarian Grand Prix
11,18.0,0 days 00:01:24.961000,1,True,Hungarian Grand Prix
11,19.0,0 days 00:01:25.525000,1,True,Hungarian Grand Prix
11,20.0,0 days 00:01:25.517000,1,True,Hungarian Grand Prix
11,21.0,0 days 00:01:21.769000,1,True,Hungarian Grand Prix
11,22.0,0 days 00:01:22.090000,1,True,Hungarian Grand Prix
11,23.0,0 days 00:01:21.914000,1,True,Hungarian Grand Prix
11,24.0,0 days 00:01:21.928000,1,True,Hungarian Grand Prix
11,25.0,0 days 00:01:22.159000,1,True,Hungarian Grand Prix
11,26.0,0 days 00:01:22.231000,1,True,Hungarian Grand Prix
11,27.0,0 days 00:01:22.555000,1,True,Hungarian Grand Prix
11,28.0,0 days 00:01:23.108000,1,True,Hungarian Grand Prix
11,29.0,0 days 00:01:23.982000,1,True,Hungarian Grand Prix
11,30.0,0 days 00:01:23.491000,1,True,Hungarian Grand Prix
11,31.0,0 days 00:01:22.171000,1,True,Hungarian Grand Prix
11,32.0,0 days 00:01:22.479000,1,True,Hungarian Grand Prix
11,33.0,0 days 00:01:22.461000,1,True,Hungarian Grand Prix
11,34.0,0 days 00:01:22.811000,1,True,Hungarian Grand Prix
11,35.0,0 days 00:01:26.055000,1,False,Hungarian Grand Prix
11,36.0,0 days 00:01:40.279000,1,False,Hungarian Grand Prix
11,37.0,0 days 00:01:21.763000,1,True,Hungarian Grand Prix
11,38.0,0 days 00:01:21.282000,1,True,Hungarian Grand Prix
11,39.0,0 days 00:01:20.090000,1,True,Hungarian Grand Prix
11,40.0,0 days 00:01:20.445000,1,True,Hungarian Grand Prix
11,41.0,0 days 00:01:20.431000,1,True,Hungarian Grand Prix
11,42.0,0 days 00:01:20.212000,2,True,Hungarian Grand Prix
11,43.0,0 days 00:01:20.602000,1,True,Hungarian Grand Prix
11,44.0,0 days 00:01:20.686000,1,True,Hungarian Grand Prix
11,45.0,0 days 00:01:20.214000,1,True,Hungarian Grand Prix
11,46.0,0 days 00:01:20.589000,1,True,Hungarian Grand Prix
11,47.0,0 days 00:01:20.582000,1,True,Hungarian Grand Prix
11,48.0,0 days 00:01:20.267000,1,True,Hungarian Grand Prix
11,49.0,0 days 00:01:20.604000,1,True,Hungarian Grand Prix
11,50.0,0 days 00:01:20.715000,1,True,Hungarian Grand Prix
11,51.0,0 days 00:01:20.310000,1,True,Hungarian Grand Prix
11,52.0,0 days 00:01:20.556000,1,True,Hungarian Grand Prix
11,53.0,0 days 00:01:22.608000,1,True,Hungarian Grand Prix
11,54.0,0 days 00:01:20.952000,1,True,Hungarian Grand Prix
11,55.0,0 days 00:01:20.308000,1,True,Hungarian Grand Prix
11,56.0,0 days 00:01:21.065000,1,True,Hungarian Grand Prix
11,57.0,0 days 00:01:20.922000,1,True,Hungarian Grand Prix
11,58.0,0 days 00:01:20.606000,1,True,Hungarian Grand Prix
11,59.0,0 days 00:01:20.696000,1,True,Hungarian Grand Prix
11,60.0,0 days 00:01:20.490000,1,True,Hungarian Grand Prix
11,61.0,0 days 00:01:20.968000,1,True,Hungarian Grand Prix
11,62.0,0 days 00:01:20.735000,1,True,Hungarian Grand Prix
11,63.0,0 days 00:01:20.248000,1,True,Hungarian Grand Prix
11,64.0,0 days 00:01:20.478000,1,True,Hungarian Grand Prix
11,65.0,0 days 00:01:20.424000,1,True,Hungarian Grand Prix
11,66.0,0 days 00:01:20.947000,1,True,Hungarian Grand Prix
11,67.0,0 days 00:01:22.051000,1,True,Hungarian Grand Prix
11,68.0,0 days 00:01:21.797000,1,True,Hungarian Grand Prix
11,69.0,0 days 00:01:21.011000,1,True,Hungarian Grand Prix
3,1.0,0 days 00:01:45.692000,1,False,Hungarian Grand Prix
3,2.0,0 days 00:01:36.511000,1,True,Hungarian Grand Prix
3,3.0,0 days 00:01:35.918000,1,True,Hungarian Grand Prix
3,4.0,0 days 00:01:37.019000,2,False,Hungarian Grand Prix
3,5.0,0 days 00:01:51.736000,2,False,Hungarian Grand Prix
3,6.0,0 days 00:01:27.280000,1,True,Hungarian Grand Prix
3,7.0,0 days 00:01:25.192000,1,True,Hungarian Grand Prix
3,8.0,0 days 00:01:23.968000,1,True,Hungarian Grand Prix
3,9.0,0 days 00:01:23.543000,1,True,Hungarian Grand Prix
3,10.0,0 days 00:01:23.226000,1,True,Hungarian Grand Prix
3,11.0,0 days 00:01:23.540000,1,True,Hungarian Grand Prix
3,12.0,0 days 00:01:23.755000,1,True,Hungarian Grand Prix
3,13.0,0 days 00:01:23.599000,1,True,Hungarian Grand Prix
3,14.0,0 days 00:01:23.445000,1,True,Hungarian Grand Prix
3,15.0,0 days 00:01:23.650000,1,True,Hungarian Grand Prix
3,16.0,0 days 00:01:24.201000,1,True,Hungarian Grand Prix
3,17.0,0 days 00:01:24.370000,1,True,Hungarian Grand Prix
3,18.0,0 days 00:01:24.933000,1,True,Hungarian Grand Prix
3,19.0,0 days 00:01:25.251000,1,True,Hungarian Grand Prix
3,20.0,0 days 00:01:25.736000,1,True,Hungarian Grand Prix
3,21.0,0 days 00:01:23.038000,1,True,Hungarian Grand Prix
3,22.0,0 days 00:01:23.003000,1,True,Hungarian Grand Prix
3,23.0,0 days 00:01:22.790000,1,True,Hungarian Grand Prix
3,24.0,0 days 00:01:22.704000,1,True,Hungarian Grand Prix
3,25.0,0 days 00:01:22.728000,1,True,Hungarian Grand Prix
3,26.0,0 days 00:01:22.687000,1,True,Hungarian Grand Prix
3,27.0,0 days 00:01:22.509000,1,True,Hungarian Grand Prix
3,28.0,0 days 00:01:22.605000,1,True,Hungarian Grand Prix
3,29.0,0 days 00:01:22.462000,1,True,Hungarian Grand Prix
3,30.0,0 days 00:01:23.714000,1,True,Hungarian Grand Prix
3,31.0,0 days 00:01:22.645000,1,True,Hungarian Grand Prix
3,32.0,0 days 00:01:23.159000,1,True,Hungarian Grand Prix
3,33.0,0 days 00:01:22.107000,1,True,Hungarian Grand Prix
3,34.0,0 days 00:01:22.318000,1,True,Hungarian Grand Prix
3,35.0,0 days 00:01:22.160000,1,True,Hungarian Grand Prix
3,36.0,0 days 00:01:21.567000,1,True,Hungarian Grand Prix
3,37.0,0 days 00:01:21.545000,1,True,Hungarian Grand Prix
3,38.0,0 days 00:01:21.562000,1,True,Hungarian Grand Prix
3,39.0,0 days 00:01:21.720000,1,True,Hungarian Grand Prix
3,40.0,0 days 00:01:21.426000,1,True,Hungarian Grand Prix
3,41.0,0 days 00:01:21.566000,1,True,Hungarian Grand Prix
3,42.0,0 days 00:01:22.376000,2,True,Hungarian Grand Prix
3,43.0,0 days 00:01:24.270000,1,False,Hungarian Grand Prix
3,44.0,0 days 00:01:39.420000,1,False,Hungarian Grand Prix
3,45.0,0 days 00:01:19.727000,1,True,Hungarian Grand Prix
3,46.0,0 days 00:01:19.532000,1,True,Hungarian Grand Prix
3,47.0,0 days 00:01:20.196000,1,True,Hungarian Grand Prix
3,48.0,0 days 00:01:19.799000,1,True,Hungarian Grand Prix
3,49.0,0 days 00:01:19.877000,1,True,Hungarian Grand Prix
3,50.0,0 days 00:01:19.830000,1,True,Hungarian Grand Prix
3,51.0,0 days 00:01:20.335000,1,True,Hungarian Grand Prix
3,52.0,0 days 00:01:20.174000,1,True,Hungarian Grand Prix
3,53.0,0 days 00:01:20.176000,1,True,Hungarian Grand Prix
3,54.0,0 days 00:01:20.365000,1,True,Hungarian Grand Prix
3,55.0,0 days 00:01:20.246000,1,True,Hungarian Grand Prix
3,56.0,0 days 00:01:20.768000,1,True,Hungarian Grand Prix
3,57.0,0 days 00:01:20.506000,1,True,Hungarian Grand Prix
3,58.0,0 days 00:01:20.617000,1,True,Hungarian Grand Prix
3,59.0,0 days 00:01:20.634000,1,True,Hungarian Grand Prix
3,60.0,0 days 00:01:20.712000,1,True,Hungarian Grand Prix
3,61.0,0 days 00:01:20.966000,1,True,Hungarian Grand Prix
3,62.0,0 days 00:01:20.785000,1,True,Hungarian Grand Prix
3,63.0,0 days 00:01:20.765000,1,True,Hungarian Grand Prix
3,64.0,0 days 00:01:20.482000,1,True,Hungarian Grand Prix
3,65.0,0 days 00:01:20.178000,1,True,Hungarian Grand Prix
3,66.0,0 days 00:01:23.343000,1,True,Hungarian Grand Prix
3,67.0,0 days 00:01:20.017000,1,True,Hungarian Grand Prix
3,68.0,0 days 00:01:20.370000,1,True,Hungarian Grand Prix
3,69.0,0 days 00:01:21.003000,1,True,Hungarian Grand Prix
55,1.0,0 days 00:01:44.472000,1,False,Hungarian Grand Prix
55,2.0,0 days 00:01:36.099000,1,True,Hungarian Grand Prix
55,3.0,0 days 00:01:39.140000,1,False,Hungarian Grand Prix
55,4.0,0 days 00:01:55.830000,2,False,Hungarian Grand Prix
55,5.0,0 days 00:01:31.968000,1,True,Hungarian Grand Prix
55,6.0,0 days 00:01:27.395000,1,True,Hungarian Grand Prix
55,7.0,0 days 00:01:25.317000,1,True,Hungarian Grand Prix
55,8.0,0 days 00:01:24.239000,1,True,Hungarian Grand Prix
55,9.0,0 days 00:01:23.595000,1,True,Hungarian Grand Prix
55,10.0,0 days 00:01:23.072000,1,True,Hungarian Grand Prix
55,11.0,0 days 00:01:23.749000,1,True,Hungarian Grand Prix
55,12.0,0 days 00:01:23.527000,1,True,Hungarian Grand Prix
55,13.0,0 days 00:01:23.400000,1,True,Hungarian Grand Prix
55,14.0,0 days 00:01:23.435000,1,True,Hungarian Grand Prix
55,15.0,0 days 00:01:23.648000,1,True,Hungarian Grand Prix
55,16.0,0 days 00:01:24.097000,1,True,Hungarian Grand Prix
55,17.0,0 days 00:01:24.467000,1,True,Hungarian Grand Prix
55,18.0,0 days 00:01:24.805000,1,True,Hungarian Grand Prix
55,19.0,0 days 00:01:25.161000,1,True,Hungarian Grand Prix
55,20.0,0 days 00:01:25.976000,1,True,Hungarian Grand Prix
55,21.0,0 days 00:01:22.923000,1,True,Hungarian Grand Prix
55,22.0,0 days 00:01:23.550000,1,True,Hungarian Grand Prix
55,23.0,0 days 00:01:23.144000,1,True,Hungarian Grand Prix
55,24.0,0 days 00:01:22.850000,1,True,Hungarian Grand Prix
55,25.0,0 days 00:01:22.772000,1,True,Hungarian Grand Prix
55,26.0,0 days 00:01:22.681000,1,True,Hungarian Grand Prix
55,27.0,0 days 00:01:22.574000,1,True,Hungarian Grand Prix
55,28.0,0 days 00:01:22.596000,1,True,Hungarian Grand Prix
55,29.0,0 days 00:01:22.583000,1,True,Hungarian Grand Prix
55,30.0,0 days 00:01:22.917000,1,True,Hungarian Grand Prix
55,31.0,0 days 00:01:23.098000,1,True,Hungarian Grand Prix
55,32.0,0 days 00:01:22.676000,1,True,Hungarian Grand Prix
55,33.0,0 days 00:01:24.849000,1,True,Hungarian Grand Prix
55,34.0,0 days 00:01:22.361000,1,True,Hungarian Grand Prix
55,35.0,0 days 00:01:22.562000,1,True,Hungarian Grand Prix
55,36.0,0 days 00:01:22.077000,1,True,Hungarian Grand Prix
55,37.0,0 days 00:01:21.865000,1,True,Hungarian Grand Prix
55,38.0,0 days 00:01:21.763000,1,True,Hungarian Grand Prix
55,39.0,0 days 00:01:22.121000,1,True,Hungarian Grand Prix
55,40.0,0 days 00:01:25.041000,1,False,Hungarian Grand Prix
55,41.0,0 days 00:01:39.868000,2,False,Hungarian Grand Prix
55,42.0,0 days 00:01:20.066000,2,True,Hungarian Grand Prix
55,43.0,0 days 00:01:20.233000,1,True,Hungarian Grand Prix
55,44.0,0 days 00:01:21.065000,1,True,Hungarian Grand Prix
55,45.0,0 days 00:01:20.752000,1,True,Hungarian Grand Prix
55,46.0,0 days 00:01:21.755000,1,True,Hungarian Grand Prix
55,47.0,0 days 00:01:20.794000,1,True,Hungarian Grand Prix
55,48.0,0 days 00:01:20.886000,1,True,Hungarian Grand Prix
55,49.0,0 days 00:01:21.464000,1,True,Hungarian Grand Prix
55,50.0,0 days 00:01:21.421000,1,True,Hungarian Grand Prix
55,51.0,0 days 00:01:21.629000,1,True,Hungarian Grand Prix
55,52.0,0 days 00:01:21.108000,1,True,Hungarian Grand Prix
55,53.0,0 days 00:01:21.340000,1,True,Hungarian Grand Prix
55,54.0,0 days 00:01:20.932000,1,True,Hungarian Grand Prix
55,55.0,0 days 00:01:21.630000,1,True,Hungarian Grand Prix
55,56.0,0 days 00:01:23.061000,1,True,Hungarian Grand Prix
55,57.0,0 days 00:01:22.084000,1,True,Hungarian Grand Prix
55,58.0,0 days 00:01:21.746000,1,True,Hungarian Grand Prix
55,59.0,0 days 00:01:22.032000,1,True,Hungarian Grand Prix
55,60.0,0 days 00:01:19.644000,1,True,Hungarian Grand Prix
55,61.0,0 days 00:01:22.493000,1,True,Hungarian Grand Prix
55,62.0,0 days 00:01:20.176000,1,True,Hungarian Grand Prix
55,63.0,0 days 00:01:19.581000,1,True,Hungarian Grand Prix
55,64.0,0 days 00:01:19.828000,1,True,Hungarian Grand Prix
55,65.0,0 days 00:01:19.806000,1,True,Hungarian Grand Prix
55,66.0,0 days 00:01:19.740000,1,True,Hungarian Grand Prix
55,67.0,0 days 00:01:19.457000,1,True,Hungarian Grand Prix
55,68.0,0 days 00:01:19.672000,1,True,Hungarian Grand Prix
55,69.0,0 days 00:01:19.810000,1,True,Hungarian Grand Prix
20,1.0,0 days 00:01:57.638000,1,False,Hungarian Grand Prix
20,2.0,0 days 00:01:38.036000,1,True,Hungarian Grand Prix
20,3.0,0 days 00:01:34.228000,1,True,Hungarian Grand Prix
20,4.0,0 days 00:01:32.358000,2,True,Hungarian Grand Prix
20,5.0,0 days 00:01:29.284000,2,True,Hungarian Grand Prix
20,6.0,0 days 00:01:26.598000,1,True,Hungarian Grand Prix
20,7.0,0 days 00:01:25.235000,1,True,Hungarian Grand Prix
20,8.0,0 days 00:01:24.539000,1,True,Hungarian Grand Prix
20,9.0,0 days 00:01:23.874000,1,True,Hungarian Grand Prix
20,10.0,0 days 00:01:23.432000,1,True,Hungarian Grand Prix
20,11.0,0 days 00:01:23.026000,1,True,Hungarian Grand Prix
20,12.0,0 days 00:01:22.989000,1,True,Hungarian Grand Prix
20,13.0,0 days 00:01:22.677000,1,True,Hungarian Grand Prix
20,14.0,0 days 00:01:23.142000,1,True,Hungarian Grand Prix
20,15.0,0 days 00:01:23.224000,1,True,Hungarian Grand Prix
20,16.0,0 days 00:01:24.558000,1,True,Hungarian Grand Prix
20,17.0,0 days 00:01:24.980000,1,True,Hungarian Grand Prix
20,18.0,0 days 00:01:23.502000,1,True,Hungarian Grand Prix
20,19.0,0 days 00:01:23.391000,1,True,Hungarian Grand Prix
20,20.0,0 days 00:01:23.840000,1,True,Hungarian Grand Prix
20,21.0,0 days 00:01:23.815000,1,True,Hungarian Grand Prix
20,22.0,0 days 00:01:24.114000,1,True,Hungarian Grand Prix
20,23.0,0 days 00:01:24.145000,1,True,Hungarian Grand Prix
20,24.0,0 days 00:01:23.275000,1,True,Hungarian Grand Prix
20,25.0,0 days 00:01:23.400000,1,True,Hungarian Grand Prix
20,26.0,0 days 00:01:23.372000,1,True,Hungarian Grand Prix
20,27.0,0 days 00:01:23.647000,1,True,Hungarian Grand Prix
20,28.0,0 days 00:01:23.268000,1,True,Hungarian Grand Prix
20,29.0,0 days 00:01:23.355000,1,True,Hungarian Grand Prix
20,30.0,0 days 00:01:23.516000,1,True,Hungarian Grand Prix
20,31.0,0 days 00:01:22.988000,1,True,Hungarian Grand Prix
20,32.0,0 days 00:01:23.034000,1,True,Hungarian Grand Prix
20,33.0,0 days 00:01:23.162000,1,True,Hungarian Grand Prix
20,34.0,0 days 00:01:23.998000,1,True,Hungarian Grand Prix
20,35.0,0 days 00:01:28.082000,1,False,Hungarian Grand Prix
20,36.0,0 days 00:01:43.831000,1,False,Hungarian Grand Prix
20,37.0,0 days 00:01:22.928000,1,True,Hungarian Grand Prix
20,38.0,0 days 00:01:21.366000,1,True,Hungarian Grand Prix
20,39.0,0 days 00:01:22.922000,1,True,Hungarian Grand Prix
20,40.0,0 days 00:01:21.642000,1,True,Hungarian Grand Prix
20,41.0,0 days 00:01:21.154000,1,True,Hungarian Grand Prix
20,42.0,0 days 00:01:20.978000,2,True,Hungarian Grand Prix
20,43.0,0 days 00:01:20.803000,1,True,Hungarian Grand Prix
20,44.0,0 days 00:01:23.491000,1,True,Hungarian Grand Prix
20,45.0,0 days 00:01:21.014000,1,True,Hungarian Grand Prix
20,46.0,0 days 00:01:22.926000,1,True,Hungarian Grand Prix
20,47.0,0 days 00:01:21.244000,1,True,Hungarian Grand Prix
20,48.0,0 days 00:01:21.030000,1,True,Hungarian Grand Prix
20,49.0,0 days 00:01:21.005000,1,True,Hungarian Grand Prix
20,50.0,0 days 00:01:20.843000,1,True,Hungarian Grand Prix
20,51.0,0 days 00:01:20.557000,1,True,Hungarian Grand Prix
20,52.0,0 days 00:01:20.816000,1,True,Hungarian Grand Prix
20,53.0,0 days 00:01:20.984000,1,True,Hungarian Grand Prix
20,54.0,0 days 00:01:20.712000,1,True,Hungarian Grand Prix
20,55.0,0 days 00:01:20.836000,1,True,Hungarian Grand Prix
20,56.0,0 days 00:01:20.864000,1,True,Hungarian Grand Prix
20,57.0,0 days 00:01:20.765000,1,True,Hungarian Grand Prix
20,58.0,0 days 00:01:20.739000,1,True,Hungarian Grand Prix
20,59.0,0 days 00:01:20.528000,1,True,Hungarian Grand Prix
20,60.0,0 days 00:01:20.772000,1,True,Hungarian Grand Prix
20,61.0,0 days 00:01:20.567000,1,True,Hungarian Grand Prix
20,62.0,0 days 00:01:20.974000,1,True,Hungarian Grand Prix
20,63.0,0 days 00:01:23.022000,1,True,Hungarian Grand Prix
20,64.0,0 days 00:01:20.878000,1,True,Hungarian Grand Prix
20,65.0,0 days 00:01:21.780000,1,True,Hungarian Grand Prix
20,66.0,0 days 00:01:20.866000,1,True,Hungarian Grand Prix
20,67.0,0 days 00:01:20.492000,1,True,Hungarian Grand Prix
20,68.0,0 days 00:01:20.477000,1,True,Hungarian Grand Prix
20,69.0,0 days 00:01:20.868000,1,True,Hungarian Grand Prix
16,1.0,0 days 00:01:41.753000,1,False,Hungarian Grand Prix
16,2.0,0 days 00:01:38.230000,1,False,Hungarian Grand Prix
16,3.0,0 days 00:01:53.361000,1,False,Hungarian Grand Prix
16,4.0,0 days 00:01:35.218000,2,True,Hungarian Grand Prix
16,5.0,0 days 00:01:29.981000,2,True,Hungarian Grand Prix
16,6.0,0 days 00:01:26.241000,1,True,Hungarian Grand Prix
16,7.0,0 days 00:01:24.720000,1,True,Hungarian Grand Prix
16,8.0,0 days 00:01:24.978000,1,True,Hungarian Grand Prix
16,9.0,0 days 00:01:24.503000,1,True,Hungarian Grand Prix
16,10.0,0 days 00:01:25.121000,1,True,Hungarian Grand Prix
16,11.0,0 days 00:01:23.892000,1,True,Hungarian Grand Prix
16,12.0,0 days 00:01:24.054000,1,True,Hungarian Grand Prix
16,13.0,0 days 00:01:24.157000,1,True,Hungarian Grand Prix
16,14.0,0 days 00:01:24.416000,1,True,Hungarian Grand Prix
16,15.0,0 days 00:01:24.462000,1,True,Hungarian Grand Prix
16,16.0,0 days 00:01:24.420000,1,True,Hungarian Grand Prix
16,17.0,0 days 00:01:24.437000,1,True,Hungarian Grand Prix
16,18.0,0 days 00:01:25.893000,1,True,Hungarian Grand Prix
16,19.0,0 days 00:01:26.011000,1,True,Hungarian Grand Prix
16,20.0,0 days 00:01:28.325000,1,False,Hungarian Grand Prix
16,21.0,0 days 00:01:44.896000,1,False,Hungarian Grand Prix
16,22.0,0 days 00:01:22.131000,1,True,Hungarian Grand Prix
16,23.0,0 days 00:01:21.367000,1,True,Hungarian Grand Prix
16,24.0,0 days 00:01:21.469000,1,True,Hungarian Grand Prix
16,25.0,0 days 00:01:22.421000,1,True,Hungarian Grand Prix
16,26.0,0 days 00:01:22.663000,1,True,Hungarian Grand Prix
16,27.0,0 days 00:01:22.755000,1,True,Hungarian Grand Prix
16,28.0,0 days 00:01:22.711000,1,True,Hungarian Grand Prix
16,29.0,0 days 00:01:22.807000,1,True,Hungarian Grand Prix
16,30.0,0 days 00:01:22.665000,1,True,Hungarian Grand Prix
16,31.0,0 days 00:01:23.263000,1,True,Hungarian Grand Prix
16,32.0,0 days 00:01:21.763000,1,True,Hungarian Grand Prix
16,33.0,0 days 00:01:22.398000,1,True,Hungarian Grand Prix
16,34.0,0 days 00:01:21.723000,1,True,Hungarian Grand Prix
16,35.0,0 days 00:01:22.384000,1,True,Hungarian Grand Prix
16,36.0,0 days 00:01:23.360000,1,True,Hungarian Grand Prix
16,37.0,0 days 00:01:21.962000,1,True,Hungarian Grand Prix
16,38.0,0 days 00:01:21.721000,1,True,Hungarian Grand Prix
16,39.0,0 days 00:01:21.436000,1,True,Hungarian Grand Prix
16,40.0,0 days 00:01:21.634000,1,True,Hungarian Grand Prix
16,41.0,0 days 00:01:21.223000,1,True,Hungarian Grand Prix
16,42.0,0 days 00:01:22.920000,2,True,Hungarian Grand Prix
16,43.0,0 days 00:01:21.479000,1,True,Hungarian Grand Prix
16,44.0,0 days 00:01:23.184000,1,True,Hungarian Grand Prix
16,45.0,0 days 00:01:21.223000,1,True,Hungarian Grand Prix
16,46.0,0 days 00:01:20.982000,1,True,Hungarian Grand Prix
16,47.0,0 days 00:01:21.242000,1,True,Hungarian Grand Prix
16,48.0,0 days 00:01:21.271000,1,True,Hungarian Grand Prix
16,49.0,0 days 00:01:21.349000,1,True,Hungarian Grand Prix
16,50.0,0 days 00:01:21.127000,1,True,Hungarian Grand Prix
16,51.0,0 days 00:01:21.769000,1,True,Hungarian Grand Prix
16,52.0,0 days 00:01:21.033000,1,True,Hungarian Grand Prix
16,53.0,0 days 00:01:21.224000,1,True,Hungarian Grand Prix
16,54.0,0 days 00:01:21.175000,1,True,Hungarian Grand Prix
16,55.0,0 days 00:01:21.594000,1,True,Hungarian Grand Prix
16,56.0,0 days 00:01:21.327000,1,True,Hungarian Grand Prix
16,57.0,0 days 00:01:23.811000,1,True,Hungarian Grand Prix
16,58.0,0 days 00:01:21.956000,1,True,Hungarian Grand Prix
16,59.0,0 days 00:01:22.080000,1,True,Hungarian Grand Prix
16,60.0,0 days 00:01:24.277000,1,True,Hungarian Grand Prix
16,61.0,0 days 00:01:21.662000,1,True,Hungarian Grand Prix
16,62.0,0 days 00:01:21.756000,1,True,Hungarian Grand Prix
16,63.0,0 days 00:01:20.962000,1,True,Hungarian Grand Prix
16,64.0,0 days 00:01:20.821000,1,True,Hungarian Grand Prix
16,65.0,0 days 00:01:21.548000,1,True,Hungarian Grand Prix
16,66.0,0 days 00:01:21.699000,1,True,Hungarian Grand Prix
16,67.0,0 days 00:01:21.591000,1,True,Hungarian Grand Prix
16,68.0,0 days 00:01:21.562000,1,True,Hungarian Grand Prix
16,69.0,0 days 00:01:23.413000,1,True,Hungarian Grand Prix
26,1.0,0 days 00:01:51.084000,1,False,Hungarian Grand Prix
26,2.0,0 days 00:01:59.691000,1,False,Hungarian Grand Prix
26,3.0,0 days 00:01:34.569000,1,True,Hungarian Grand Prix
26,4.0,0 days 00:01:31.821000,2,True,Hungarian Grand Prix
26,5.0,0 days 00:01:30.812000,1,True,Hungarian Grand Prix
26,6.0,0 days 00:01:27.907000,1,True,Hungarian Grand Prix
26,7.0,0 days 00:01:25.540000,1,True,Hungarian Grand Prix
26,8.0,0 days 00:01:24.855000,1,True,Hungarian Grand Prix
26,9.0,0 days 00:01:24.401000,1,True,Hungarian Grand Prix
26,10.0,0 days 00:01:23.781000,1,True,Hungarian Grand Prix
26,11.0,0 days 00:01:23.836000,1,True,Hungarian Grand Prix
26,12.0,0 days 00:01:24.528000,1,True,Hungarian Grand Prix
26,13.0,0 days 00:01:24.912000,1,True,Hungarian Grand Prix
26,14.0,0 days 00:01:25.042000,1,True,Hungarian Grand Prix
26,15.0,0 days 00:01:25.464000,1,True,Hungarian Grand Prix
26,16.0,0 days 00:01:25.599000,1,True,Hungarian Grand Prix
26,17.0,0 days 00:01:25.555000,1,True,Hungarian Grand Prix
26,18.0,0 days 00:01:28.636000,1,False,Hungarian Grand Prix
26,19.0,0 days 00:01:44.066000,1,False,Hungarian Grand Prix
26,20.0,0 days 00:01:24.132000,1,True,Hungarian Grand Prix
26,21.0,0 days 00:01:24.645000,1,True,Hungarian Grand Prix
26,22.0,0 days 00:01:22.541000,1,True,Hungarian Grand Prix
26,23.0,0 days 00:01:22.434000,1,True,Hungarian Grand Prix
26,24.0,0 days 00:01:22.898000,1,True,Hungarian Grand Prix
26,25.0,0 days 00:01:21.940000,1,True,Hungarian Grand Prix
26,26.0,0 days 00:01:21.944000,1,True,Hungarian Grand Prix
26,27.0,0 days 00:01:21.811000,1,True,Hungarian Grand Prix
26,28.0,0 days 00:01:21.794000,1,True,Hungarian Grand Prix
26,29.0,0 days 00:01:21.728000,1,True,Hungarian Grand Prix
26,30.0,0 days 00:01:21.933000,1,True,Hungarian Grand Prix
26,31.0,0 days 00:01:22.113000,1,True,Hungarian Grand Prix
26,32.0,0 days 00:01:22.296000,1,True,Hungarian Grand Prix
26,33.0,0 days 00:01:22.124000,1,True,Hungarian Grand Prix
26,34.0,0 days 00:01:23.227000,1,True,Hungarian Grand Prix
26,35.0,0 days 00:01:23.008000,1,True,Hungarian Grand Prix
26,36.0,0 days 00:01:21.915000,1,True,Hungarian Grand Prix
26,37.0,0 days 00:01:22.304000,1,True,Hungarian Grand Prix
26,38.0,0 days 00:01:21.682000,1,True,Hungarian Grand Prix
26,39.0,0 days 00:01:21.233000,1,True,Hungarian Grand Prix
26,40.0,0 days 00:01:21.386000,1,True,Hungarian Grand Prix
26,41.0,0 days 00:01:22.097000,2,True,Hungarian Grand Prix
26,42.0,0 days 00:01:21.058000,2,True,Hungarian Grand Prix
26,43.0,0 days 00:01:21.251000,1,True,Hungarian Grand Prix
26,44.0,0 days 00:01:21.545000,1,True,Hungarian Grand Prix
26,45.0,0 days 00:01:21.207000,1,True,Hungarian Grand Prix
26,46.0,0 days 00:01:21.371000,1,True,Hungarian Grand Prix
26,47.0,0 days 00:01:21.238000,1,True,Hungarian Grand Prix
26,48.0,0 days 00:01:21.318000,1,True,Hungarian Grand Prix
26,49.0,0 days 00:01:21.180000,1,True,Hungarian Grand Prix
26,50.0,0 days 00:01:21.083000,1,True,Hungarian Grand Prix
26,51.0,0 days 00:01:20.946000,1,True,Hungarian Grand Prix
26,52.0,0 days 00:01:23.673000,1,True,Hungarian Grand Prix
26,53.0,0 days 00:01:21.177000,1,True,Hungarian Grand Prix
26,54.0,0 days 00:01:21.196000,1,True,Hungarian Grand Prix
26,55.0,0 days 00:01:21.286000,1,True,Hungarian Grand Prix
26,56.0,0 days 00:01:21.320000,1,True,Hungarian Grand Prix
26,57.0,0 days 00:01:21.417000,1,True,Hungarian Grand Prix
26,58.0,0 days 00:01:23.688000,1,True,Hungarian Grand Prix
26,59.0,0 days 00:01:21.436000,1,True,Hungarian Grand Prix
26,60.0,0 days 00:01:21.780000,1,True,Hungarian Grand Prix
26,61.0,0 days 00:01:21.417000,1,True,Hungarian Grand Prix
26,62.0,0 days 00:01:21.735000,1,True,Hungarian Grand Prix
26,63.0,0 days 00:01:21.894000,1,True,Hungarian Grand Prix
26,64.0,0 days 00:01:21.297000,1,True,Hungarian Grand Prix
26,65.0,0 days 00:01:21.708000,1,True,Hungarian Grand Prix
26,66.0,0 days 00:01:21.401000,1,True,Hungarian Grand Prix
26,67.0,0 days 00:01:21.878000,1,True,Hungarian Grand Prix
26,68.0,0 days 00:01:21.600000,1,True,Hungarian Grand Prix
26,69.0,0 days 00:01:22.438000,1,True,Hungarian Grand Prix
4,1.0,0 days 00:01:48.972000,1,False,Hungarian Grand Prix
4,2.0,0 days 00:01:37.469000,1,True,Hungarian Grand Prix
4,3.0,0 days 00:01:38.237000,1,True,Hungarian Grand Prix
4,4.0,0 days 00:01:40.339000,2,False,Hungarian Grand Prix
4,5.0,0 days 00:01:49.478000,2,False,Hungarian Grand Prix
4,6.0,0 days 00:01:25.863000,1,True,Hungarian Grand Prix
4,7.0,0 days 00:01:25.483000,1,True,Hungarian Grand Prix
4,8.0,0 days 00:01:24.909000,1,True,Hungarian Grand Prix
4,9.0,0 days 00:01:25.271000,1,True,Hungarian Grand Prix
4,10.0,0 days 00:01:24.891000,1,True,Hungarian Grand Prix
4,11.0,0 days 00:01:24.615000,1,True,Hungarian Grand Prix
4,12.0,0 days 00:01:24.668000,1,True,Hungarian Grand Prix
4,13.0,0 days 00:01:25.214000,1,True,Hungarian Grand Prix
4,14.0,0 days 00:01:25.934000,1,True,Hungarian Grand Prix
4,15.0,0 days 00:01:25.689000,1,True,Hungarian Grand Prix
4,16.0,0 days 00:01:23.535000,1,True,Hungarian Grand Prix
4,17.0,0 days 00:01:23.908000,1,True,Hungarian Grand Prix
4,18.0,0 days 00:01:24.220000,1,True,Hungarian Grand Prix
4,19.0,0 days 00:01:23.848000,1,True,Hungarian Grand Prix
4,20.0,0 days 00:01:23.497000,1,True,Hungarian Grand Prix
4,21.0,0 days 00:01:23.963000,1,True,Hungarian Grand Prix
4,22.0,0 days 00:01:23.762000,1,True,Hungarian Grand Prix
4,23.0,0 days 00:01:23.762000,1,True,Hungarian Grand Prix
4,24.0,0 days 00:01:24.758000,1,True,Hungarian Grand Prix
4,25.0,0 days 00:01:23.434000,1,True,Hungarian Grand Prix
4,26.0,0 days 00:01:22.833000,1,True,Hungarian Grand Prix
4,27.0,0 days 00:01:22.747000,1,True,Hungarian Grand Prix
4,28.0,0 days 00:01:22.756000,1,True,Hungarian Grand Prix
4,29.0,0 days 00:01:22.625000,1,True,Hungarian Grand Prix
4,30.0,0 days 00:01:22.839000,1,True,Hungarian Grand Prix
4,31.0,0 days 00:01:23.277000,1,True,Hungarian Grand Prix
4,32.0,0 days 00:01:24.527000,1,True,Hungarian Grand Prix
4,33.0,0 days 00:01:22.949000,1,True,Hungarian Grand Prix
4,34.0,0 days 00:01:22.665000,1,True,Hungarian Grand Prix
4,35.0,0 days 00:01:24.942000,1,False,Hungarian Grand Prix
4,36.0,0 days 00:01:42.311000,1,False,Hungarian Grand Prix
4,37.0,0 days 00:01:21.087000,1,True,Hungarian Grand Prix
4,38.0,0 days 00:01:20.224000,1,True,Hungarian Grand Prix
4,39.0,0 days 00:01:20.048000,1,True,Hungarian Grand Prix
4,40.0,0 days 00:01:20.155000,1,True,Hungarian Grand Prix
4,41.0,0 days 00:01:21.068000,2,True,Hungarian Grand Prix
4,42.0,0 days 00:01:19.945000,1,True,Hungarian Grand Prix
4,43.0,0 days 00:01:20.912000,1,True,Hungarian Grand Prix
4,44.0,0 days 00:01:20.666000,1,True,Hungarian Grand Prix
4,45.0,0 days 00:01:23.713000,1,True,Hungarian Grand Prix
4,46.0,0 days 00:01:21.915000,1,True,Hungarian Grand Prix
4,47.0,0 days 00:01:21.162000,1,True,Hungarian Grand Prix
4,48.0,0 days 00:01:20.705000,1,True,Hungarian Grand Prix
4,49.0,0 days 00:01:20.548000,1,True,Hungarian Grand Prix
4,50.0,0 days 00:01:20.522000,1,True,Hungarian Grand Prix
4,51.0,0 days 00:01:20.471000,1,True,Hungarian Grand Prix
4,52.0,0 days 00:01:20.543000,1,True,Hungarian Grand Prix
4,53.0,0 days 00:01:20.540000,1,True,Hungarian Grand Prix
4,54.0,0 days 00:01:20.249000,1,True,Hungarian Grand Prix
4,55.0,0 days 00:01:20.374000,1,True,Hungarian Grand Prix
4,56.0,0 days 00:01:21.051000,1,True,Hungarian Grand Prix
4,57.0,0 days 00:01:22.950000,1,True,Hungarian Grand Prix
4,58.0,0 days 00:01:21.309000,1,True,Hungarian Grand Prix
4,59.0,0 days 00:01:22.042000,1,True,Hungarian Grand Prix
4,60.0,0 days 00:01:21.497000,1,True,Hungarian Grand Prix
4,61.0,0 days 00:01:21.563000,1,True,Hungarian Grand Prix
4,62.0,0 days 00:01:21.641000,1,True,Hungarian Grand Prix
4,63.0,0 days 00:01:21.788000,1,True,Hungarian Grand Prix
4,64.0,0 days 00:01:21.609000,1,True,Hungarian Grand Prix
4,65.0,0 days 00:01:21.298000,1,True,Hungarian Grand Prix
4,66.0,0 days 00:01:21.666000,1,True,Hungarian Grand Prix
4,67.0,0 days 00:01:21.680000,1,True,Hungarian Grand Prix
4,68.0,0 days 00:01:21.552000,1,True,Hungarian Grand Prix
4,69.0,0 days 00:01:21.878000,1,True,Hungarian Grand Prix
31,1.0,0 days 00:01:50.545000,1,False,Hungarian Grand Prix
31,2.0,0 days 00:01:36.111000,1,True,Hungarian Grand Prix
31,3.0,0 days 00:01:35.650000,1,True,Hungarian Grand Prix
31,4.0,0 days 00:01:37.793000,2,False,Hungarian Grand Prix
31,5.0,0 days 00:01:50.086000,2,False,Hungarian Grand Prix
31,6.0,0 days 00:01:27.531000,1,True,Hungarian Grand Prix
31,7.0,0 days 00:01:26.014000,1,True,Hungarian Grand Prix
31,8.0,0 days 00:01:25.551000,1,True,Hungarian Grand Prix
31,9.0,0 days 00:01:24.852000,1,True,Hungarian Grand Prix
31,10.0,0 days 00:01:24.469000,1,True,Hungarian Grand Prix
31,11.0,0 days 00:01:24.878000,1,True,Hungarian Grand Prix
31,12.0,0 days 00:01:24.545000,1,True,Hungarian Grand Prix
31,13.0,0 days 00:01:25.741000,1,True,Hungarian Grand Prix
31,14.0,0 days 00:01:26.385000,1,True,Hungarian Grand Prix
31,15.0,0 days 00:01:24.775000,1,True,Hungarian Grand Prix
31,16.0,0 days 00:01:24.384000,1,True,Hungarian Grand Prix
31,17.0,0 days 00:01:24.384000,1,True,Hungarian Grand Prix
31,18.0,0 days 00:01:24.439000,1,True,Hungarian Grand Prix
31,19.0,0 days 00:01:23.680000,1,True,Hungarian Grand Prix
31,20.0,0 days 00:01:23.496000,1,True,Hungarian Grand Prix
31,21.0,0 days 00:01:23.215000,1,True,Hungarian Grand Prix
31,22.0,0 days 00:01:23.483000,1,True,Hungarian Grand Prix
31,23.0,0 days 00:01:23.221000,1,True,Hungarian Grand Prix
31,24.0,0 days 00:01:23.283000,1,True,Hungarian Grand Prix
31,25.0,0 days 00:01:22.872000,1,True,Hungarian Grand Prix
31,26.0,0 days 00:01:25.142000,1,True,Hungarian Grand Prix
31,27.0,0 days 00:01:22.561000,1,True,Hungarian Grand Prix
31,28.0,0 days 00:01:22.642000,1,True,Hungarian Grand Prix
31,29.0,0 days 00:01:22.750000,1,True,Hungarian Grand Prix
31,30.0,0 days 00:01:23.634000,1,True,Hungarian Grand Prix
31,31.0,0 days 00:01:26.027000,1,False,Hungarian Grand Prix
31,32.0,0 days 00:01:42.970000,1,False,Hungarian Grand Prix
31,33.0,0 days 00:01:22.481000,1,True,Hungarian Grand Prix
31,34.0,0 days 00:01:22.394000,1,True,Hungarian Grand Prix
31,35.0,0 days 00:01:22.064000,1,True,Hungarian Grand Prix
31,36.0,0 days 00:01:21.615000,1,True,Hungarian Grand Prix
31,37.0,0 days 00:01:20.772000,1,True,Hungarian Grand Prix
31,38.0,0 days 00:01:20.579000,1,True,Hungarian Grand Prix
31,39.0,0 days 00:01:20.649000,1,True,Hungarian Grand Prix
31,40.0,0 days 00:01:20.261000,1,True,Hungarian Grand Prix
31,41.0,0 days 00:01:20.898000,2,True,Hungarian Grand Prix
31,42.0,0 days 00:01:20.884000,2,True,Hungarian Grand Prix
31,43.0,0 days 00:01:21.625000,1,True,Hungarian Grand Prix
31,44.0,0 days 00:01:21.008000,1,True,Hungarian Grand Prix
31,45.0,0 days 00:01:21.168000,1,True,Hungarian Grand Prix
31,46.0,0 days 00:01:21.326000,1,True,Hungarian Grand Prix
31,47.0,0 days 00:01:20.844000,1,True,Hungarian Grand Prix
31,48.0,0 days 00:01:24.388000,1,True,Hungarian Grand Prix
31,49.0,0 days 00:01:20.350000,1,True,Hungarian Grand Prix
31,50.0,0 days 00:01:20.494000,1,True,Hungarian Grand Prix
31,51.0,0 days 00:01:20.590000,1,True,Hungarian Grand Prix
31,52.0,0 days 00:01:20.545000,1,True,Hungarian Grand Prix
31,53.0,0 days 00:01:20.555000,1,True,Hungarian Grand Prix
31,54.0,0 days 00:01:20.595000,1,True,Hungarian Grand Prix
31,55.0,0 days 00:01:20.664000,1,True,Hungarian Grand Prix
31,56.0,0 days 00:01:21.250000,1,True,Hungarian Grand Prix
31,57.0,0 days 00:01:21.492000,1,True,Hungarian Grand Prix
31,58.0,0 days 00:01:23.148000,1,True,Hungarian Grand Prix
31,59.0,0 days 00:01:21.829000,1,True,Hungarian Grand Prix
31,60.0,0 days 00:01:21.649000,1,True,Hungarian Grand Prix
31,61.0,0 days 00:01:21.406000,1,True,Hungarian Grand Prix
31,62.0,0 days 00:01:21.504000,1,True,Hungarian Grand Prix
31,63.0,0 days 00:01:22.238000,1,True,Hungarian Grand Prix
31,64.0,0 days 00:01:21.279000,1,True,Hungarian Grand Prix
31,65.0,0 days 00:01:21.517000,1,True,Hungarian Grand Prix
31,66.0,0 days 00:01:21.282000,1,True,Hungarian Grand Prix
31,67.0,0 days 00:01:22.120000,1,True,Hungarian Grand Prix
31,68.0,0 days 00:01:21.418000,1,True,Hungarian Grand Prix
31,69.0,0 days 00:01:23.447000,1,True,Hungarian Grand Prix
7,1.0,0 days 00:01:49.757000,1,False,Hungarian Grand Prix
7,2.0,0 days 00:01:38.389000,1,True,Hungarian Grand Prix
7,3.0,0 days 00:01:40.357000,1,False,Hungarian Grand Prix
7,4.0,0 days 00:01:51.984000,2,False,Hungarian Grand Prix
7,5.0,0 days 00:01:28.463000,1,True,Hungarian Grand Prix
7,6.0,0 days 00:01:28.243000,1,True,Hungarian Grand Prix
7,7.0,0 days 00:01:25.864000,1,True,Hungarian Grand Prix
7,8.0,0 days 00:01:25.351000,1,True,Hungarian Grand Prix
7,9.0,0 days 00:01:24.731000,1,True,Hungarian Grand Prix
7,10.0,0 days 00:01:24.430000,1,True,Hungarian Grand Prix
7,11.0,0 days 00:01:24.555000,1,True,Hungarian Grand Prix
7,12.0,0 days 00:01:24.369000,1,True,Hungarian Grand Prix
7,13.0,0 days 00:01:26.430000,1,True,Hungarian Grand Prix
7,14.0,0 days 00:01:23.027000,1,True,Hungarian Grand Prix
7,15.0,0 days 00:01:24.377000,1,True,Hungarian Grand Prix
7,16.0,0 days 00:01:24.145000,1,True,Hungarian Grand Prix
7,17.0,0 days 00:01:25.373000,1,True,Hungarian Grand Prix
7,18.0,0 days 00:01:25.589000,1,True,Hungarian Grand Prix
7,19.0,0 days 00:01:23.293000,1,True,Hungarian Grand Prix
7,20.0,0 days 00:01:23.665000,1,True,Hungarian Grand Prix
7,21.0,0 days 00:01:23.295000,1,True,Hungarian Grand Prix
7,22.0,0 days 00:01:23.135000,1,True,Hungarian Grand Prix
7,23.0,0 days 00:01:23.112000,1,True,Hungarian Grand Prix
7,24.0,0 days 00:01:23.205000,1,True,Hungarian Grand Prix
7,25.0,0 days 00:01:23.326000,1,True,Hungarian Grand Prix
7,26.0,0 days 00:01:23.377000,1,True,Hungarian Grand Prix
7,27.0,0 days 00:01:22.840000,1,True,Hungarian Grand Prix
7,28.0,0 days 00:01:24.798000,1,True,Hungarian Grand Prix
7,29.0,0 days 00:01:23.166000,1,True,Hungarian Grand Prix
7,30.0,0 days 00:01:23.124000,1,True,Hungarian Grand Prix
7,31.0,0 days 00:01:24.084000,1,True,Hungarian Grand Prix
7,32.0,0 days 00:01:23.431000,1,True,Hungarian Grand Prix
7,33.0,0 days 00:01:26.226000,1,False,Hungarian Grand Prix
7,34.0,0 days 00:01:49.464000,1,False,Hungarian Grand Prix
7,35.0,0 days 00:01:22.241000,1,True,Hungarian Grand Prix
7,36.0,0 days 00:01:23.753000,1,True,Hungarian Grand Prix
7,37.0,0 days 00:01:21.625000,1,True,Hungarian Grand Prix
7,38.0,0 days 00:01:24.009000,1,True,Hungarian Grand Prix
7,39.0,0 days 00:01:22.616000,1,True,Hungarian Grand Prix
7,40.0,0 days 00:01:21.830000,1,True,Hungarian Grand Prix
7,41.0,0 days 00:01:21.730000,2,True,Hungarian Grand Prix
7,42.0,0 days 00:01:21.733000,1,True,Hungarian Grand Prix
7,43.0,0 days 00:01:22.199000,1,True,Hungarian Grand Prix
7,44.0,0 days 00:01:21.055000,1,True,Hungarian Grand Prix
7,45.0,0 days 00:01:21.260000,1,True,Hungarian Grand Prix
7,46.0,0 days 00:01:21.477000,1,True,Hungarian Grand Prix
7,47.0,0 days 00:01:21.317000,1,True,Hungarian Grand Prix
7,48.0,0 days 00:01:21.370000,1,True,Hungarian Grand Prix
7,49.0,0 days 00:01:22.811000,1,True,Hungarian Grand Prix
7,50.0,0 days 00:01:22.069000,1,True,Hungarian Grand Prix
7,51.0,0 days 00:01:22.033000,1,True,Hungarian Grand Prix
7,52.0,0 days 00:01:20.854000,1,True,Hungarian Grand Prix
7,53.0,0 days 00:01:20.583000,1,True,Hungarian Grand Prix
7,54.0,0 days 00:01:20.533000,1,True,Hungarian Grand Prix
7,55.0,0 days 00:01:20.568000,1,True,Hungarian Grand Prix
7,56.0,0 days 00:01:20.409000,1,True,Hungarian Grand Prix
7,57.0,0 days 00:01:21.390000,1,True,Hungarian Grand Prix
7,58.0,0 days 00:01:20.512000,1,True,Hungarian Grand Prix
7,59.0,0 days 00:01:20.484000,1,True,Hungarian Grand Prix
7,60.0,0 days 00:01:20.524000,1,True,Hungarian Grand Prix
7,61.0,0 days 00:01:20.232000,1,True,Hungarian Grand Prix
7,62.0,0 days 00:01:20.568000,1,True,Hungarian Grand Prix
7,63.0,0 days 00:01:20.348000,1,True,Hungarian Grand Prix
7,64.0,0 days 00:01:21.117000,1,True,Hungarian Grand Prix
7,65.0,0 days 00:01:20.478000,1,True,Hungarian Grand Prix
7,66.0,0 days 00:01:20.737000,1,True,Hungarian Grand Prix
7,67.0,0 days 00:01:20.490000,1,True,Hungarian Grand Prix
7,68.0,0 days 00:01:20.635000,1,True,Hungarian Grand Prix
7,69.0,0 days 00:01:21.513000,1,True,Hungarian Grand Prix
8,1.0,0 days 00:01:59.075000,1,False,Hungarian Grand Prix
8,2.0,0 days 00:01:39.906000,1,True,Hungarian Grand Prix
8,3.0,0 days 00:01:32.940000,1,True,Hungarian Grand Prix
8,4.0,0 days 00:01:35.575000,2,True,Hungarian Grand Prix
8,5.0,0 days 00:01:28.196000,2,True,Hungarian Grand Prix
8,6.0,0 days 00:01:26.093000,1,True,Hungarian Grand Prix
8,7.0,0 days 00:01:25.923000,1,True,Hungarian Grand Prix
8,8.0,0 days 00:01:24.361000,1,True,Hungarian Grand Prix
8,9.0,0 days 00:01:24.208000,1,True,Hungarian Grand Prix
8,10.0,0 days 00:01:23.756000,1,True,Hungarian Grand Prix
8,11.0,0 days 00:01:23.811000,1,True,Hungarian Grand Prix
8,12.0,0 days 00:01:25.510000,1,True,Hungarian Grand Prix
8,13.0,0 days 00:01:23.928000,1,True,Hungarian Grand Prix
8,14.0,0 days 00:01:23.800000,1,True,Hungarian Grand Prix
8,15.0,0 days 00:01:23.610000,1,True,Hungarian Grand Prix
8,16.0,0 days 00:01:23.395000,1,True,Hungarian Grand Prix
8,17.0,0 days 00:01:23.492000,1,True,Hungarian Grand Prix
8,18.0,0 days 00:01:23.584000,1,True,Hungarian Grand Prix
8,19.0,0 days 00:01:23.494000,1,True,Hungarian Grand Prix
8,20.0,0 days 00:01:23.270000,1,True,Hungarian Grand Prix
8,21.0,0 days 00:01:23.592000,1,True,Hungarian Grand Prix
8,22.0,0 days 00:01:23.581000,1,True,Hungarian Grand Prix
8,23.0,0 days 00:01:23.446000,1,True,Hungarian Grand Prix
8,24.0,0 days 00:01:23.700000,1,True,Hungarian Grand Prix
8,25.0,0 days 00:01:23.342000,1,True,Hungarian Grand Prix
8,26.0,0 days 00:01:23.486000,1,True,Hungarian Grand Prix
8,27.0,0 days 00:01:23.733000,1,True,Hungarian Grand Prix
8,28.0,0 days 00:01:23.829000,1,True,Hungarian Grand Prix
8,29.0,0 days 00:01:25.805000,1,True,Hungarian Grand Prix
8,30.0,0 days 00:01:24.377000,1,True,Hungarian Grand Prix
8,31.0,0 days 00:01:25.150000,1,True,Hungarian Grand Prix
8,32.0,0 days 00:01:24.025000,1,True,Hungarian Grand Prix
8,33.0,0 days 00:01:26.100000,1,True,Hungarian Grand Prix
8,34.0,0 days 00:01:31.657000,1,False,Hungarian Grand Prix
8,35.0,0 days 00:01:43.606000,1,False,Hungarian Grand Prix
8,36.0,0 days 00:01:21.536000,1,True,Hungarian Grand Prix
8,37.0,0 days 00:01:21.370000,1,True,Hungarian Grand Prix
8,38.0,0 days 00:01:20.965000,1,True,Hungarian Grand Prix
8,39.0,0 days 00:01:20.946000,1,True,Hungarian Grand Prix
8,40.0,0 days 00:01:21.182000,1,True,Hungarian Grand Prix
8,41.0,0 days 00:01:22.391000,2,True,Hungarian Grand Prix
8,42.0,0 days 00:01:21.687000,2,True,Hungarian Grand Prix
8,43.0,0 days 00:01:22.026000,1,True,Hungarian Grand Prix
8,44.0,0 days 00:01:21.403000,1,True,Hungarian Grand Prix
8,45.0,0 days 00:01:21.458000,1,True,Hungarian Grand Prix
8,46.0,0 days 00:01:22.114000,1,True,Hungarian Grand Prix
8,47.0,0 days 00:01:26.179000,1,True,Hungarian Grand Prix
8,48.0,0 days 00:01:24.270000,1,True,Hungarian Grand Prix
8,49.0,0 days 00:01:22.188000,1,True,Hungarian Grand Prix
8,50.0,0 days 00:01:21.578000,1,True,Hungarian Grand Prix
8,51.0,0 days 00:01:21.563000,1,True,Hungarian Grand Prix
8,52.0,0 days 00:01:21.528000,1,True,Hungarian Grand Prix
8,53.0,0 days 00:01:23.492000,1,True,Hungarian Grand Prix
8,54.0,0 days 00:01:21.443000,1,True,Hungarian Grand Prix
8,55.0,0 days 00:01:21.291000,1,True,Hungarian Grand Prix
8,56.0,0 days 00:01:21.027000,1,True,Hungarian Grand Prix
8,57.0,0 days 00:01:20.933000,1,True,Hungarian Grand Prix
8,58.0,0 days 00:01:21.459000,1,True,Hungarian Grand Prix
8,59.0,0 days 00:01:21.061000,1,True,Hungarian Grand Prix
8,60.0,0 days 00:01:21.135000,1,True,Hungarian Grand Prix
8,61.0,0 days 00:01:21.284000,1,True,Hungarian Grand Prix
8,62.0,0 days 00:01:21.195000,1,True,Hungarian Grand Prix
8,63.0,0 days 00:01:20.984000,1,True,Hungarian Grand Prix
8,64.0,0 days 00:01:21.102000,1,True,Hungarian Grand Prix
8,65.0,0 days 00:01:21.039000,1,True,Hungarian Grand Prix
8,66.0,0 days 00:01:21.893000,1,True,Hungarian Grand Prix
8,67.0,0 days 00:01:20.889000,1,True,Hungarian Grand Prix
8,68.0,0 days 00:01:21.350000,1,True,Hungarian Grand Prix
8,69.0,0 days 00:01:21.580000,1,True,Hungarian Grand Prix
99,1.0,0 days 00:01:51.470000,1,False,Hungarian Grand Prix
99,2.0,0 days 00:01:39.055000,1,True,Hungarian Grand Prix
99,3.0,0 days 00:01:39.165000,1,True,Hungarian Grand Prix
99,4.0,0 days 00:01:45.277000,2,False,Hungarian Grand Prix
99,5.0,0 days 00:01:48.244000,1,False,Hungarian Grand Prix
99,6.0,0 days 00:01:26.059000,1,True,Hungarian Grand Prix
99,7.0,0 days 00:01:25.172000,1,True,Hungarian Grand Prix
99,8.0,0 days 00:01:25.113000,1,True,Hungarian Grand Prix
99,9.0,0 days 00:01:24.313000,1,True,Hungarian Grand Prix
99,10.0,0 days 00:01:24.270000,1,True,Hungarian Grand Prix
99,11.0,0 days 00:01:24.508000,1,True,Hungarian Grand Prix
99,12.0,0 days 00:01:24.653000,1,True,Hungarian Grand Prix
99,13.0,0 days 00:01:24.786000,1,True,Hungarian Grand Prix
99,14.0,0 days 00:01:25.261000,1,True,Hungarian Grand Prix
99,15.0,0 days 00:01:25.515000,1,True,Hungarian Grand Prix
99,16.0,0 days 00:01:26.160000,1,True,Hungarian Grand Prix
99,17.0,0 days 00:01:26.442000,1,True,Hungarian Grand Prix
99,18.0,0 days 00:01:27.577000,1,True,Hungarian Grand Prix
99,19.0,0 days 00:01:26.712000,1,True,Hungarian Grand Prix
99,20.0,0 days 00:01:29.470000,1,False,Hungarian Grand Prix
99,21.0,0 days 00:01:42.963000,1,False,Hungarian Grand Prix
99,22.0,0 days 00:01:21.963000,1,True,Hungarian Grand Prix
99,23.0,0 days 00:01:21.765000,1,True,Hungarian Grand Prix
99,24.0,0 days 00:01:22.571000,1,True,Hungarian Grand Prix
99,25.0,0 days 00:01:22.033000,1,True,Hungarian Grand Prix
99,26.0,0 days 00:01:22.283000,1,True,Hungarian Grand Prix
99,27.0,0 days 00:01:22.366000,1,True,Hungarian Grand Prix
99,28.0,0 days 00:01:22.482000,1,True,Hungarian Grand Prix
99,29.0,0 days 00:01:22.423000,1,True,Hungarian Grand Prix
99,30.0,0 days 00:01:22.369000,1,True,Hungarian Grand Prix
99,31.0,0 days 00:01:22.221000,1,True,Hungarian Grand Prix
99,32.0,0 days 00:01:22.537000,1,True,Hungarian Grand Prix
99,33.0,0 days 00:01:22.783000,1,True,Hungarian Grand Prix
99,34.0,0 days 00:01:23.710000,1,True,Hungarian Grand Prix
99,35.0,0 days 00:01:23.467000,1,True,Hungarian Grand Prix
99,36.0,0 days 00:01:23.118000,1,True,Hungarian Grand Prix
99,37.0,0 days 00:01:23.999000,1,True,Hungarian Grand Prix
99,38.0,0 days 00:01:22.940000,1,True,Hungarian Grand Prix
99,39.0,0 days 00:01:22.807000,1,True,Hungarian Grand Prix
99,40.0,0 days 00:01:25.712000,1,False,Hungarian Grand Prix
99,41.0,0 days 00:01:41.758000,2,False,Hungarian Grand Prix
99,42.0,0 days 00:01:20.722000,1,True,Hungarian Grand Prix
99,43.0,0 days 00:01:20.262000,1,True,Hungarian Grand Prix
99,44.0,0 days 00:01:20.096000,1,True,Hungarian Grand Prix
99,45.0,0 days 00:01:20.235000,1,True,Hungarian Grand Prix
99,46.0,0 days 00:01:20.424000,1,True,Hungarian Grand Prix
99,47.0,0 days 00:01:20.536000,1,True,Hungarian Grand Prix
99,48.0,0 days 00:01:20.563000,1,True,Hungarian Grand Prix
99,49.0,0 days 00:01:20.483000,1,True,Hungarian Grand Prix
99,50.0,0 days 00:01:20.629000,1,True,Hungarian Grand Prix
99,51.0,0 days 00:01:20.771000,1,True,Hungarian Grand Prix
99,52.0,0 days 00:01:20.605000,1,True,Hungarian Grand Prix
99,53.0,0 days 00:01:20.549000,1,True,Hungarian Grand Prix
99,54.0,0 days 00:01:20.660000,1,True,Hungarian Grand Prix
99,55.0,0 days 00:01:21.407000,1,True,Hungarian Grand Prix
99,56.0,0 days 00:01:22.225000,1,True,Hungarian Grand Prix
99,57.0,0 days 00:01:20.944000,1,True,Hungarian Grand Prix
99,58.0,0 days 00:01:20.463000,1,True,Hungarian Grand Prix
99,59.0,0 days 00:01:20.314000,1,True,Hungarian Grand Prix
99,60.0,0 days 00:01:23.121000,1,True,Hungarian Grand Prix
99,61.0,0 days 00:01:20.738000,1,True,Hungarian Grand Prix
99,62.0,0 days 00:01:20.530000,1,True,Hungarian Grand Prix
99,63.0,0 days 00:01:20.472000,1,True,Hungarian Grand Prix
99,64.0,0 days 00:01:20.255000,1,True,Hungarian Grand Prix
99,65.0,0 days 00:01:20.523000,1,True,Hungarian Grand Prix
99,66.0,0 days 00:01:20.411000,1,True,Hungarian Grand Prix
99,67.0,0 days 00:01:20.425000,1,True,Hungarian Grand Prix
99,68.0,0 days 00:01:20.238000,1,True,Hungarian Grand Prix
99,69.0,0 days 00:01:20.616000,1,True,Hungarian Grand Prix
63,1.0,0 days 00:01:50.274000,1,False,Hungarian Grand Prix
63,2.0,0 days 00:01:38.734000,1,True,Hungarian Grand Prix
63,3.0,0 days 00:01:37.727000,1,True,Hungarian Grand Prix
63,4.0,0 days 00:01:39.756000,2,False,Hungarian Grand Prix
63,5.0,0 days 00:01:46.226000,2,False,Hungarian Grand Prix
63,6.0,0 days 00:01:26.458000,1,True,Hungarian Grand Prix
63,7.0,0 days 00:01:25.588000,1,True,Hungarian Grand Prix
63,8.0,0 days 00:01:25.307000,1,True,Hungarian Grand Prix
63,9.0,0 days 00:01:25.050000,1,True,Hungarian Grand Prix
63,10.0,0 days 00:01:24.713000,1,True,Hungarian Grand Prix
63,11.0,0 days 00:01:24.786000,1,True,Hungarian Grand Prix
63,12.0,0 days 00:01:24.545000,1,True,Hungarian Grand Prix
63,13.0,0 days 00:01:25.405000,1,True,Hungarian Grand Prix
63,14.0,0 days 00:01:26.607000,1,True,Hungarian Grand Prix
63,15.0,0 days 00:01:27.206000,1,True,Hungarian Grand Prix
63,16.0,0 days 00:01:25.608000,1,True,Hungarian Grand Prix
63,17.0,0 days 00:01:26.089000,1,True,Hungarian Grand Prix
63,18.0,0 days 00:01:26.981000,1,True,Hungarian Grand Prix
63,19.0,0 days 00:01:30.653000,1,False,Hungarian Grand Prix
63,20.0,0 days 00:01:41.469000,1,False,Hungarian Grand Prix
63,21.0,0 days 00:01:22.549000,1,True,Hungarian Grand Prix
63,22.0,0 days 00:01:22.493000,1,True,Hungarian Grand Prix
63,23.0,0 days 00:01:21.884000,1,True,Hungarian Grand Prix
63,24.0,0 days 00:01:21.685000,1,True,Hungarian Grand Prix
63,25.0,0 days 00:01:21.995000,1,True,Hungarian Grand Prix
63,26.0,0 days 00:01:21.691000,1,True,Hungarian Grand Prix
63,27.0,0 days 00:01:22.133000,1,True,Hungarian Grand Prix
63,28.0,0 days 00:01:22.201000,1,True,Hungarian Grand Prix
63,29.0,0 days 00:01:22.116000,1,True,Hungarian Grand Prix
63,30.0,0 days 00:01:22.026000,1,True,Hungarian Grand Prix
63,31.0,0 days 00:01:22.199000,1,True,Hungarian Grand Prix
63,32.0,0 days 00:01:24.164000,1,True,Hungarian Grand Prix
63,33.0,0 days 00:01:22.807000,1,True,Hungarian Grand Prix
63,34.0,0 days 00:01:25.545000,1,True,Hungarian Grand Prix
63,35.0,0 days 00:01:23.151000,1,True,Hungarian Grand Prix
63,36.0,0 days 00:01:23.740000,1,True,Hungarian Grand Prix
63,37.0,0 days 00:01:24.368000,1,True,Hungarian Grand Prix
63,38.0,0 days 00:01:22.112000,1,True,Hungarian Grand Prix
63,39.0,0 days 00:01:23.902000,1,True,Hungarian Grand Prix
63,40.0,0 days 00:01:21.833000,1,True,Hungarian Grand Prix
63,41.0,0 days 00:01:21.880000,2,True,Hungarian Grand Prix
63,42.0,0 days 00:01:21.197000,1,True,Hungarian Grand Prix
63,43.0,0 days 00:01:21.460000,1,True,Hungarian Grand Prix
63,44.0,0 days 00:01:21.320000,1,True,Hungarian Grand Prix
63,45.0,0 days 00:01:21.164000,1,True,Hungarian Grand Prix
63,46.0,0 days 00:01:21.677000,1,True,Hungarian Grand Prix
63,47.0,0 days 00:01:21.457000,1,True,Hungarian Grand Prix
63,48.0,0 days 00:01:21.458000,1,True,Hungarian Grand Prix
63,49.0,0 days 00:01:21.767000,1,True,Hungarian Grand Prix
63,50.0,0 days 00:01:26.125000,1,False,Hungarian Grand Prix
63,51.0,0 days 00:01:40.660000,1,False,Hungarian Grand Prix
63,52.0,0 days 00:01:20.514000,1,True,Hungarian Grand Prix
63,53.0,0 days 00:01:20.164000,1,True,Hungarian Grand Prix
63,54.0,0 days 00:01:20.238000,1,True,Hungarian Grand Prix
63,55.0,0 days 00:01:22.853000,1,True,Hungarian Grand Prix
63,56.0,0 days 00:01:21.023000,1,True,Hungarian Grand Prix
63,57.0,0 days 00:01:21.056000,1,True,Hungarian Grand Prix
63,58.0,0 days 00:01:20.968000,1,True,Hungarian Grand Prix
63,59.0,0 days 00:01:22.398000,1,True,Hungarian Grand Prix
63,60.0,0 days 00:01:20.620000,1,True,Hungarian Grand Prix
63,61.0,0 days 00:01:20.954000,1,True,Hungarian Grand Prix
63,62.0,0 days 00:01:20.280000,1,True,Hungarian Grand Prix
63,63.0,0 days 00:01:20.346000,1,True,Hungarian Grand Prix
63,64.0,0 days 00:01:20.369000,1,True,Hungarian Grand Prix
63,65.0,0 days 00:01:20.785000,1,True,Hungarian Grand Prix
63,66.0,0 days 00:01:20.541000,1,True,Hungarian Grand Prix
63,67.0,0 days 00:01:19.984000,1,True,Hungarian Grand Prix
63,68.0,0 days 00:01:20.197000,1,True,Hungarian Grand Prix
63,69.0,0 days 00:01:20.613000,1,True,Hungarian Grand Prix
6,1.0,0 days 00:01:47.053000,1,False,Hungarian Grand Prix
6,2.0,0 days 00:01:36.089000,1,True,Hungarian Grand Prix
6,3.0,0 days 00:01:41.883000,1,False,Hungarian Grand Prix
6,4.0,,2,False,Hungarian Grand Prix
6,5.0,0 days 00:02:04.508000,1,False,Hungarian Grand Prix
6,6.0,0 days 00:01:27.230000,1,True,Hungarian Grand Prix
6,7.0,0 days 00:01:25.128000,1,True,Hungarian Grand Prix
6,8.0,0 days 00:01:24.597000,1,True,Hungarian Grand Prix
6,9.0,0 days 00:01:24.434000,1,True,Hungarian Grand Prix
6,10.0,0 days 00:01:27.168000,1,True,Hungarian Grand Prix
6,11.0,0 days 00:01:24.402000,1,True,Hungarian Grand Prix
6,12.0,0 days 00:01:24.800000,1,True,Hungarian Grand Prix
6,13.0,0 days 00:01:27.128000,1,True,Hungarian Grand Prix
6,14.0,0 days 00:01:25.592000,1,True,Hungarian Grand Prix
6,15.0,0 days 00:01:25.294000,1,True,Hungarian Grand Prix
6,16.0,0 days 00:01:24.979000,1,True,Hungarian Grand Prix
6,17.0,0 days 00:01:29.404000,1,True,Hungarian Grand Prix
6,18.0,0 days 00:01:24.509000,1,True,Hungarian Grand Prix
6,19.0,0 days 00:01:24.131000,1,True,Hungarian Grand Prix
6,20.0,0 days 00:01:24.378000,1,True,Hungarian Grand Prix
6,21.0,0 days 00:01:24.447000,1,True,Hungarian Grand Prix
6,22.0,0 days 00:01:26.621000,1,True,Hungarian Grand Prix
6,23.0,0 days 00:01:24.280000,1,True,Hungarian Grand Prix
6,24.0,0 days 00:01:24.327000,1,True,Hungarian Grand Prix
6,25.0,0 days 00:01:24.105000,1,True,Hungarian Grand Prix
6,26.0,0 days 00:01:24.102000,1,True,Hungarian Grand Prix
6,27.0,0 days 00:01:24.880000,1,True,Hungarian Grand Prix
6,28.0,0 days 00:01:30.030000,1,True,Hungarian Grand Prix
6,29.0,0 days 00:01:28.003000,1,True,Hungarian Grand Prix
6,30.0,0 days 00:01:24.191000,1,True,Hungarian Grand Prix
6,31.0,0 days 00:01:30.403000,1,False,Hungarian Grand Prix
6,32.0,0 days 00:01:58.604000,1,False,Hungarian Grand Prix
6,33.0,0 days 00:01:24.269000,1,True,Hungarian Grand Prix
6,34.0,0 days 00:01:23.327000,1,True,Hungarian Grand Prix
6,35.0,0 days 00:01:26.788000,1,True,Hungarian Grand Prix
6,36.0,0 days 00:01:23.565000,1,True,Hungarian Grand Prix
6,37.0,0 days 00:01:23.267000,1,True,Hungarian Grand Prix
6,38.0,0 days 00:01:25.677000,1,True,Hungarian Grand Prix
6,39.0,0 days 00:01:48.640000,2,False,Hungarian Grand Prix
6,40.0,0 days 00:01:50.150000,1,False,Hungarian Grand Prix
6,41.0,0 days 00:01:23.645000,1,True,Hungarian Grand Prix
6,42.0,0 days 00:01:22.342000,1,True,Hungarian Grand Prix
6,43.0,0 days 00:01:22.058000,1,True,Hungarian Grand Prix
6,44.0,0 days 00:01:22.510000,1,True,Hungarian Grand Prix
6,45.0,0 days 00:01:23.266000,1,True,Hungarian Grand Prix
6,46.0,0 days 00:01:23.424000,1,True,Hungarian Grand Prix
6,47.0,0 days 00:01:25.603000,1,True,Hungarian Grand Prix
6,48.0,0 days 00:01:26.567000,1,True,Hungarian Grand Prix
6,49.0,0 days 00:01:24.834000,1,True,Hungarian Grand Prix
6,50.0,0 days 00:01:25.084000,1,True,Hungarian Grand Prix
6,51.0,0 days 00:01:24.458000,1,True,Hungarian Grand Prix
6,52.0,0 days 00:01:27.810000,1,False,Hungarian Grand Prix
6,53.0,0 days 00:01:46.840000,1,False,Hungarian Grand Prix
6,54.0,0 days 00:01:24.331000,1,True,Hungarian Grand Prix
6,55.0,0 days 00:01:22.952000,1,True,Hungarian Grand Prix
6,56.0,0 days 00:01:33.357000,1,True,Hungarian Grand Prix
6,57.0,0 days 00:01:22.395000,1,True,Hungarian Grand Prix
6,58.0,0 days 00:01:22.670000,1,True,Hungarian Grand Prix
6,59.0,0 days 00:01:22.051000,1,True,Hungarian Grand Prix
6,60.0,0 days 00:01:22.111000,1,True,Hungarian Grand Prix
6,61.0,0 days 00:01:21.834000,1,True,Hungarian Grand Prix
6,62.0,0 days 00:01:21.427000,1,True,Hungarian Grand Prix
6,63.0,0 days 00:01:21.346000,1,True,Hungarian Grand Prix
6,64.0,0 days 00:01:21.198000,1,True,Hungarian Grand Prix
6,65.0,0 days 00:01:21.931000,1,True,Hungarian Grand Prix
10,1.0,0 days 00:01:48.287000,1,False,Hungarian Grand Prix
10,2.0,0 days 00:01:36.445000,1,True,Hungarian Grand Prix
10,3.0,0 days 00:01:41.283000,1,False,Hungarian Grand Prix
10,4.0,0 days 00:01:52.900000,2,False,Hungarian Grand Prix
10,5.0,0 days 00:01:29.409000,1,True,Hungarian Grand Prix
10,6.0,0 days 00:01:28.235000,1,True,Hungarian Grand Prix
10,7.0,0 days 00:01:25.772000,1,True,Hungarian Grand Prix
10,8.0,0 days 00:01:24.829000,1,True,Hungarian Grand Prix
10,9.0,0 days 00:01:24.498000,1,True,Hungarian Grand Prix
10,10.0,0 days 00:01:23.939000,1,True,Hungarian Grand Prix
10,11.0,0 days 00:01:24.833000,1,True,Hungarian Grand Prix
10,12.0,0 days 00:01:25.599000,1,True,Hungarian Grand Prix
10,13.0,0 days 00:01:26.606000,1,True,Hungarian Grand Prix
10,14.0,0 days 00:01:27.163000,1,True,Hungarian Grand Prix
10,15.0,0 days 00:01:30.475000,1,False,Hungarian Grand Prix
10,1.0,0 days 00:01:41.865000,1,False,British Grand Prix
10,2.0,0 days 00:02:12.616000,24,False,British Grand Prix
10,3.0,0 days 00:02:29.661000,4,False,British Grand Prix
10,4.0,,4,False,British Grand Prix
10,5.0,0 days 00:02:10.165000,4,False,British Grand Prix
10,6.0,0 days 00:01:35.376000,1,False,British Grand Prix
10,7.0,0 days 00:01:34.882000,1,True,British Grand Prix
10,8.0,0 days 00:01:33.491000,1,True,British Grand Prix
10,9.0,0 days 00:01:33.415000,1,True,British Grand Prix
10,10.0,0 days 00:01:33.628000,1,True,British Grand Prix
10,11.0,0 days 00:01:32.954000,1,True,British Grand Prix
10,12.0,0 days 00:01:40.646000,24,False,British Grand Prix
10,13.0,0 days 00:02:27.726000,4,False,British Grand Prix
10,14.0,0 days 00:02:08.272000,4,False,British Grand Prix
10,15.0,,4,False,British Grand Prix
10,16.0,,4,False,British Grand Prix
10,17.0,,4,False,British Grand Prix
10,18.0,0 days 00:02:11.471000,4,False,British Grand Prix
10,19.0,0 days 00:01:35.992000,1,False,British Grand Prix
10,20.0,0 days 00:01:33.998000,1,True,British Grand Prix
10,21.0,0 days 00:01:32.775000,1,True,British Grand Prix
10,22.0,0 days 00:01:32.586000,1,True,British Grand Prix
10,23.0,0 days 00:01:32.296000,1,True,British Grand Prix
10,24.0,0 days 00:01:32.062000,1,True,British Grand Prix
10,25.0,0 days 00:01:32.206000,1,True,British Grand Prix
10,26.0,0 days 00:01:32.160000,1,True,British Grand Prix
10,27.0,0 days 00:01:32.397000,1,True,British Grand Prix
10,28.0,0 days 00:01:32.172000,1,True,British Grand Prix
10,29.0,0 days 00:01:32.051000,1,True,British Grand Prix
10,30.0,0 days 00:01:31.296000,1,True,British Grand Prix
10,31.0,0 days 00:01:31.946000,1,True,British Grand Prix
10,32.0,0 days 00:01:31.253000,1,True,British Grand Prix
10,33.0,0 days 00:01:31.451000,1,True,British Grand Prix
10,34.0,0 days 00:01:31.130000,1,True,British Grand Prix
10,35.0,0 days 00:01:31.736000,1,True,British Grand Prix
10,36.0,0 days 00:01:31.107000,1,True,British Grand Prix
10,37.0,0 days 00:01:31.084000,1,True,British Grand Prix
10,38.0,0 days 00:01:31.104000,1,True,British Grand Prix
10,39.0,0 days 00:01:30.805000,1,True,British Grand Prix
10,40.0,0 days 00:01:30.419000,1,True,British Grand Prix
10,41.0,0 days 00:01:30.319000,1,True,British Grand Prix
10,42.0,0 days 00:01:30.360000,1,True,British Grand Prix
10,43.0,0 days 00:01:30.435000,1,True,British Grand Prix
10,44.0,0 days 00:01:30.498000,1,True,British Grand Prix
10,45.0,0 days 00:01:30.605000,1,True,British Grand Prix
10,46.0,0 days 00:01:30.535000,1,True,British Grand Prix
10,47.0,0 days 00:01:30.189000,1,True,British Grand Prix
10,48.0,0 days 00:01:30.575000,2,True,British Grand Prix
10,49.0,0 days 00:01:30.324000,1,True,British Grand Prix
10,50.0,0 days 00:01:30.175000,1,True,British Grand Prix
10,51.0,0 days 00:01:29.964000,1,True,British Grand Prix
10,52.0,0 days 00:01:29.603000,1,True,British Grand Prix
16,1.0,0 days 00:01:37.904000,1,False,British Grand Prix
16,2.0,0 days 00:02:07.127000,24,False,British Grand Prix
16,3.0,0 days 00:02:29.468000,4,False,British Grand Prix
16,4.0,,4,False,British Grand Prix
16,5.0,0 days 00:02:18.180000,4,False,British Grand Prix
16,6.0,0 days 00:01:33.695000,1,False,British Grand Prix
16,7.0,0 days 00:01:32.950000,1,True,British Grand Prix
16,8.0,0 days 00:01:32.248000,1,True,British Grand Prix
16,9.0,0 days 00:01:32.519000,1,True,British Grand Prix
16,10.0,0 days 00:01:32.319000,1,True,British Grand Prix
16,11.0,0 days 00:01:32.183000,1,True,British Grand Prix
16,12.0,0 days 00:01:37.226000,24,False,British Grand Prix
16,13.0,0 days 00:02:06.304000,4,False,British Grand Prix
16,14.0,,4,False,British Grand Prix
16,15.0,,4,False,British Grand Prix
16,16.0,,4,False,British Grand Prix
16,17.0,,4,False,British Grand Prix
16,18.0,0 days 00:02:21.492000,4,False,British Grand Prix
16,19.0,0 days 00:01:33.614000,1,False,British Grand Prix
16,20.0,0 days 00:01:32.336000,1,True,British Grand Prix
16,21.0,0 days 00:01:31.866000,1,True,British Grand Prix
16,22.0,0 days 00:01:31.418000,1,True,British Grand Prix
16,23.0,0 days 00:01:31.547000,1,True,British Grand Prix
16,24.0,0 days 00:01:31.897000,1,True,British Grand Prix
16,25.0,0 days 00:01:31.421000,1,True,British Grand Prix
16,26.0,0 days 00:01:31.463000,1,True,British Grand Prix
16,27.0,0 days 00:01:31.589000,1,True,British Grand Prix
16,28.0,0 days 00:01:31.378000,1,True,British Grand Prix
16,29.0,0 days 00:01:31.448000,1,True,British Grand Prix
16,30.0,0 days 00:01:31.322000,1,True,British Grand Prix
16,31.0,0 days 00:01:31.644000,1,True,British Grand Prix
16,32.0,0 days 00:01:31.249000,1,True,British Grand Prix
16,33.0,0 days 00:01:31.201000,1,True,British Grand Prix
16,34.0,0 days 00:01:31.007000,1,True,British Grand Prix
16,35.0,0 days 00:01:31.807000,1,True,British Grand Prix
16,36.0,0 days 00:01:31.194000,1,True,British Grand Prix
16,37.0,0 days 00:01:30.930000,1,True,British Grand Prix
16,38.0,0 days 00:01:30.790000,1,True,British Grand Prix
16,39.0,0 days 00:01:30.460000,1,True,British Grand Prix
16,40.0,0 days 00:01:30.596000,1,True,British Grand Prix
16,41.0,0 days 00:01:30.104000,1,True,British Grand Prix
16,42.0,0 days 00:01:30.219000,1,True,British Grand Prix
16,43.0,0 days 00:01:30.512000,1,True,British Grand Prix
16,44.0,0 days 00:01:30.312000,1,True,British Grand Prix
16,45.0,0 days 00:01:30.196000,1,True,British Grand Prix
16,46.0,0 days 00:01:29.981000,1,True,British Grand Prix
16,47.0,0 days 00:01:30.068000,1,True,British Grand Prix
16,48.0,0 days 00:01:30.840000,2,True,British Grand Prix
16,49.0,0 days 00:01:29.813000,1,True,British Grand Prix
16,50.0,0 days 00:01:30.763000,1,True,British Grand Prix
16,51.0,0 days 00:01:30.447000,1,True,British Grand Prix
16,52.0,0 days 00:01:32.506000,1,True,British Grand Prix
18,1.0,0 days 00:01:40.476000,1,False,British Grand Prix
18,2.0,0 days 00:02:10.286000,24,False,British Grand Prix
18,3.0,0 days 00:02:29.271000,4,False,British Grand Prix
18,4.0,,4,False,British Grand Prix
18,5.0,0 days 00:02:12.315000,4,False,British Grand Prix
18,6.0,0 days 00:01:34.963000,1,False,British Grand Prix
18,7.0,0 days 00:01:34.261000,1,True,British Grand Prix
18,8.0,0 days 00:01:33.108000,1,True,British Grand Prix
18,9.0,0 days 00:01:33.399000,1,True,British Grand Prix
18,10.0,0 days 00:01:33.140000,1,True,British Grand Prix
18,11.0,0 days 00:01:32.800000,1,True,British Grand Prix
18,12.0,0 days 00:01:41.086000,24,False,British Grand Prix
18,13.0,0 days 00:02:05.779000,4,False,British Grand Prix
18,14.0,0 days 00:02:28.537000,4,False,British Grand Prix
18,15.0,,4,False,British Grand Prix
18,16.0,,4,False,British Grand Prix
18,17.0,,4,False,British Grand Prix
18,18.0,0 days 00:02:14.818000,4,False,British Grand Prix
18,19.0,0 days 00:01:35.085000,1,False,British Grand Prix
18,20.0,0 days 00:01:33.550000,1,True,British Grand Prix
18,21.0,0 days 00:01:32.586000,1,True,British Grand Prix
18,22.0,0 days 00:01:32.206000,1,True,British Grand Prix
18,23.0,0 days 00:01:32.298000,1,True,British Grand Prix
18,24.0,0 days 00:01:32.320000,1,True,British Grand Prix
18,25.0,0 days 00:01:32.566000,1,True,British Grand Prix
18,26.0,0 days 00:01:32.733000,1,True,British Grand Prix
18,27.0,0 days 00:01:31.764000,1,True,British Grand Prix
18,28.0,0 days 00:01:31.816000,1,True,British Grand Prix
18,29.0,0 days 00:01:31.692000,1,True,British Grand Prix
18,30.0,0 days 00:01:31.441000,1,True,British Grand Prix
18,31.0,0 days 00:01:31.418000,1,True,British Grand Prix
18,32.0,0 days 00:01:31.391000,1,True,British Grand Prix
18,33.0,0 days 00:01:31.205000,1,True,British Grand Prix
18,34.0,0 days 00:01:31.142000,1,True,British Grand Prix
18,35.0,0 days 00:01:31.462000,1,True,British Grand Prix
18,36.0,0 days 00:01:31.224000,1,True,British Grand Prix
18,37.0,0 days 00:01:31.872000,1,True,British Grand Prix
18,38.0,0 days 00:01:30.642000,1,True,British Grand Prix
18,39.0,0 days 00:01:30.742000,1,True,British Grand Prix
18,40.0,0 days 00:01:30.808000,1,True,British Grand Prix
18,41.0,0 days 00:01:30.728000,1,True,British Grand Prix
18,42.0,0 days 00:01:30.722000,1,True,British Grand Prix
18,43.0,0 days 00:01:30.765000,1,True,British Grand Prix
18,44.0,0 days 00:01:30.475000,1,True,British Grand Prix
18,45.0,0 days 00:01:30.639000,1,True,British Grand Prix
18,46.0,0 days 00:01:31.405000,1,True,British Grand Prix
18,47.0,0 days 00:01:30.834000,1,True,British Grand Prix
18,48.0,0 days 00:01:31.329000,2,True,British Grand Prix
18,49.0,0 days 00:01:32.153000,1,True,British Grand Prix
18,50.0,0 days 00:01:30.772000,1,True,British Grand Prix
18,51.0,0 days 00:01:31.680000,1,True,British Grand Prix
18,52.0,0 days 00:01:31.742000,1,True,British Grand Prix
20,1.0,0 days 00:01:43.754000,24,False,British Grand Prix
23,1.0,0 days 00:01:43.077000,1,False,British Grand Prix
23,2.0,0 days 00:02:12.634000,24,False,British Grand Prix
23,3.0,,4,False,British Grand Prix
23,4.0,,4,False,British Grand Prix
23,5.0,0 days 00:02:08.780000,4,False,British Grand Prix
23,6.0,0 days 00:01:35.837000,1,False,British Grand Prix
23,7.0,0 days 00:01:54.670000,1,False,British Grand Prix
23,8.0,0 days 00:01:31.828000,1,True,British Grand Prix
23,9.0,0 days 00:01:32.407000,1,True,British Grand Prix
23,10.0,0 days 00:01:32.208000,1,True,British Grand Prix
23,11.0,0 days 00:01:31.622000,1,True,British Grand Prix
23,12.0,0 days 00:01:48.430000,24,False,British Grand Prix
23,13.0,0 days 00:02:07.837000,4,False,British Grand Prix
23,14.0,0 days 00:02:05.744000,4,False,British Grand Prix
23,15.0,,4,False,British Grand Prix
23,16.0,,4,False,British Grand Prix
23,17.0,,4,False,British Grand Prix
23,18.0,0 days 00:02:09.712000,4,False,British Grand Prix
23,19.0,0 days 00:01:36.213000,1,False,British Grand Prix
23,20.0,0 days 00:01:33.979000,1,True,British Grand Prix
23,21.0,0 days 00:01:32.770000,1,True,British Grand Prix
23,22.0,0 days 00:01:32.673000,1,True,British Grand Prix
23,23.0,0 days 00:01:32.189000,1,True,British Grand Prix
23,24.0,0 days 00:01:32.107000,1,True,British Grand Prix
23,25.0,0 days 00:01:32.245000,1,True,British Grand Prix
23,26.0,0 days 00:01:32.149000,1,True,British Grand Prix
23,27.0,0 days 00:01:32.350000,1,True,British Grand Prix
23,28.0,0 days 00:01:32.175000,1,True,British Grand Prix
23,29.0,0 days 00:01:32.160000,1,True,British Grand Prix
23,30.0,0 days 00:01:31.204000,1,False,British Grand Prix
23,31.0,0 days 00:01:57.525000,1,False,British Grand Prix
23,32.0,0 days 00:01:30.132000,1,True,British Grand Prix
23,33.0,0 days 00:01:29.637000,1,True,British Grand Prix
23,34.0,0 days 00:01:29.426000,1,True,British Grand Prix
23,35.0,0 days 00:01:29.993000,1,True,British Grand Prix
23,36.0,0 days 00:01:29.565000,1,True,British Grand Prix
23,37.0,0 days 00:01:29.487000,1,True,British Grand Prix
23,38.0,0 days 00:01:30.254000,1,True,British Grand Prix
23,39.0,0 days 00:01:30.426000,1,True,British Grand Prix
23,40.0,0 days 00:01:29.261000,1,True,British Grand Prix
23,41.0,0 days 00:01:29.281000,1,True,British Grand Prix
23,42.0,0 days 00:01:29.485000,1,True,British Grand Prix
23,43.0,0 days 00:01:29.368000,1,True,British Grand Prix
23,44.0,0 days 00:01:30.032000,1,True,British Grand Prix
23,45.0,0 days 00:01:29.685000,1,True,British Grand Prix
23,46.0,0 days 00:01:28.874000,1,True,British Grand Prix
23,47.0,0 days 00:01:28.790000,2,True,British Grand Prix
23,48.0,0 days 00:01:29.075000,2,True,British Grand Prix
23,49.0,0 days 00:01:29.256000,1,True,British Grand Prix
23,50.0,0 days 00:01:29.122000,1,True,British Grand Prix
23,51.0,0 days 00:01:29.162000,1,True,British Grand Prix
23,52.0,0 days 00:01:28.689000,1,True,British Grand Prix
26,1.0,0 days 00:01:43.748000,1,False,British Grand Prix
26,2.0,0 days 00:02:15.827000,24,False,British Grand Prix
26,3.0,0 days 00:02:29.324000,4,False,British Grand Prix
26,4.0,,4,False,British Grand Prix
26,5.0,0 days 00:02:06.770000,4,False,British Grand Prix
26,6.0,0 days 00:01:34.683000,1,False,British Grand Prix
26,7.0,0 days 00:01:34.402000,1,True,British Grand Prix
26,8.0,0 days 00:01:33.521000,1,True,British Grand Prix
26,9.0,0 days 00:01:33.384000,1,True,British Grand Prix
26,10.0,0 days 00:01:33.461000,1,True,British Grand Prix
26,11.0,0 days 00:01:32.443000,1,True,British Grand Prix
26,12.0,,,False,British Grand Prix
27,1.0,,1,False,British Grand Prix
3,1.0,0 days 00:01:39.264000,1,False,British Grand Prix
3,2.0,0 days 00:02:08.887000,24,False,British Grand Prix
3,3.0,0 days 00:02:28.982000,4,False,British Grand Prix
3,4.0,,4,False,British Grand Prix
3,5.0,0 days 00:02:14.328000,4,False,British Grand Prix
3,6.0,0 days 00:01:34.179000,1,False,British Grand Prix
3,7.0,0 days 00:01:34.135000,1,True,British Grand Prix
3,8.0,0 days 00:01:33.025000,1,True,British Grand Prix
3,9.0,0 days 00:01:33.183000,1,True,British Grand Prix
3,10.0,0 days 00:01:33.062000,1,True,British Grand Prix
3,11.0,0 days 00:01:32.789000,1,True,British Grand Prix
3,12.0,0 days 00:01:38.651000,24,False,British Grand Prix
3,13.0,0 days 00:02:26.815000,4,False,British Grand Prix
3,14.0,0 days 00:02:08.688000,4,False,British Grand Prix
3,15.0,,4,False,British Grand Prix
3,16.0,,4,False,British Grand Prix
3,17.0,,4,False,British Grand Prix
3,18.0,0 days 00:02:17.817000,4,False,British Grand Prix
3,19.0,0 days 00:01:35.360000,1,False,British Grand Prix
3,20.0,0 days 00:01:33.359000,1,True,British Grand Prix
3,21.0,0 days 00:01:32.560000,1,True,British Grand Prix
3,22.0,0 days 00:01:32.125000,1,True,British Grand Prix
3,23.0,0 days 00:01:32.440000,1,True,British Grand Prix
3,24.0,0 days 00:01:32.182000,1,True,British Grand Prix
3,25.0,0 days 00:01:32.618000,1,True,British Grand Prix
3,26.0,0 days 00:01:32.433000,1,True,British Grand Prix
3,27.0,0 days 00:01:31.952000,1,True,British Grand Prix
3,28.0,0 days 00:01:31.851000,1,True,British Grand Prix
3,29.0,0 days 00:01:31.681000,1,True,British Grand Prix
3,30.0,0 days 00:01:31.454000,1,True,British Grand Prix
3,31.0,0 days 00:01:31.310000,1,True,British Grand Prix
3,32.0,0 days 00:01:31.560000,1,True,British Grand Prix
3,33.0,0 days 00:01:31.035000,1,True,British Grand Prix
3,34.0,0 days 00:01:31.139000,1,True,British Grand Prix
3,35.0,0 days 00:01:31.473000,1,True,British Grand Prix
3,36.0,0 days 00:01:30.749000,1,True,British Grand Prix
3,37.0,0 days 00:01:30.603000,1,True,British Grand Prix
3,38.0,0 days 00:01:30.353000,1,True,British Grand Prix
3,39.0,0 days 00:01:30.179000,1,True,British Grand Prix
3,40.0,0 days 00:01:30.161000,1,True,British Grand Prix
3,41.0,0 days 00:01:29.950000,1,True,British Grand Prix
3,42.0,0 days 00:01:30.062000,1,True,British Grand Prix
3,43.0,0 days 00:01:30.530000,1,True,British Grand Prix
3,44.0,0 days 00:01:30.119000,1,True,British Grand Prix
3,45.0,0 days 00:01:29.973000,1,True,British Grand Prix
3,46.0,0 days 00:01:30.077000,1,True,British Grand Prix
3,47.0,0 days 00:01:30.015000,1,True,British Grand Prix
3,48.0,0 days 00:01:30.005000,2,True,British Grand Prix
3,49.0,0 days 00:01:29.482000,1,True,British Grand Prix
3,50.0,0 days 00:01:29.858000,1,True,British Grand Prix
3,51.0,0 days 00:01:29.783000,1,True,British Grand Prix
3,52.0,0 days 00:01:29.766000,1,True,British Grand Prix
31,1.0,0 days 00:01:40.838000,1,False,British Grand Prix
31,2.0,0 days 00:02:11.306000,24,False,British Grand Prix
31,3.0,0 days 00:02:29.090000,4,False,British Grand Prix
31,4.0,,4,False,British Grand Prix
31,5.0,0 days 00:02:11.098000,4,False,British Grand Prix
31,6.0,0 days 00:01:35.286000,1,False,British Grand Prix
31,7.0,0 days 00:01:34.678000,1,True,British Grand Prix
31,8.0,0 days 00:01:33.410000,1,True,British Grand Prix
31,9.0,0 days 00:01:33.456000,1,True,British Grand Prix
31,10.0,0 days 00:01:33.179000,1,True,British Grand Prix
31,11.0,0 days 00:01:33.077000,1,True,British Grand Prix
31,12.0,0 days 00:01:39.896000,24,False,British Grand Prix
31,13.0,0 days 00:02:26.626000,4,False,British Grand Prix
31,14.0,0 days 00:02:09.398000,4,False,British Grand Prix
31,15.0,,4,False,British Grand Prix
31,16.0,,4,False,British Grand Prix
31,17.0,,4,False,British Grand Prix
31,18.0,0 days 00:02:13.141000,4,False,British Grand Prix
31,19.0,0 days 00:01:34.664000,1,False,British Grand Prix
31,20.0,0 days 00:01:33.728000,1,True,British Grand Prix
31,21.0,0 days 00:01:32.783000,1,True,British Grand Prix
31,22.0,0 days 00:01:32.445000,1,True,British Grand Prix
31,23.0,0 days 00:01:32.043000,1,True,British Grand Prix
31,24.0,0 days 00:01:32.379000,1,True,British Grand Prix
31,25.0,0 days 00:01:32.467000,1,True,British Grand Prix
31,26.0,0 days 00:01:32.588000,1,True,British Grand Prix
31,27.0,0 days 00:01:31.845000,1,True,British Grand Prix
31,28.0,0 days 00:01:31.796000,1,True,British Grand Prix
31,29.0,0 days 00:01:31.793000,1,True,British Grand Prix
31,30.0,0 days 00:01:31.880000,1,True,British Grand Prix
31,31.0,0 days 00:01:31.493000,1,True,British Grand Prix
31,32.0,0 days 00:01:31.159000,1,True,British Grand Prix
31,33.0,0 days 00:01:31.403000,1,True,British Grand Prix
31,34.0,0 days 00:01:31.284000,1,True,British Grand Prix
31,35.0,0 days 00:01:31.479000,1,True,British Grand Prix
31,36.0,0 days 00:01:31.359000,1,True,British Grand Prix
31,37.0,0 days 00:01:31.010000,1,True,British Grand Prix
31,38.0,0 days 00:01:30.831000,1,True,British Grand Prix
31,39.0,0 days 00:01:30.705000,1,True,British Grand Prix
31,40.0,0 days 00:01:30.627000,1,True,British Grand Prix
31,41.0,0 days 00:01:30.875000,1,True,British Grand Prix
31,42.0,0 days 00:01:30.633000,1,True,British Grand Prix
31,43.0,0 days 00:01:30.781000,1,True,British Grand Prix
31,44.0,0 days 00:01:30.532000,1,True,British Grand Prix
31,45.0,0 days 00:01:30.404000,1,True,British Grand Prix
31,46.0,0 days 00:01:29.848000,1,True,British Grand Prix
31,47.0,0 days 00:01:30.145000,1,True,British Grand Prix
31,48.0,0 days 00:01:30.463000,2,True,British Grand Prix
31,49.0,0 days 00:01:29.874000,1,True,British Grand Prix
31,50.0,0 days 00:01:29.491000,1,True,British Grand Prix
31,51.0,0 days 00:01:29.660000,1,True,British Grand Prix
31,52.0,0 days 00:01:29.515000,1,True,British Grand Prix
33,1.0,0 days 00:01:36.913000,1,False,British Grand Prix
33,2.0,0 days 00:02:06.326000,24,False,British Grand Prix
33,3.0,,4,False,British Grand Prix
33,4.0,,4,False,British Grand Prix
33,5.0,0 days 00:02:18.752000,4,False,British Grand Prix
33,6.0,0 days 00:01:31.959000,1,False,British Grand Prix
33,7.0,0 days 00:01:32.018000,1,True,British Grand Prix
33,8.0,0 days 00:01:31.374000,1,True,British Grand Prix
33,9.0,0 days 00:01:31.460000,1,True,British Grand Prix
33,10.0,0 days 00:01:31.143000,1,True,British Grand Prix
33,11.0,0 days 00:01:31.204000,1,True,British Grand Prix
33,12.0,0 days 00:01:31.181000,24,False,British Grand Prix
33,13.0,0 days 00:02:08.840000,4,False,British Grand Prix
33,14.0,,4,False,British Grand Prix
33,15.0,,4,False,British Grand Prix
33,16.0,,4,False,British Grand Prix
33,17.0,,4,False,British Grand Prix
33,18.0,0 days 00:02:21.921000,4,False,British Grand Prix
33,19.0,0 days 00:01:32.334000,1,False,British Grand Prix
33,20.0,0 days 00:01:31.096000,1,True,British Grand Prix
33,21.0,0 days 00:01:30.830000,1,True,British Grand Prix
33,22.0,0 days 00:01:30.503000,1,True,British Grand Prix
33,23.0,0 days 00:01:30.746000,1,True,British Grand Prix
33,24.0,0 days 00:01:31.030000,1,True,British Grand Prix
33,25.0,0 days 00:01:30.376000,1,True,British Grand Prix
33,26.0,0 days 00:01:30.415000,1,True,British Grand Prix
33,27.0,0 days 00:01:30.617000,1,True,British Grand Prix
33,28.0,0 days 00:01:30.447000,1,True,British Grand Prix
33,29.0,0 days 00:01:30.633000,1,True,British Grand Prix
33,30.0,0 days 00:01:30.417000,1,True,British Grand Prix
33,31.0,0 days 00:01:29.986000,1,True,British Grand Prix
33,32.0,0 days 00:01:30.101000,1,True,British Grand Prix
33,33.0,0 days 00:01:29.801000,1,True,British Grand Prix
33,34.0,0 days 00:01:29.783000,1,True,British Grand Prix
33,35.0,0 days 00:01:30.180000,1,True,British Grand Prix
33,36.0,0 days 00:01:29.917000,1,True,British Grand Prix
33,37.0,0 days 00:01:30.065000,1,True,British Grand Prix
33,38.0,0 days 00:01:30.240000,1,True,British Grand Prix
33,39.0,0 days 00:01:30.005000,1,True,British Grand Prix
33,40.0,0 days 00:01:29.985000,1,True,British Grand Prix
33,41.0,0 days 00:01:29.070000,1,True,British Grand Prix
33,42.0,0 days 00:01:29.389000,1,True,British Grand Prix
33,43.0,0 days 00:01:29.819000,1,True,British Grand Prix
33,44.0,0 days 00:01:29.671000,1,True,British Grand Prix
33,45.0,0 days 00:01:29.355000,1,True,British Grand Prix
33,46.0,0 days 00:01:30.046000,1,True,British Grand Prix
33,47.0,0 days 00:01:29.728000,1,True,British Grand Prix
33,48.0,0 days 00:01:29.572000,2,True,British Grand Prix
33,49.0,0 days 00:01:29.675000,1,True,British Grand Prix
33,50.0,0 days 00:01:31.697000,1,False,British Grand Prix
33,51.0,0 days 00:01:51.712000,1,False,British Grand Prix
33,52.0,0 days 00:01:27.097000,1,True,British Grand Prix
4,1.0,0 days 00:01:39.921000,1,False,British Grand Prix
4,2.0,0 days 00:02:09.723000,24,False,British Grand Prix
4,3.0,0 days 00:02:29.223000,4,False,British Grand Prix
4,4.0,,4,False,British Grand Prix
4,5.0,0 days 00:02:13.298000,4,False,British Grand Prix
4,6.0,0 days 00:01:34.741000,1,False,British Grand Prix
4,7.0,0 days 00:01:34.278000,1,True,British Grand Prix
4,8.0,0 days 00:01:33.053000,1,True,British Grand Prix
4,9.0,0 days 00:01:33.414000,1,True,British Grand Prix
4,10.0,0 days 00:01:33.164000,1,True,British Grand Prix
4,11.0,0 days 00:01:32.759000,1,True,British Grand Prix
4,12.0,0 days 00:01:39.733000,24,False,British Grand Prix
4,13.0,0 days 00:02:26.132000,4,False,British Grand Prix
4,14.0,0 days 00:02:08.388000,4,False,British Grand Prix
4,15.0,,4,False,British Grand Prix
4,16.0,,4,False,British Grand Prix
4,17.0,,4,False,British Grand Prix
4,18.0,0 days 00:02:16.924000,4,False,British Grand Prix
4,19.0,0 days 00:01:34.515000,1,False,British Grand Prix
4,20.0,0 days 00:01:33.129000,1,True,British Grand Prix
4,21.0,0 days 00:01:32.513000,1,True,British Grand Prix
4,22.0,0 days 00:01:32.152000,1,True,British Grand Prix
4,23.0,0 days 00:01:32.597000,1,True,British Grand Prix
4,24.0,0 days 00:01:32.042000,1,True,British Grand Prix
4,25.0,0 days 00:01:32.065000,1,True,British Grand Prix
4,26.0,0 days 00:01:32.075000,1,True,British Grand Prix
4,27.0,0 days 00:01:32.107000,1,True,British Grand Prix
4,28.0,0 days 00:01:31.646000,1,True,British Grand Prix
4,29.0,0 days 00:01:31.481000,1,True,British Grand Prix
4,30.0,0 days 00:01:31.648000,1,True,British Grand Prix
4,31.0,0 days 00:01:31.436000,1,True,British Grand Prix
4,32.0,0 days 00:01:31.343000,1,True,British Grand Prix
4,33.0,0 days 00:01:31.262000,1,True,British Grand Prix
4,34.0,0 days 00:01:30.975000,1,True,British Grand Prix
4,35.0,0 days 00:01:31.281000,1,True,British Grand Prix
4,36.0,0 days 00:01:30.854000,1,True,British Grand Prix
4,37.0,0 days 00:01:30.600000,1,True,British Grand Prix
4,38.0,0 days 00:01:30.427000,1,True,British Grand Prix
4,39.0,0 days 00:01:30.347000,1,True,British Grand Prix
4,40.0,0 days 00:01:30.516000,1,True,British Grand Prix
4,41.0,0 days 00:01:30.058000,1,True,British Grand Prix
4,42.0,0 days 00:01:30.177000,1,True,British Grand Prix
4,43.0,0 days 00:01:30.209000,1,True,British Grand Prix
4,44.0,0 days 00:01:30.244000,1,True,British Grand Prix
4,45.0,0 days 00:01:30.096000,1,True,British Grand Prix
4,46.0,0 days 00:01:30.291000,1,True,British Grand Prix
4,47.0,0 days 00:01:30.166000,1,True,British Grand Prix
4,48.0,0 days 00:01:30.058000,2,True,British Grand Prix
4,49.0,0 days 00:01:31.173000,1,True,British Grand Prix
4,50.0,0 days 00:01:30.578000,1,True,British Grand Prix
4,51.0,0 days 00:01:30.379000,1,True,British Grand Prix
4,52.0,0 days 00:01:30.142000,1,True,British Grand Prix
44,1.0,0 days 00:01:34.010000,1,False,British Grand Prix
44,2.0,0 days 00:02:06.445000,24,False,British Grand Prix
44,3.0,,4,False,British Grand Prix
44,4.0,,4,False,British Grand Prix
44,5.0,0 days 00:02:18.933000,4,False,British Grand Prix
44,6.0,0 days 00:01:30.533000,1,False,British Grand Prix
44,7.0,0 days 00:01:31.143000,1,True,British Grand Prix
44,8.0,0 days 00:01:30.943000,1,True,British Grand Prix
44,9.0,0 days 00:01:30.868000,1,True,British Grand Prix
44,10.0,0 days 00:01:30.838000,1,True,British Grand Prix
44,11.0,0 days 00:01:30.903000,1,True,British Grand Prix
44,12.0,0 days 00:01:30.705000,2,True,British Grand Prix
44,13.0,0 days 00:02:05.834000,24,False,British Grand Prix
44,14.0,,4,False,British Grand Prix
44,15.0,,4,False,British Grand Prix
44,16.0,,4,False,British Grand Prix
44,17.0,,4,False,British Grand Prix
44,18.0,0 days 00:02:22.988000,4,False,British Grand Prix
44,19.0,0 days 00:01:30.534000,1,False,British Grand Prix
44,20.0,0 days 00:01:30.371000,1,True,British Grand Prix
44,21.0,0 days 00:01:30.188000,1,True,British Grand Prix
44,22.0,0 days 00:01:30.324000,1,True,British Grand Prix
44,23.0,0 days 00:01:29.812000,1,True,British Grand Prix
44,24.0,0 days 00:01:30.127000,1,True,British Grand Prix
44,25.0,0 days 00:01:29.944000,1,True,British Grand Prix
44,26.0,0 days 00:01:30.162000,1,True,British Grand Prix
44,27.0,0 days 00:01:30.312000,1,True,British Grand Prix
44,28.0,0 days 00:01:30.266000,1,True,British Grand Prix
44,29.0,0 days 00:01:30.079000,1,True,British Grand Prix
44,30.0,0 days 00:01:29.712000,1,True,British Grand Prix
44,31.0,0 days 00:01:29.660000,1,True,British Grand Prix
44,32.0,0 days 00:01:29.995000,1,True,British Grand Prix
44,33.0,0 days 00:01:29.326000,1,True,British Grand Prix
44,34.0,0 days 00:01:29.321000,1,True,British Grand Prix
44,35.0,0 days 00:01:29.693000,1,True,British Grand Prix
44,36.0,0 days 00:01:29.688000,1,True,British Grand Prix
44,37.0,0 days 00:01:29.663000,1,True,British Grand Prix
44,38.0,0 days 00:01:29.553000,1,True,British Grand Prix
44,39.0,0 days 00:01:29.762000,1,True,British Grand Prix
44,40.0,0 days 00:01:29.282000,1,True,British Grand Prix
44,41.0,0 days 00:01:29.254000,1,True,British Grand Prix
44,42.0,0 days 00:01:29.269000,1,True,British Grand Prix
44,43.0,0 days 00:01:29.525000,1,True,British Grand Prix
44,44.0,0 days 00:01:29.364000,1,True,British Grand Prix
44,45.0,0 days 00:01:29.238000,1,True,British Grand Prix
44,46.0,0 days 00:01:29.432000,1,True,British Grand Prix
44,47.0,0 days 00:01:29.455000,1,True,British Grand Prix
44,48.0,0 days 00:01:29.821000,2,True,British Grand Prix
44,49.0,0 days 00:01:30.120000,1,True,British Grand Prix
44,50.0,0 days 00:01:31.081000,1,True,British Grand Prix
44,51.0,0 days 00:01:32.185000,1,True,British Grand Prix
44,52.0,0 days 00:01:55.484000,1,True,British Grand Prix
5,1.0,0 days 00:01:41.375000,1,False,British Grand Prix
5,2.0,0 days 00:02:11.969000,24,False,British Grand Prix
5,3.0,0 days 00:02:28.600000,4,False,British Grand Prix
5,4.0,,4,False,British Grand Prix
5,5.0,0 days 00:02:11.085000,4,False,British Grand Prix
5,6.0,0 days 00:01:35.095000,1,False,British Grand Prix
5,7.0,0 days 00:01:34.927000,1,True,British Grand Prix
5,8.0,0 days 00:01:33.528000,1,True,British Grand Prix
5,9.0,0 days 00:01:33.461000,1,True,British Grand Prix
5,10.0,0 days 00:01:33.378000,1,True,British Grand Prix
5,11.0,0 days 00:01:33.086000,1,True,British Grand Prix
5,12.0,0 days 00:01:39.509000,24,False,British Grand Prix
5,13.0,0 days 00:02:24.723000,4,False,British Grand Prix
5,14.0,0 days 00:02:09.879000,4,False,British Grand Prix
5,15.0,,4,False,British Grand Prix
5,16.0,,4,False,British Grand Prix
5,17.0,,4,False,British Grand Prix
5,18.0,0 days 00:02:14.104000,4,False,British Grand Prix
5,19.0,0 days 00:01:35.950000,1,False,British Grand Prix
5,20.0,0 days 00:01:33.666000,1,True,British Grand Prix
5,21.0,0 days 00:01:32.635000,1,True,British Grand Prix
5,22.0,0 days 00:01:32.489000,1,True,British Grand Prix
5,23.0,0 days 00:01:31.939000,1,True,British Grand Prix
5,24.0,0 days 00:01:32.479000,1,True,British Grand Prix
5,25.0,0 days 00:01:32.431000,1,True,British Grand Prix
5,26.0,0 days 00:01:32.263000,1,True,British Grand Prix
5,27.0,0 days 00:01:32.336000,1,True,British Grand Prix
5,28.0,0 days 00:01:32.029000,1,True,British Grand Prix
5,29.0,0 days 00:01:31.785000,1,True,British Grand Prix
5,30.0,0 days 00:01:31.830000,1,True,British Grand Prix
5,31.0,0 days 00:01:31.960000,1,True,British Grand Prix
5,32.0,0 days 00:01:31.420000,1,True,British Grand Prix
5,33.0,0 days 00:01:31.401000,1,True,British Grand Prix
5,34.0,0 days 00:01:31.085000,1,True,British Grand Prix
5,35.0,0 days 00:01:31.770000,1,True,British Grand Prix
5,36.0,0 days 00:01:31.328000,1,True,British Grand Prix
5,37.0,0 days 00:01:32.152000,1,True,British Grand Prix
5,38.0,0 days 00:01:31.856000,1,True,British Grand Prix
5,39.0,0 days 00:01:31.186000,1,True,British Grand Prix
5,40.0,0 days 00:01:30.752000,1,True,British Grand Prix
5,41.0,0 days 00:01:30.609000,1,True,British Grand Prix
5,42.0,0 days 00:01:30.776000,1,True,British Grand Prix
5,43.0,0 days 00:01:30.973000,1,True,British Grand Prix
5,44.0,0 days 00:01:30.537000,1,True,British Grand Prix
5,45.0,0 days 00:01:30.761000,1,True,British Grand Prix
5,46.0,0 days 00:01:30.666000,1,True,British Grand Prix
5,47.0,0 days 00:01:30.601000,2,True,British Grand Prix
5,48.0,0 days 00:01:30.757000,2,True,British Grand Prix
5,49.0,0 days 00:01:32.228000,1,True,British Grand Prix
5,50.0,0 days 00:01:31.547000,1,True,British Grand Prix
5,51.0,0 days 00:01:31.225000,1,True,British Grand Prix
5,52.0,0 days 00:01:31.782000,1,True,British Grand Prix
55,1.0,0 days 00:01:38.652000,1,False,British Grand Prix
55,2.0,0 days 00:02:08.406000,24,False,British Grand Prix
55,3.0,0 days 00:02:28.577000,4,False,British Grand Prix
55,4.0,,4,False,British Grand Prix
55,5.0,0 days 00:02:16.516000,4,False,British Grand Prix
55,6.0,0 days 00:01:33.674000,1,False,British Grand Prix
55,7.0,0 days 00:01:33.699000,1,True,British Grand Prix
55,8.0,0 days 00:01:32.917000,1,True,British Grand Prix
55,9.0,0 days 00:01:33.016000,1,True,British Grand Prix
55,10.0,0 days 00:01:32.878000,1,True,British Grand Prix
55,11.0,0 days 00:01:32.626000,1,True,British Grand Prix
55,12.0,0 days 00:01:40.877000,24,False,British Grand Prix
55,13.0,0 days 00:02:04.935000,4,False,British Grand Prix
55,14.0,0 days 00:02:28.662000,4,False,British Grand Prix
55,15.0,,4,False,British Grand Prix
55,16.0,,4,False,British Grand Prix
55,17.0,,4,False,British Grand Prix
55,18.0,0 days 00:02:18.326000,4,False,British Grand Prix
55,19.0,0 days 00:01:34.463000,1,False,British Grand Prix
55,20.0,0 days 00:01:32.682000,1,True,British Grand Prix
55,21.0,0 days 00:01:32.490000,1,True,British Grand Prix
55,22.0,0 days 00:01:31.859000,1,True,British Grand Prix
55,23.0,0 days 00:01:32.458000,1,True,British Grand Prix
55,24.0,0 days 00:01:31.967000,1,True,British Grand Prix
55,25.0,0 days 00:01:31.898000,1,True,British Grand Prix
55,26.0,0 days 00:01:31.934000,1,True,British Grand Prix
55,27.0,0 days 00:01:31.616000,1,True,British Grand Prix
55,28.0,0 days 00:01:31.838000,1,True,British Grand Prix
55,29.0,0 days 00:01:31.563000,1,True,British Grand Prix
55,30.0,0 days 00:01:31.495000,1,True,British Grand Prix
55,31.0,0 days 00:01:31.392000,1,True,British Grand Prix
55,32.0,0 days 00:01:31.174000,1,True,British Grand Prix
55,33.0,0 days 00:01:31.177000,1,True,British Grand Prix
55,34.0,0 days 00:01:31.149000,1,True,British Grand Prix
55,35.0,0 days 00:01:31.317000,1,True,British Grand Prix
55,36.0,0 days 00:01:30.994000,1,True,British Grand Prix
55,37.0,0 days 00:01:30.784000,1,True,British Grand Prix
55,38.0,0 days 00:01:30.531000,1,True,British Grand Prix
55,39.0,0 days 00:01:30.577000,1,True,British Grand Prix
55,40.0,0 days 00:01:30.380000,1,True,British Grand Prix
55,41.0,0 days 00:01:30.185000,1,True,British Grand Prix
55,42.0,0 days 00:01:30.236000,1,True,British Grand Prix
55,43.0,0 days 00:01:30.619000,1,True,British Grand Prix
55,44.0,0 days 00:01:30.400000,1,True,British Grand Prix
55,45.0,0 days 00:01:30.012000,1,True,British Grand Prix
55,46.0,0 days 00:01:30.363000,1,True,British Grand Prix
55,47.0,0 days 00:01:29.948000,1,True,British Grand Prix
55,48.0,0 days 00:01:30.098000,2,True,British Grand Prix
55,49.0,0 days 00:01:30.045000,1,True,British Grand Prix
55,50.0,0 days 00:01:30.287000,1,True,British Grand Prix
55,51.0,0 days 00:01:37.060000,1,False,British Grand Prix
55,52.0,0 days 00:01:57.423000,1,False,British Grand Prix
6,1.0,0 days 00:01:45.776000,2,False,British Grand Prix
6,2.0,0 days 00:02:18.757000,24,False,British Grand Prix
6,3.0,,4,False,British Grand Prix
6,4.0,,4,False,British Grand Prix
6,5.0,0 days 00:02:02.869000,4,False,British Grand Prix
6,6.0,0 days 00:01:35.352000,1,False,British Grand Prix
6,7.0,0 days 00:01:34.776000,1,True,British Grand Prix
6,8.0,0 days 00:01:33.672000,1,True,British Grand Prix
6,9.0,0 days 00:01:34.243000,1,True,British Grand Prix
6,10.0,0 days 00:01:33.964000,1,True,British Grand Prix
6,11.0,0 days 00:01:33.264000,1,True,British Grand Prix
6,12.0,0 days 00:01:47.830000,24,False,British Grand Prix
6,13.0,0 days 00:02:28.133000,4,False,British Grand Prix
6,14.0,0 days 00:01:59.905000,4,False,British Grand Prix
6,15.0,,4,False,British Grand Prix
6,16.0,,4,False,British Grand Prix
6,17.0,,4,False,British Grand Prix
6,18.0,0 days 00:02:07.362000,4,False,British Grand Prix
6,19.0,0 days 00:01:37.147000,1,False,British Grand Prix
6,20.0,0 days 00:01:34.695000,1,True,British Grand Prix
6,21.0,0 days 00:01:33.510000,1,True,British Grand Prix
6,22.0,0 days 00:01:33.027000,1,True,British Grand Prix
6,23.0,0 days 00:01:32.937000,1,True,British Grand Prix
6,24.0,0 days 00:01:32.793000,1,True,British Grand Prix
6,25.0,0 days 00:01:32.345000,1,True,British Grand Prix
6,26.0,0 days 00:01:32.503000,1,True,British Grand Prix
6,27.0,0 days 00:01:32.676000,1,True,British Grand Prix
6,28.0,0 days 00:01:32.895000,1,True,British Grand Prix
6,29.0,0 days 00:01:32.370000,1,True,British Grand Prix
6,30.0,0 days 00:01:32.100000,1,True,British Grand Prix
6,31.0,0 days 00:01:32.153000,1,True,British Grand Prix
6,32.0,0 days 00:01:31.562000,1,True,British Grand Prix
6,33.0,0 days 00:01:31.960000,1,True,British Grand Prix
6,34.0,0 days 00:01:32.119000,1,True,British Grand Prix
6,35.0,0 days 00:01:31.858000,1,True,British Grand Prix
6,36.0,0 days 00:01:31.993000,1,True,British Grand Prix
6,37.0,0 days 00:01:31.298000,1,True,British Grand Prix
6,38.0,0 days 00:01:31.243000,1,True,British Grand Prix
6,39.0,0 days 00:01:31.345000,1,True,British Grand Prix
6,40.0,0 days 00:01:31.082000,1,True,British Grand Prix
6,41.0,0 days 00:01:31.617000,1,True,British Grand Prix
6,42.0,0 days 00:01:31.160000,1,True,British Grand Prix
6,43.0,0 days 00:01:31.090000,1,True,British Grand Prix
6,44.0,0 days 00:01:30.501000,1,True,British Grand Prix
6,45.0,0 days 00:01:31.270000,1,True,British Grand Prix
6,46.0,0 days 00:01:31.019000,1,True,British Grand Prix
6,47.0,0 days 00:01:31.008000,2,True,British Grand Prix
6,48.0,0 days 00:01:30.871000,1,True,British Grand Prix
6,49.0,0 days 00:01:30.915000,1,True,British Grand Prix
6,50.0,0 days 00:01:31.119000,1,True,British Grand Prix
6,51.0,0 days 00:01:31.227000,1,True,British Grand Prix
6,52.0,0 days 00:01:32.146000,1,True,British Grand Prix
63,1.0,0 days 00:01:45.216000,2,False,British Grand Prix
63,2.0,0 days 00:02:17.923000,24,False,British Grand Prix
63,3.0,,4,False,British Grand Prix
63,4.0,,4,False,British Grand Prix
63,5.0,0 days 00:02:03.937000,4,False,British Grand Prix
63,6.0,0 days 00:01:35.055000,1,False,British Grand Prix
63,7.0,0 days 00:01:34.479000,1,True,British Grand Prix
63,8.0,0 days 00:01:33.527000,1,True,British Grand Prix
63,9.0,0 days 00:01:33.881000,1,True,British Grand Prix
63,10.0,0 days 00:01:33.647000,1,True,British Grand Prix
63,11.0,0 days 00:01:33.694000,1,True,British Grand Prix
63,12.0,0 days 00:01:43.329000,24,False,British Grand Prix
63,13.0,0 days 00:02:24.811000,4,False,British Grand Prix
63,14.0,0 days 00:02:06.147000,4,False,British Grand Prix
63,15.0,,4,False,British Grand Prix
63,16.0,,4,False,British Grand Prix
63,17.0,,4,False,British Grand Prix
63,18.0,0 days 00:02:08.939000,4,False,British Grand Prix
63,19.0,0 days 00:01:37.267000,1,False,British Grand Prix
63,20.0,0 days 00:01:34.245000,1,True,British Grand Prix
63,21.0,0 days 00:01:33.088000,1,True,British Grand Prix
63,22.0,0 days 00:01:33.243000,1,True,British Grand Prix
63,23.0,0 days 00:01:33.019000,1,True,British Grand Prix
63,24.0,0 days 00:01:33.046000,1,True,British Grand Prix
63,25.0,0 days 00:01:32.565000,1,True,British Grand Prix
63,26.0,0 days 00:01:32.499000,1,True,British Grand Prix
63,27.0,0 days 00:01:31.940000,1,True,British Grand Prix
63,28.0,0 days 00:01:32.047000,1,True,British Grand Prix
63,29.0,0 days 00:01:31.721000,1,True,British Grand Prix
63,30.0,0 days 00:01:31.546000,1,True,British Grand Prix
63,31.0,0 days 00:01:31.957000,1,True,British Grand Prix
63,32.0,0 days 00:01:31.683000,1,True,British Grand Prix
63,33.0,0 days 00:01:31.423000,1,True,British Grand Prix
63,34.0,0 days 00:01:31.112000,1,True,British Grand Prix
63,35.0,0 days 00:01:31.707000,1,True,British Grand Prix
63,36.0,0 days 00:01:31.759000,1,True,British Grand Prix
63,37.0,0 days 00:01:31.343000,1,True,British Grand Prix
63,38.0,0 days 00:01:31.338000,1,True,British Grand Prix
63,39.0,0 days 00:01:31.095000,1,True,British Grand Prix
63,40.0,0 days 00:01:31.038000,1,True,British Grand Prix
63,41.0,0 days 00:01:30.862000,1,True,British Grand Prix
63,42.0,0 days 00:01:31.359000,1,True,British Grand Prix
63,43.0,0 days 00:01:31.309000,1,True,British Grand Prix
63,44.0,0 days 00:01:31.099000,1,True,British Grand Prix
63,45.0,0 days 00:01:32.419000,1,True,British Grand Prix
63,46.0,0 days 00:01:31.461000,1,True,British Grand Prix
63,47.0,0 days 00:01:30.880000,2,True,British Grand Prix
63,48.0,0 days 00:01:31.146000,1,True,British Grand Prix
63,49.0,0 days 00:01:30.862000,1,True,British Grand Prix
63,50.0,0 days 00:01:31.573000,1,True,British Grand Prix
63,51.0,0 days 00:01:31.858000,1,True,British Grand Prix
63,52.0,0 days 00:01:32.268000,1,True,British Grand Prix
7,1.0,0 days 00:01:44.681000,2,False,British Grand Prix
7,2.0,0 days 00:02:17.416000,24,False,British Grand Prix
7,3.0,,4,False,British Grand Prix
7,4.0,,4,False,British Grand Prix
7,5.0,0 days 00:02:05.243000,4,False,British Grand Prix
7,6.0,0 days 00:01:34.648000,1,False,British Grand Prix
7,7.0,0 days 00:01:34.393000,1,True,British Grand Prix
7,8.0,0 days 00:01:33.674000,1,True,British Grand Prix
7,9.0,0 days 00:01:33.527000,1,True,British Grand Prix
7,10.0,0 days 00:01:33.528000,1,True,British Grand Prix
7,11.0,0 days 00:01:33.314000,1,True,British Grand Prix
7,12.0,0 days 00:01:44.246000,24,False,British Grand Prix
7,13.0,,4,False,British Grand Prix
7,14.0,0 days 00:02:02.097000,4,False,British Grand Prix
7,15.0,,4,False,British Grand Prix
7,16.0,,4,False,British Grand Prix
7,17.0,,4,False,British Grand Prix
7,18.0,0 days 00:02:08.167000,4,False,British Grand Prix
7,19.0,0 days 00:01:35.995000,1,False,British Grand Prix
7,20.0,0 days 00:01:34.126000,1,True,British Grand Prix
7,21.0,0 days 00:01:33.056000,1,True,British Grand Prix
7,22.0,0 days 00:01:32.719000,1,True,British Grand Prix
7,23.0,0 days 00:01:33.912000,1,True,British Grand Prix
7,24.0,0 days 00:01:32.919000,1,True,British Grand Prix
7,25.0,0 days 00:01:32.637000,1,True,British Grand Prix
7,26.0,0 days 00:01:32.501000,1,True,British Grand Prix
7,27.0,0 days 00:01:33.448000,1,True,British Grand Prix
7,28.0,0 days 00:01:32.877000,1,True,British Grand Prix
7,29.0,0 days 00:01:32.104000,1,True,British Grand Prix
7,30.0,0 days 00:01:32.254000,1,True,British Grand Prix
7,31.0,0 days 00:01:32.259000,1,True,British Grand Prix
7,32.0,0 days 00:01:33.041000,1,True,British Grand Prix
7,33.0,0 days 00:01:32.315000,1,True,British Grand Prix
7,34.0,0 days 00:01:32.497000,1,True,British Grand Prix
7,35.0,0 days 00:01:32.691000,1,True,British Grand Prix
7,36.0,0 days 00:01:31.974000,1,True,British Grand Prix
7,37.0,0 days 00:01:31.675000,1,True,British Grand Prix
7,38.0,0 days 00:01:31.798000,1,True,British Grand Prix
7,39.0,0 days 00:01:32.524000,1,True,British Grand Prix
7,40.0,0 days 00:01:31.788000,1,True,British Grand Prix
7,41.0,0 days 00:01:31.718000,1,True,British Grand Prix
7,42.0,0 days 00:01:32.292000,1,True,British Grand Prix
7,43.0,0 days 00:01:31.700000,1,True,British Grand Prix
7,44.0,0 days 00:01:32.058000,1,True,British Grand Prix
7,45.0,0 days 00:01:31.859000,1,True,British Grand Prix
7,46.0,0 days 00:01:31.494000,1,True,British Grand Prix
7,47.0,0 days 00:01:54.836000,2,False,British Grand Prix
7,48.0,0 days 00:02:08.309000,1,False,British Grand Prix
7,49.0,0 days 00:01:29.973000,1,True,British Grand Prix
7,50.0,0 days 00:01:32.679000,1,True,British Grand Prix
7,51.0,0 days 00:01:36.344000,1,True,British Grand Prix
77,1.0,0 days 00:01:35.364000,1,False,British Grand Prix
77,2.0,0 days 00:02:06.276000,24,False,British Grand Prix
77,3.0,,4,False,British Grand Prix
77,4.0,,4,False,British Grand Prix
77,5.0,0 days 00:02:18.710000,4,False,British Grand Prix
77,6.0,0 days 00:01:30.858000,1,False,British Grand Prix
77,7.0,0 days 00:01:31.622000,1,True,British Grand Prix
77,8.0,0 days 00:01:30.961000,1,True,British Grand Prix
77,9.0,0 days 00:01:31.039000,1,True,British Grand Prix
77,10.0,0 days 00:01:30.883000,1,True,British Grand Prix
77,11.0,0 days 00:01:30.518000,1,True,British Grand Prix
77,12.0,0 days 00:01:30.968000,2,True,British Grand Prix
77,13.0,0 days 00:02:08.489000,24,False,British Grand Prix
77,14.0,,4,False,British Grand Prix
77,15.0,,4,False,British Grand Prix
77,16.0,,4,False,British Grand Prix
77,17.0,,4,False,British Grand Prix
77,18.0,0 days 00:02:22.431000,4,False,British Grand Prix
77,19.0,0 days 00:01:30.959000,1,False,British Grand Prix
77,20.0,0 days 00:01:30.392000,1,True,British Grand Prix
77,21.0,0 days 00:01:30.415000,1,True,British Grand Prix
77,22.0,0 days 00:01:30.058000,1,True,British Grand Prix
77,23.0,0 days 00:01:29.988000,1,True,British Grand Prix
77,24.0,0 days 00:01:30.506000,1,True,British Grand Prix
77,25.0,0 days 00:01:30.232000,1,True,British Grand Prix
77,26.0,0 days 00:01:30.444000,1,True,British Grand Prix
77,27.0,0 days 00:01:30.164000,1,True,British Grand Prix
77,28.0,0 days 00:01:29.764000,1,True,British Grand Prix
77,29.0,0 days 00:01:29.944000,1,True,British Grand Prix
77,30.0,0 days 00:01:29.934000,1,True,British Grand Prix
77,31.0,0 days 00:01:29.719000,1,True,British Grand Prix
77,32.0,0 days 00:01:29.617000,1,True,British Grand Prix
77,33.0,0 days 00:01:29.579000,1,True,British Grand Prix
77,34.0,0 days 00:01:29.608000,1,True,British Grand Prix
77,35.0,0 days 00:01:29.463000,1,True,British Grand Prix
77,36.0,0 days 00:01:29.765000,1,True,British Grand Prix
77,37.0,0 days 00:01:29.881000,1,True,British Grand Prix
77,38.0,0 days 00:01:29.508000,1,True,British Grand Prix
77,39.0,0 days 00:01:29.907000,1,True,British Grand Prix
77,40.0,0 days 00:01:29.892000,1,True,British Grand Prix
77,41.0,0 days 00:01:29.265000,1,True,British Grand Prix
77,42.0,0 days 00:01:29.296000,1,True,British Grand Prix
77,43.0,0 days 00:01:29.723000,1,True,British Grand Prix
77,44.0,0 days 00:01:29.780000,1,True,British Grand Prix
77,45.0,0 days 00:01:29.739000,1,True,British Grand Prix
77,46.0,0 days 00:01:30.164000,1,True,British Grand Prix
77,47.0,0 days 00:01:30.271000,1,True,British Grand Prix
77,48.0,0 days 00:01:31.797000,2,True,British Grand Prix
77,49.0,0 days 00:01:31.051000,1,True,British Grand Prix
77,50.0,0 days 00:02:06.242000,1,False,British Grand Prix
77,51.0,0 days 00:01:56.238000,1,False,British Grand Prix
77,52.0,0 days 00:01:30.086000,1,True,British Grand Prix
8,1.0,0 days 00:01:44.267000,2,False,British Grand Prix
8,2.0,0 days 00:02:16.618000,24,False,British Grand Prix
8,3.0,,4,False,British Grand Prix
8,4.0,,4,False,British Grand Prix
8,5.0,0 days 00:02:05.987000,4,False,British Grand Prix
8,6.0,0 days 00:01:34.525000,1,False,British Grand Prix
8,7.0,0 days 00:01:34.240000,1,True,British Grand Prix
8,8.0,0 days 00:01:33.672000,1,True,British Grand Prix
8,9.0,0 days 00:01:33.467000,1,True,British Grand Prix
8,10.0,0 days 00:01:33.607000,1,True,British Grand Prix
8,11.0,0 days 00:01:33.605000,1,True,British Grand Prix
8,12.0,0 days 00:01:44.987000,24,False,British Grand Prix
8,13.0,0 days 00:02:08.326000,4,False,British Grand Prix
8,14.0,0 days 00:02:10.741000,4,False,British Grand Prix
8,15.0,,4,False,British Grand Prix
8,16.0,,4,False,British Grand Prix
8,17.0,,4,False,British Grand Prix
8,18.0,0 days 00:02:19.878000,4,False,British Grand Prix
8,19.0,0 days 00:01:34.042000,1,False,British Grand Prix
8,20.0,0 days 00:01:32.647000,1,True,British Grand Prix
8,21.0,0 days 00:01:32.736000,1,True,British Grand Prix
8,22.0,0 days 00:01:33.137000,1,True,British Grand Prix
8,23.0,0 days 00:01:32.632000,1,True,British Grand Prix
8,24.0,0 days 00:01:33.129000,1,True,British Grand Prix
8,25.0,0 days 00:01:32.537000,1,True,British Grand Prix
8,26.0,0 days 00:01:32.307000,1,True,British Grand Prix
8,27.0,0 days 00:01:31.885000,1,True,British Grand Prix
8,28.0,0 days 00:01:31.760000,1,True,British Grand Prix
8,29.0,0 days 00:01:31.708000,1,True,British Grand Prix
8,30.0,0 days 00:01:31.447000,1,True,British Grand Prix
8,31.0,0 days 00:01:31.398000,1,True,British Grand Prix
8,32.0,0 days 00:01:31.447000,1,True,British Grand Prix
8,33.0,0 days 00:01:31.124000,1,True,British Grand Prix
8,34.0,0 days 00:01:31.067000,1,True,British Grand Prix
8,35.0,0 days 00:01:31.662000,1,True,British Grand Prix
8,36.0,0 days 00:01:33.318000,1,False,British Grand Prix
8,37.0,0 days 00:01:58.576000,1,False,British Grand Prix
8,38.0,0 days 00:01:30.862000,1,True,British Grand Prix
8,39.0,0 days 00:01:30.365000,1,True,British Grand Prix
8,40.0,0 days 00:01:30.148000,1,True,British Grand Prix
8,41.0,0 days 00:01:29.919000,1,True,British Grand Prix
8,42.0,0 days 00:01:30.644000,1,True,British Grand Prix
8,43.0,0 days 00:01:30.840000,1,True,British Grand Prix
8,44.0,0 days 00:01:30.570000,1,True,British Grand Prix
8,45.0,0 days 00:01:30.321000,1,True,British Grand Prix
8,46.0,0 days 00:01:29.965000,1,True,British Grand Prix
8,47.0,0 days 00:01:30.261000,2,True,British Grand Prix
8,48.0,0 days 00:01:30.062000,1,True,British Grand Prix
8,49.0,0 days 00:01:29.782000,1,True,British Grand Prix
8,50.0,0 days 00:01:30.013000,1,True,British Grand Prix
8,51.0,0 days 00:01:30.318000,1,True,British Grand Prix
8,52.0,0 days 00:01:31.686000,1,True,British Grand Prix
99,1.0,0 days 00:01:43.369000,1,False,British Grand Prix
99,2.0,0 days 00:02:14.228000,24,False,British Grand Prix
99,3.0,0 days 00:02:29.700000,4,False,British Grand Prix
99,4.0,,4,False,British Grand Prix
99,5.0,0 days 00:02:08.087000,4,False,British Grand Prix
99,6.0,0 days 00:01:35.001000,1,False,British Grand Prix
99,7.0,0 days 00:01:34.520000,1,True,British Grand Prix
99,8.0,0 days 00:01:33.506000,1,True,British Grand Prix
99,9.0,0 days 00:01:33.445000,1,True,British Grand Prix
99,10.0,0 days 00:01:33.621000,1,True,British Grand Prix
99,11.0,0 days 00:01:33.955000,1,True,British Grand Prix
99,12.0,0 days 00:01:39.880000,24,False,British Grand Prix
99,13.0,0 days 00:02:26.229000,4,False,British Grand Prix
99,14.0,0 days 00:02:07.745000,4,False,British Grand Prix
99,15.0,,4,False,British Grand Prix
99,16.0,,4,False,British Grand Prix
99,17.0,,4,False,British Grand Prix
99,18.0,0 days 00:02:12.137000,4,False,British Grand Prix
99,19.0,0 days 00:01:35.792000,1,False,British Grand Prix
99,20.0,0 days 00:01:34.027000,1,True,British Grand Prix
99,21.0,0 days 00:01:32.582000,1,True,British Grand Prix
99,22.0,0 days 00:01:32.693000,1,True,British Grand Prix
99,23.0,0 days 00:01:32.158000,1,True,British Grand Prix
99,24.0,0 days 00:01:32.206000,1,True,British Grand Prix
99,25.0,0 days 00:01:32.323000,1,True,British Grand Prix
99,26.0,0 days 00:01:32.258000,1,True,British Grand Prix
99,27.0,0 days 00:01:32.276000,1,True,British Grand Prix
99,28.0,0 days 00:01:32.249000,1,True,British Grand Prix
99,29.0,0 days 00:01:31.913000,1,True,British Grand Prix
99,30.0,0 days 00:01:32.614000,1,True,British Grand Prix
99,31.0,0 days 00:01:32.275000,1,True,British Grand Prix
99,32.0,0 days 00:01:31.808000,1,True,British Grand Prix
99,33.0,0 days 00:01:31.548000,1,True,British Grand Prix
99,34.0,0 days 00:01:31.633000,1,True,British Grand Prix
99,35.0,0 days 00:01:31.905000,1,True,British Grand Prix
99,36.0,0 days 00:01:31.718000,1,True,British Grand Prix
99,37.0,0 days 00:01:31.720000,1,True,British Grand Prix
99,38.0,0 days 00:01:31.401000,1,True,British Grand Prix
99,39.0,0 days 00:01:31.566000,1,True,British Grand Prix
99,40.0,0 days 00:01:31.701000,1,True,British Grand Prix
99,41.0,0 days 00:01:31.109000,1,True,British Grand Prix
99,42.0,0 days 00:01:31.547000,1,True,British Grand Prix
99,43.0,0 days 00:01:31.462000,1,True,British Grand Prix
99,44.0,0 days 00:01:31.177000,1,True,British Grand Prix
99,45.0,0 days 00:01:32.133000,1,True,British Grand Prix
99,46.0,0 days 00:01:31.417000,1,True,British Grand Prix
99,47.0,0 days 00:01:31.147000,2,True,British Grand Prix
99,48.0,0 days 00:01:31.014000,1,True,British Grand Prix
99,49.0,0 days 00:01:30.977000,1,True,British Grand Prix
99,50.0,0 days 00:01:31.082000,1,True,British Grand Prix
99,51.0,0 days 00:01:31.072000,1,True,British Grand Prix
99,52.0,0 days 00:01:31.518000,1,True,British Grand Prix
33,1.0,0 days 00:01:35.298000,2,False,70th Anniversary Grand Prix
33,2.0,0 days 00:01:31.968000,1,True,70th Anniversary Grand Prix
33,3.0,0 days 00:01:31.972000,1,True,70th Anniversary Grand Prix
33,4.0,0 days 00:01:32.125000,1,True,70th Anniversary Grand Prix
33,5.0,0 days 00:01:32.251000,1,True,70th Anniversary Grand Prix
33,6.0,0 days 00:01:32.045000,1,True,70th Anniversary Grand Prix
33,7.0,0 days 00:01:32.159000,1,True,70th Anniversary Grand Prix
33,8.0,0 days 00:01:32.170000,1,True,70th Anniversary Grand Prix
33,9.0,0 days 00:01:32.449000,1,True,70th Anniversary Grand Prix
33,10.0,0 days 00:01:32.360000,1,True,70th Anniversary Grand Prix
33,11.0,0 days 00:01:32.560000,1,True,70th Anniversary Grand Prix
33,12.0,0 days 00:01:32.942000,1,True,70th Anniversary Grand Prix
33,13.0,0 days 00:01:32.588000,1,True,70th Anniversary Grand Prix
33,14.0,0 days 00:01:32.234000,1,True,70th Anniversary Grand Prix
33,15.0,0 days 00:01:32.096000,1,True,70th Anniversary Grand Prix
33,16.0,0 days 00:01:31.913000,1,True,70th Anniversary Grand Prix
33,17.0,0 days 00:01:31.899000,1,True,70th Anniversary Grand Prix
33,18.0,0 days 00:01:31.759000,1,True,70th Anniversary Grand Prix
33,19.0,0 days 00:01:31.694000,1,True,70th Anniversary Grand Prix
33,20.0,0 days 00:01:31.577000,1,True,70th Anniversary Grand Prix
33,21.0,0 days 00:01:31.531000,1,True,70th Anniversary Grand Prix
33,22.0,0 days 00:01:31.464000,1,True,70th Anniversary Grand Prix
33,23.0,0 days 00:01:31.312000,1,True,70th Anniversary Grand Prix
33,24.0,0 days 00:01:31.334000,1,True,70th Anniversary Grand Prix
33,25.0,0 days 00:01:31.082000,1,True,70th Anniversary Grand Prix
33,26.0,0 days 00:01:30.444000,1,False,70th Anniversary Grand Prix
33,27.0,0 days 00:01:51.114000,1,False,70th Anniversary Grand Prix
33,28.0,0 days 00:01:31.598000,1,True,70th Anniversary Grand Prix
33,29.0,0 days 00:01:31.294000,1,True,70th Anniversary Grand Prix
33,30.0,0 days 00:01:30.545000,1,True,70th Anniversary Grand Prix
33,31.0,0 days 00:01:30.361000,2,True,70th Anniversary Grand Prix
33,32.0,0 days 00:01:29.666000,1,False,70th Anniversary Grand Prix
33,33.0,0 days 00:01:51.315000,1,False,70th Anniversary Grand Prix
33,34.0,0 days 00:01:30.892000,1,True,70th Anniversary Grand Prix
33,35.0,0 days 00:01:30.809000,1,True,70th Anniversary Grand Prix
33,36.0,0 days 00:01:30.985000,1,True,70th Anniversary Grand Prix
33,37.0,0 days 00:01:30.791000,1,True,70th Anniversary Grand Prix
33,38.0,0 days 00:01:30.471000,1,True,70th Anniversary Grand Prix
33,39.0,0 days 00:01:30.682000,1,True,70th Anniversary Grand Prix
33,40.0,0 days 00:01:30.174000,1,True,70th Anniversary Grand Prix
33,41.0,0 days 00:01:30.153000,1,True,70th Anniversary Grand Prix
33,42.0,0 days 00:01:30.102000,1,True,70th Anniversary Grand Prix
33,43.0,0 days 00:01:30.160000,1,True,70th Anniversary Grand Prix
33,44.0,0 days 00:01:29.540000,1,True,70th Anniversary Grand Prix
33,45.0,0 days 00:01:29.822000,1,True,70th Anniversary Grand Prix
33,46.0,0 days 00:01:29.465000,1,True,70th Anniversary Grand Prix
33,47.0,0 days 00:01:29.578000,1,True,70th Anniversary Grand Prix
33,48.0,0 days 00:01:29.540000,1,True,70th Anniversary Grand Prix
33,49.0,0 days 00:01:29.523000,1,True,70th Anniversary Grand Prix
33,50.0,0 days 00:01:29.629000,1,True,70th Anniversary Grand Prix
33,51.0,0 days 00:01:30.013000,1,True,70th Anniversary Grand Prix
33,52.0,0 days 00:01:30.545000,1,True,70th Anniversary Grand Prix
44,1.0,0 days 00:01:33.847000,2,False,70th Anniversary Grand Prix
44,2.0,0 days 00:01:31.440000,1,True,70th Anniversary Grand Prix
44,3.0,0 days 00:01:31.448000,1,True,70th Anniversary Grand Prix
44,4.0,0 days 00:01:31.859000,1,True,70th Anniversary Grand Prix
44,5.0,0 days 00:01:32.698000,1,True,70th Anniversary Grand Prix
44,6.0,0 days 00:01:32.401000,1,True,70th Anniversary Grand Prix
44,7.0,0 days 00:01:32.352000,1,True,70th Anniversary Grand Prix
44,8.0,0 days 00:01:32.481000,1,True,70th Anniversary Grand Prix
44,9.0,0 days 00:01:32.685000,1,True,70th Anniversary Grand Prix
44,10.0,0 days 00:01:32.615000,1,True,70th Anniversary Grand Prix
44,11.0,0 days 00:01:32.752000,1,True,70th Anniversary Grand Prix
44,12.0,0 days 00:01:32.891000,1,True,70th Anniversary Grand Prix
44,13.0,0 days 00:01:32.782000,1,True,70th Anniversary Grand Prix
44,14.0,0 days 00:01:31.888000,1,False,70th Anniversary Grand Prix
44,15.0,0 days 00:01:50.491000,1,False,70th Anniversary Grand Prix
44,16.0,0 days 00:01:31.423000,1,True,70th Anniversary Grand Prix
44,17.0,0 days 00:01:31.441000,1,True,70th Anniversary Grand Prix
44,18.0,0 days 00:01:31.595000,1,True,70th Anniversary Grand Prix
44,19.0,0 days 00:01:31.602000,1,True,70th Anniversary Grand Prix
44,20.0,0 days 00:01:32.118000,1,True,70th Anniversary Grand Prix
44,21.0,0 days 00:01:32.435000,1,True,70th Anniversary Grand Prix
44,22.0,0 days 00:01:32.213000,1,True,70th Anniversary Grand Prix
44,23.0,0 days 00:01:32.175000,1,True,70th Anniversary Grand Prix
44,24.0,0 days 00:01:33.531000,1,True,70th Anniversary Grand Prix
44,25.0,0 days 00:01:32.658000,1,True,70th Anniversary Grand Prix
44,26.0,0 days 00:01:32.333000,1,True,70th Anniversary Grand Prix
44,27.0,0 days 00:01:32.341000,1,True,70th Anniversary Grand Prix
44,28.0,0 days 00:01:31.643000,1,True,70th Anniversary Grand Prix
44,29.0,0 days 00:01:31.702000,1,True,70th Anniversary Grand Prix
44,30.0,0 days 00:01:31.217000,1,True,70th Anniversary Grand Prix
44,31.0,0 days 00:01:31.325000,2,True,70th Anniversary Grand Prix
44,32.0,0 days 00:01:30.688000,1,True,70th Anniversary Grand Prix
44,33.0,0 days 00:01:30.705000,1,True,70th Anniversary Grand Prix
44,34.0,0 days 00:01:30.701000,1,True,70th Anniversary Grand Prix
44,35.0,0 days 00:01:31.101000,1,True,70th Anniversary Grand Prix
44,36.0,0 days 00:01:31.118000,1,True,70th Anniversary Grand Prix
44,37.0,0 days 00:01:31.045000,1,True,70th Anniversary Grand Prix
44,38.0,0 days 00:01:30.785000,1,True,70th Anniversary Grand Prix
44,39.0,0 days 00:01:31.077000,1,True,70th Anniversary Grand Prix
44,40.0,0 days 00:01:31.348000,1,True,70th Anniversary Grand Prix
44,41.0,0 days 00:01:31.236000,1,False,70th Anniversary Grand Prix
44,42.0,0 days 00:01:49.543000,1,False,70th Anniversary Grand Prix
44,43.0,0 days 00:01:28.451000,1,True,70th Anniversary Grand Prix
44,44.0,0 days 00:01:29.625000,1,True,70th Anniversary Grand Prix
44,45.0,0 days 00:01:29.997000,1,True,70th Anniversary Grand Prix
44,46.0,0 days 00:01:28.599000,1,True,70th Anniversary Grand Prix
44,47.0,0 days 00:01:29.363000,1,True,70th Anniversary Grand Prix
44,48.0,0 days 00:01:28.882000,1,True,70th Anniversary Grand Prix
44,49.0,0 days 00:01:29.887000,1,True,70th Anniversary Grand Prix
44,50.0,0 days 00:01:29.795000,1,True,70th Anniversary Grand Prix
44,51.0,0 days 00:01:30.613000,1,True,70th Anniversary Grand Prix
44,52.0,0 days 00:01:32.378000,1,True,70th Anniversary Grand Prix
77,1.0,0 days 00:01:32.846000,2,False,70th Anniversary Grand Prix
77,2.0,0 days 00:01:31.384000,1,True,70th Anniversary Grand Prix
77,3.0,0 days 00:01:31.656000,1,True,70th Anniversary Grand Prix
77,4.0,0 days 00:01:31.562000,1,True,70th Anniversary Grand Prix
77,5.0,0 days 00:01:32.275000,1,True,70th Anniversary Grand Prix
77,6.0,0 days 00:01:32.752000,1,True,70th Anniversary Grand Prix
77,7.0,0 days 00:01:32.153000,1,True,70th Anniversary Grand Prix
77,8.0,0 days 00:01:32.574000,1,True,70th Anniversary Grand Prix
77,9.0,0 days 00:01:32.636000,1,True,70th Anniversary Grand Prix
77,10.0,0 days 00:01:32.583000,1,True,70th Anniversary Grand Prix
77,11.0,0 days 00:01:32.673000,1,True,70th Anniversary Grand Prix
77,12.0,0 days 00:01:32.503000,1,True,70th Anniversary Grand Prix
77,13.0,0 days 00:01:31.947000,1,False,70th Anniversary Grand Prix
77,14.0,0 days 00:01:51.030000,1,False,70th Anniversary Grand Prix
77,15.0,0 days 00:01:30.971000,1,True,70th Anniversary Grand Prix
77,16.0,0 days 00:01:30.850000,1,True,70th Anniversary Grand Prix
77,17.0,0 days 00:01:31.761000,1,True,70th Anniversary Grand Prix
77,18.0,0 days 00:01:31.558000,1,True,70th Anniversary Grand Prix
77,19.0,0 days 00:01:32.038000,1,True,70th Anniversary Grand Prix
77,20.0,0 days 00:01:31.909000,1,True,70th Anniversary Grand Prix
77,21.0,0 days 00:01:32.938000,1,True,70th Anniversary Grand Prix
77,22.0,0 days 00:01:32.544000,1,True,70th Anniversary Grand Prix
77,23.0,0 days 00:01:32.075000,1,True,70th Anniversary Grand Prix
77,24.0,0 days 00:01:31.832000,1,True,70th Anniversary Grand Prix
77,25.0,0 days 00:01:32.044000,1,True,70th Anniversary Grand Prix
77,26.0,0 days 00:01:32.192000,1,True,70th Anniversary Grand Prix
77,27.0,0 days 00:01:32.697000,1,True,70th Anniversary Grand Prix
77,28.0,0 days 00:01:32.310000,1,True,70th Anniversary Grand Prix
77,29.0,0 days 00:01:30.976000,1,True,70th Anniversary Grand Prix
77,30.0,0 days 00:01:30.544000,1,True,70th Anniversary Grand Prix
77,31.0,0 days 00:01:30.437000,2,True,70th Anniversary Grand Prix
77,32.0,0 days 00:01:30.071000,1,False,70th Anniversary Grand Prix
77,33.0,0 days 00:01:50.959000,1,False,70th Anniversary Grand Prix
77,34.0,0 days 00:01:30.998000,1,True,70th Anniversary Grand Prix
77,35.0,0 days 00:01:30.966000,1,True,70th Anniversary Grand Prix
77,36.0,0 days 00:01:30.912000,1,True,70th Anniversary Grand Prix
77,37.0,0 days 00:01:30.606000,1,True,70th Anniversary Grand Prix
77,38.0,0 days 00:01:31.014000,1,True,70th Anniversary Grand Prix
77,39.0,0 days 00:01:30.997000,1,True,70th Anniversary Grand Prix
77,40.0,0 days 00:01:30.612000,1,True,70th Anniversary Grand Prix
77,41.0,0 days 00:01:30.627000,1,True,70th Anniversary Grand Prix
77,42.0,0 days 00:01:30.477000,1,True,70th Anniversary Grand Prix
77,43.0,0 days 00:01:30.672000,1,True,70th Anniversary Grand Prix
77,44.0,0 days 00:01:29.765000,1,True,70th Anniversary Grand Prix
77,45.0,0 days 00:01:29.814000,1,True,70th Anniversary Grand Prix
77,46.0,0 days 00:01:29.944000,1,True,70th Anniversary Grand Prix
77,47.0,0 days 00:01:30.929000,1,True,70th Anniversary Grand Prix
77,48.0,0 days 00:01:30.026000,1,True,70th Anniversary Grand Prix
77,49.0,0 days 00:01:30.554000,1,True,70th Anniversary Grand Prix
77,50.0,0 days 00:01:32.282000,1,True,70th Anniversary Grand Prix
77,51.0,0 days 00:01:33.333000,1,True,70th Anniversary Grand Prix
77,52.0,0 days 00:01:35.416000,1,True,70th Anniversary Grand Prix
16,1.0,0 days 00:01:40.456000,2,False,70th Anniversary Grand Prix
16,2.0,0 days 00:01:34.324000,1,True,70th Anniversary Grand Prix
16,3.0,0 days 00:01:33.930000,1,True,70th Anniversary Grand Prix
16,4.0,0 days 00:01:33.672000,1,True,70th Anniversary Grand Prix
16,5.0,0 days 00:01:33.703000,1,True,70th Anniversary Grand Prix
16,6.0,0 days 00:01:33.392000,1,True,70th Anniversary Grand Prix
16,7.0,0 days 00:01:33.191000,1,True,70th Anniversary Grand Prix
16,8.0,0 days 00:01:33.057000,1,True,70th Anniversary Grand Prix
16,9.0,0 days 00:01:32.831000,1,True,70th Anniversary Grand Prix
16,10.0,0 days 00:01:33.132000,1,True,70th Anniversary Grand Prix
16,11.0,0 days 00:01:32.946000,1,True,70th Anniversary Grand Prix
16,12.0,0 days 00:01:32.915000,1,True,70th Anniversary Grand Prix
16,13.0,0 days 00:01:32.429000,1,True,70th Anniversary Grand Prix
16,14.0,0 days 00:01:32.680000,1,True,70th Anniversary Grand Prix
16,15.0,0 days 00:01:33.151000,1,True,70th Anniversary Grand Prix
16,16.0,0 days 00:01:32.252000,1,True,70th Anniversary Grand Prix
16,17.0,0 days 00:01:32.711000,1,True,70th Anniversary Grand Prix
16,18.0,0 days 00:01:31.751000,1,False,70th Anniversary Grand Prix
16,19.0,0 days 00:01:53.869000,1,False,70th Anniversary Grand Prix
16,20.0,0 days 00:01:31.776000,1,True,70th Anniversary Grand Prix
16,21.0,0 days 00:01:31.790000,1,True,70th Anniversary Grand Prix
16,22.0,0 days 00:01:31.467000,1,True,70th Anniversary Grand Prix
16,23.0,0 days 00:01:31.378000,1,True,70th Anniversary Grand Prix
16,24.0,0 days 00:01:31.567000,1,True,70th Anniversary Grand Prix
16,25.0,0 days 00:01:31.364000,1,True,70th Anniversary Grand Prix
16,26.0,0 days 00:01:31.398000,1,True,70th Anniversary Grand Prix
16,27.0,0 days 00:01:31.012000,1,True,70th Anniversary Grand Prix
16,28.0,0 days 00:01:30.804000,1,True,70th Anniversary Grand Prix
16,29.0,0 days 00:01:30.668000,1,True,70th Anniversary Grand Prix
16,30.0,0 days 00:01:30.731000,1,True,70th Anniversary Grand Prix
16,31.0,0 days 00:01:30.704000,2,True,70th Anniversary Grand Prix
16,32.0,0 days 00:01:30.629000,1,True,70th Anniversary Grand Prix
16,33.0,0 days 00:01:31.415000,1,True,70th Anniversary Grand Prix
16,34.0,0 days 00:01:31.201000,1,True,70th Anniversary Grand Prix
16,35.0,0 days 00:01:30.978000,1,True,70th Anniversary Grand Prix
16,36.0,0 days 00:01:30.952000,1,True,70th Anniversary Grand Prix
16,37.0,0 days 00:01:30.911000,1,True,70th Anniversary Grand Prix
16,38.0,0 days 00:01:30.638000,1,True,70th Anniversary Grand Prix
16,39.0,0 days 00:01:30.552000,1,True,70th Anniversary Grand Prix
16,40.0,0 days 00:01:30.753000,1,True,70th Anniversary Grand Prix
16,41.0,0 days 00:01:31.054000,1,True,70th Anniversary Grand Prix
16,42.0,0 days 00:01:31.212000,1,True,70th Anniversary Grand Prix
16,43.0,0 days 00:01:31.122000,1,True,70th Anniversary Grand Prix
16,44.0,0 days 00:01:30.832000,1,True,70th Anniversary Grand Prix
16,45.0,0 days 00:01:31.719000,1,True,70th Anniversary Grand Prix
16,46.0,0 days 00:01:31.513000,1,True,70th Anniversary Grand Prix
16,47.0,0 days 00:01:31.373000,1,True,70th Anniversary Grand Prix
16,48.0,0 days 00:01:31.602000,1,True,70th Anniversary Grand Prix
16,49.0,0 days 00:01:32.063000,1,True,70th Anniversary Grand Prix
16,50.0,0 days 00:01:34.054000,1,True,70th Anniversary Grand Prix
16,51.0,0 days 00:01:33.817000,1,True,70th Anniversary Grand Prix
16,52.0,0 days 00:01:31.841000,1,True,70th Anniversary Grand Prix
23,1.0,0 days 00:01:39.919000,2,False,70th Anniversary Grand Prix
23,2.0,0 days 00:01:34.083000,1,True,70th Anniversary Grand Prix
23,3.0,0 days 00:01:33.802000,1,True,70th Anniversary Grand Prix
23,4.0,0 days 00:01:33.617000,1,True,70th Anniversary Grand Prix
23,5.0,0 days 00:01:33.703000,1,True,70th Anniversary Grand Prix
23,6.0,0 days 00:01:33.049000,1,False,70th Anniversary Grand Prix
23,7.0,0 days 00:01:52.422000,1,False,70th Anniversary Grand Prix
23,8.0,0 days 00:01:31.989000,1,True,70th Anniversary Grand Prix
23,9.0,0 days 00:01:33.411000,1,True,70th Anniversary Grand Prix
23,10.0,0 days 00:01:34.107000,1,True,70th Anniversary Grand Prix
23,11.0,0 days 00:01:33.877000,1,True,70th Anniversary Grand Prix
23,12.0,0 days 00:01:34.029000,1,True,70th Anniversary Grand Prix
23,13.0,0 days 00:01:34.436000,1,True,70th Anniversary Grand Prix
23,14.0,0 days 00:01:32.244000,1,True,70th Anniversary Grand Prix
23,15.0,0 days 00:01:32.269000,1,True,70th Anniversary Grand Prix
23,16.0,0 days 00:01:32.740000,1,True,70th Anniversary Grand Prix
23,17.0,0 days 00:01:33.676000,1,True,70th Anniversary Grand Prix
23,18.0,0 days 00:01:33.557000,1,True,70th Anniversary Grand Prix
23,19.0,0 days 00:01:34.195000,1,True,70th Anniversary Grand Prix
23,20.0,0 days 00:01:33.350000,1,True,70th Anniversary Grand Prix
23,21.0,0 days 00:01:32.358000,1,True,70th Anniversary Grand Prix
23,22.0,0 days 00:01:31.785000,1,True,70th Anniversary Grand Prix
23,23.0,0 days 00:01:31.376000,1,True,70th Anniversary Grand Prix
23,24.0,0 days 00:01:31.742000,1,True,70th Anniversary Grand Prix
23,25.0,0 days 00:01:31.685000,1,True,70th Anniversary Grand Prix
23,26.0,0 days 00:01:31.728000,1,True,70th Anniversary Grand Prix
23,27.0,0 days 00:01:32.170000,1,True,70th Anniversary Grand Prix
23,28.0,0 days 00:01:31.826000,1,True,70th Anniversary Grand Prix
23,29.0,0 days 00:01:31.133000,1,True,70th Anniversary Grand Prix
23,30.0,0 days 00:01:30.440000,1,False,70th Anniversary Grand Prix
23,31.0,0 days 00:01:51.242000,2,False,70th Anniversary Grand Prix
23,32.0,0 days 00:01:31.045000,1,True,70th Anniversary Grand Prix
23,33.0,0 days 00:01:31.852000,1,True,70th Anniversary Grand Prix
23,34.0,0 days 00:01:31.993000,1,True,70th Anniversary Grand Prix
23,35.0,0 days 00:01:31.103000,1,True,70th Anniversary Grand Prix
23,36.0,0 days 00:01:30.548000,1,True,70th Anniversary Grand Prix
23,37.0,0 days 00:01:30.103000,1,True,70th Anniversary Grand Prix
23,38.0,0 days 00:01:30.154000,1,True,70th Anniversary Grand Prix
23,39.0,0 days 00:01:30.360000,1,True,70th Anniversary Grand Prix
23,40.0,0 days 00:01:30.245000,1,True,70th Anniversary Grand Prix
23,41.0,0 days 00:01:29.899000,1,True,70th Anniversary Grand Prix
23,42.0,0 days 00:01:29.986000,1,True,70th Anniversary Grand Prix
23,43.0,0 days 00:01:29.719000,1,True,70th Anniversary Grand Prix
23,44.0,0 days 00:01:29.910000,1,True,70th Anniversary Grand Prix
23,45.0,0 days 00:01:30.004000,1,True,70th Anniversary Grand Prix
23,46.0,0 days 00:01:29.477000,1,True,70th Anniversary Grand Prix
23,47.0,0 days 00:01:29.877000,1,True,70th Anniversary Grand Prix
23,48.0,0 days 00:01:29.949000,1,True,70th Anniversary Grand Prix
23,49.0,0 days 00:01:30.255000,1,True,70th Anniversary Grand Prix
23,50.0,0 days 00:01:30.184000,1,True,70th Anniversary Grand Prix
23,51.0,0 days 00:01:29.832000,1,True,70th Anniversary Grand Prix
23,52.0,0 days 00:01:32.684000,1,True,70th Anniversary Grand Prix
18,1.0,0 days 00:01:36.874000,2,False,70th Anniversary Grand Prix
18,2.0,0 days 00:01:33.220000,1,True,70th Anniversary Grand Prix
18,3.0,0 days 00:01:32.868000,1,True,70th Anniversary Grand Prix
18,4.0,0 days 00:01:33.207000,1,True,70th Anniversary Grand Prix
18,5.0,0 days 00:01:33.187000,1,True,70th Anniversary Grand Prix
18,6.0,0 days 00:01:33.881000,1,True,70th Anniversary Grand Prix
18,7.0,0 days 00:01:33.240000,1,True,70th Anniversary Grand Prix
18,8.0,0 days 00:01:33.161000,1,True,70th Anniversary Grand Prix
18,9.0,0 days 00:01:33.154000,1,True,70th Anniversary Grand Prix
18,10.0,0 days 00:01:32.657000,1,True,70th Anniversary Grand Prix
18,11.0,0 days 00:01:32.728000,1,True,70th Anniversary Grand Prix
18,12.0,0 days 00:01:32.949000,1,True,70th Anniversary Grand Prix
18,13.0,0 days 00:01:32.626000,1,True,70th Anniversary Grand Prix
18,14.0,0 days 00:01:32.457000,1,True,70th Anniversary Grand Prix
18,15.0,0 days 00:01:31.952000,1,True,70th Anniversary Grand Prix
18,16.0,0 days 00:01:31.994000,1,True,70th Anniversary Grand Prix
18,17.0,0 days 00:01:32.263000,1,True,70th Anniversary Grand Prix
18,18.0,0 days 00:01:31.536000,1,False,70th Anniversary Grand Prix
18,19.0,0 days 00:01:51.312000,1,False,70th Anniversary Grand Prix
18,20.0,0 days 00:01:32.380000,1,True,70th Anniversary Grand Prix
18,21.0,0 days 00:01:32.392000,1,True,70th Anniversary Grand Prix
18,22.0,0 days 00:01:32.395000,1,True,70th Anniversary Grand Prix
18,23.0,0 days 00:01:32.509000,1,True,70th Anniversary Grand Prix
18,24.0,0 days 00:01:32.240000,1,True,70th Anniversary Grand Prix
18,25.0,0 days 00:01:31.905000,1,True,70th Anniversary Grand Prix
18,26.0,0 days 00:01:31.928000,1,True,70th Anniversary Grand Prix
18,27.0,0 days 00:01:31.546000,1,True,70th Anniversary Grand Prix
18,28.0,0 days 00:01:31.467000,1,True,70th Anniversary Grand Prix
18,29.0,0 days 00:01:31.342000,1,True,70th Anniversary Grand Prix
18,30.0,0 days 00:01:31.043000,1,True,70th Anniversary Grand Prix
18,31.0,0 days 00:01:30.379000,2,False,70th Anniversary Grand Prix
18,32.0,0 days 00:01:49.924000,1,False,70th Anniversary Grand Prix
18,33.0,0 days 00:01:31.249000,1,True,70th Anniversary Grand Prix
18,34.0,0 days 00:01:30.881000,1,True,70th Anniversary Grand Prix
18,35.0,0 days 00:01:30.958000,1,True,70th Anniversary Grand Prix
18,36.0,0 days 00:01:31.252000,1,True,70th Anniversary Grand Prix
18,37.0,0 days 00:01:31.304000,1,True,70th Anniversary Grand Prix
18,38.0,0 days 00:01:31.501000,1,True,70th Anniversary Grand Prix
18,39.0,0 days 00:01:31.406000,1,True,70th Anniversary Grand Prix
18,40.0,0 days 00:01:31.122000,1,True,70th Anniversary Grand Prix
18,41.0,0 days 00:01:31.430000,1,True,70th Anniversary Grand Prix
18,42.0,0 days 00:01:31.520000,1,True,70th Anniversary Grand Prix
18,43.0,0 days 00:01:31.686000,1,True,70th Anniversary Grand Prix
18,44.0,0 days 00:01:31.670000,1,True,70th Anniversary Grand Prix
18,45.0,0 days 00:01:30.877000,1,True,70th Anniversary Grand Prix
18,46.0,0 days 00:01:30.948000,1,True,70th Anniversary Grand Prix
18,47.0,0 days 00:01:30.962000,1,True,70th Anniversary Grand Prix
18,48.0,0 days 00:01:31.128000,1,True,70th Anniversary Grand Prix
18,49.0,0 days 00:01:31.094000,1,True,70th Anniversary Grand Prix
18,50.0,0 days 00:01:32.345000,1,True,70th Anniversary Grand Prix
18,51.0,0 days 00:01:31.967000,1,True,70th Anniversary Grand Prix
18,52.0,0 days 00:01:32.515000,1,True,70th Anniversary Grand Prix
27,1.0,0 days 00:01:36.138000,2,False,70th Anniversary Grand Prix
27,2.0,0 days 00:01:32.833000,1,True,70th Anniversary Grand Prix
27,3.0,0 days 00:01:32.482000,1,True,70th Anniversary Grand Prix
27,4.0,0 days 00:01:33.226000,1,True,70th Anniversary Grand Prix
27,5.0,0 days 00:01:32.868000,1,True,70th Anniversary Grand Prix
27,6.0,0 days 00:01:32.989000,1,True,70th Anniversary Grand Prix
27,7.0,0 days 00:01:33.492000,1,True,70th Anniversary Grand Prix
27,8.0,0 days 00:01:33.277000,1,True,70th Anniversary Grand Prix
27,9.0,0 days 00:01:33.050000,1,True,70th Anniversary Grand Prix
27,10.0,0 days 00:01:32.848000,1,True,70th Anniversary Grand Prix
27,11.0,0 days 00:01:32.493000,1,True,70th Anniversary Grand Prix
27,12.0,0 days 00:01:32.962000,1,True,70th Anniversary Grand Prix
27,13.0,0 days 00:01:32.548000,1,True,70th Anniversary Grand Prix
27,14.0,0 days 00:01:32.339000,1,True,70th Anniversary Grand Prix
27,15.0,0 days 00:01:31.718000,1,False,70th Anniversary Grand Prix
27,16.0,0 days 00:01:51.760000,1,False,70th Anniversary Grand Prix
27,17.0,0 days 00:01:31.990000,1,True,70th Anniversary Grand Prix
27,18.0,0 days 00:01:31.996000,1,True,70th Anniversary Grand Prix
27,19.0,0 days 00:01:32.311000,1,True,70th Anniversary Grand Prix
27,20.0,0 days 00:01:32.024000,1,True,70th Anniversary Grand Prix
27,21.0,0 days 00:01:32.539000,1,True,70th Anniversary Grand Prix
27,22.0,0 days 00:01:32.855000,1,True,70th Anniversary Grand Prix
27,23.0,0 days 00:01:32.330000,1,True,70th Anniversary Grand Prix
27,24.0,0 days 00:01:31.987000,1,True,70th Anniversary Grand Prix
27,25.0,0 days 00:01:32.054000,1,True,70th Anniversary Grand Prix
27,26.0,0 days 00:01:32.178000,1,True,70th Anniversary Grand Prix
27,27.0,0 days 00:01:31.489000,1,True,70th Anniversary Grand Prix
27,28.0,0 days 00:01:31.407000,1,True,70th Anniversary Grand Prix
27,29.0,0 days 00:01:31.088000,1,True,70th Anniversary Grand Prix
27,30.0,0 days 00:01:30.474000,1,False,70th Anniversary Grand Prix
27,31.0,0 days 00:01:50.153000,2,False,70th Anniversary Grand Prix
27,32.0,0 days 00:01:30.834000,1,True,70th Anniversary Grand Prix
27,33.0,0 days 00:01:31.037000,1,True,70th Anniversary Grand Prix
27,34.0,0 days 00:01:31.155000,1,True,70th Anniversary Grand Prix
27,35.0,0 days 00:01:30.788000,1,True,70th Anniversary Grand Prix
27,36.0,0 days 00:01:31.189000,1,True,70th Anniversary Grand Prix
27,37.0,0 days 00:01:31.643000,1,True,70th Anniversary Grand Prix
27,38.0,0 days 00:01:31.492000,1,True,70th Anniversary Grand Prix
27,39.0,0 days 00:01:31.179000,1,True,70th Anniversary Grand Prix
27,40.0,0 days 00:01:30.939000,1,True,70th Anniversary Grand Prix
27,41.0,0 days 00:01:31.485000,1,True,70th Anniversary Grand Prix
27,42.0,0 days 00:01:31.889000,1,True,70th Anniversary Grand Prix
27,43.0,0 days 00:01:31.363000,1,True,70th Anniversary Grand Prix
27,44.0,0 days 00:01:31.426000,1,False,70th Anniversary Grand Prix
27,45.0,0 days 00:01:50.849000,1,False,70th Anniversary Grand Prix
27,46.0,0 days 00:01:30.893000,1,True,70th Anniversary Grand Prix
27,47.0,0 days 00:01:31.083000,1,True,70th Anniversary Grand Prix
27,48.0,0 days 00:01:30.627000,1,True,70th Anniversary Grand Prix
27,49.0,0 days 00:01:30.785000,1,True,70th Anniversary Grand Prix
27,50.0,0 days 00:01:30.547000,1,True,70th Anniversary Grand Prix
27,51.0,0 days 00:01:32.756000,1,True,70th Anniversary Grand Prix
27,52.0,0 days 00:01:30.087000,1,True,70th Anniversary Grand Prix
31,1.0,0 days 00:01:41.495000,2,False,70th Anniversary Grand Prix
31,2.0,0 days 00:01:35.198000,1,True,70th Anniversary Grand Prix
31,3.0,0 days 00:01:34.245000,1,True,70th Anniversary Grand Prix
31,4.0,0 days 00:01:34.268000,1,True,70th Anniversary Grand Prix
31,5.0,0 days 00:01:34.234000,1,True,70th Anniversary Grand Prix
31,6.0,0 days 00:01:34.355000,1,True,70th Anniversary Grand Prix
31,7.0,0 days 00:01:34.129000,1,True,70th Anniversary Grand Prix
31,8.0,0 days 00:01:34.225000,1,True,70th Anniversary Grand Prix
31,9.0,0 days 00:01:34,1,True,70th Anniversary Grand Prix
31,10.0,0 days 00:01:33.892000,1,True,70th Anniversary Grand Prix
31,11.0,0 days 00:01:33.853000,1,True,70th Anniversary Grand Prix
31,12.0,0 days 00:01:33.863000,1,True,70th Anniversary Grand Prix
31,13.0,0 days 00:01:33.297000,1,True,70th Anniversary Grand Prix
31,14.0,0 days 00:01:33.040000,1,True,70th Anniversary Grand Prix
31,15.0,0 days 00:01:33.040000,1,True,70th Anniversary Grand Prix
31,16.0,0 days 00:01:33.086000,1,True,70th Anniversary Grand Prix
31,17.0,0 days 00:01:32.953000,1,True,70th Anniversary Grand Prix
31,18.0,0 days 00:01:32.832000,1,True,70th Anniversary Grand Prix
31,19.0,0 days 00:01:32.621000,1,True,70th Anniversary Grand Prix
31,20.0,0 days 00:01:32.607000,1,True,70th Anniversary Grand Prix
31,21.0,0 days 00:01:32.559000,1,True,70th Anniversary Grand Prix
31,22.0,0 days 00:01:31.772000,1,False,70th Anniversary Grand Prix
31,23.0,0 days 00:01:51.722000,1,False,70th Anniversary Grand Prix
31,24.0,0 days 00:01:32.275000,1,True,70th Anniversary Grand Prix
31,25.0,0 days 00:01:32.154000,1,True,70th Anniversary Grand Prix
31,26.0,0 days 00:01:32.607000,1,True,70th Anniversary Grand Prix
31,27.0,0 days 00:01:31.835000,1,True,70th Anniversary Grand Prix
31,28.0,0 days 00:01:32.702000,1,True,70th Anniversary Grand Prix
31,29.0,0 days 00:01:32.747000,1,True,70th Anniversary Grand Prix
31,30.0,0 days 00:01:33.049000,1,True,70th Anniversary Grand Prix
31,31.0,0 days 00:01:33.957000,2,True,70th Anniversary Grand Prix
31,32.0,0 days 00:01:32.285000,1,True,70th Anniversary Grand Prix
31,33.0,0 days 00:01:32.265000,1,True,70th Anniversary Grand Prix
31,34.0,0 days 00:01:32.313000,1,True,70th Anniversary Grand Prix
31,35.0,0 days 00:01:33.366000,1,True,70th Anniversary Grand Prix
31,36.0,0 days 00:01:33.134000,1,True,70th Anniversary Grand Prix
31,37.0,0 days 00:01:32.582000,1,True,70th Anniversary Grand Prix
31,38.0,0 days 00:01:32.425000,1,True,70th Anniversary Grand Prix
31,39.0,0 days 00:01:32.419000,1,True,70th Anniversary Grand Prix
31,40.0,0 days 00:01:31.760000,1,True,70th Anniversary Grand Prix
31,41.0,0 days 00:01:32.199000,1,True,70th Anniversary Grand Prix
31,42.0,0 days 00:01:31.609000,1,True,70th Anniversary Grand Prix
31,43.0,0 days 00:01:31.118000,1,True,70th Anniversary Grand Prix
31,44.0,0 days 00:01:31.397000,1,True,70th Anniversary Grand Prix
31,45.0,0 days 00:01:31.041000,1,True,70th Anniversary Grand Prix
31,46.0,0 days 00:01:31.290000,1,True,70th Anniversary Grand Prix
31,47.0,0 days 00:01:31.412000,1,True,70th Anniversary Grand Prix
31,48.0,0 days 00:01:31.206000,1,True,70th Anniversary Grand Prix
31,49.0,0 days 00:01:30.877000,1,True,70th Anniversary Grand Prix
31,50.0,0 days 00:01:30.575000,1,True,70th Anniversary Grand Prix
31,51.0,0 days 00:01:30.829000,1,True,70th Anniversary Grand Prix
31,52.0,0 days 00:01:32.052000,1,True,70th Anniversary Grand Prix
4,1.0,0 days 00:01:39.451000,2,False,70th Anniversary Grand Prix
4,2.0,0 days 00:01:33.816000,1,True,70th Anniversary Grand Prix
4,3.0,0 days 00:01:33.862000,1,True,70th Anniversary Grand Prix
4,4.0,0 days 00:01:33.357000,1,True,70th Anniversary Grand Prix
4,5.0,0 days 00:01:33.901000,1,True,70th Anniversary Grand Prix
4,6.0,0 days 00:01:33.435000,1,True,70th Anniversary Grand Prix
4,7.0,0 days 00:01:33.758000,1,True,70th Anniversary Grand Prix
4,8.0,0 days 00:01:33.181000,1,True,70th Anniversary Grand Prix
4,9.0,0 days 00:01:32.752000,1,True,70th Anniversary Grand Prix
4,10.0,0 days 00:01:33.128000,1,True,70th Anniversary Grand Prix
4,11.0,0 days 00:01:32.827000,1,True,70th Anniversary Grand Prix
4,12.0,0 days 00:01:32.315000,1,False,70th Anniversary Grand Prix
4,13.0,0 days 00:01:52.180000,1,False,70th Anniversary Grand Prix
4,14.0,0 days 00:01:32.347000,1,True,70th Anniversary Grand Prix
4,15.0,0 days 00:01:33.051000,1,True,70th Anniversary Grand Prix
4,16.0,0 days 00:01:33.572000,1,True,70th Anniversary Grand Prix
4,17.0,0 days 00:01:33.245000,1,True,70th Anniversary Grand Prix
4,18.0,0 days 00:01:32.430000,1,True,70th Anniversary Grand Prix
4,19.0,0 days 00:01:33.188000,1,True,70th Anniversary Grand Prix
4,20.0,0 days 00:01:33.661000,1,True,70th Anniversary Grand Prix
4,21.0,0 days 00:01:33.209000,1,True,70th Anniversary Grand Prix
4,22.0,0 days 00:01:32.553000,1,True,70th Anniversary Grand Prix
4,23.0,0 days 00:01:32.284000,1,True,70th Anniversary Grand Prix
4,24.0,0 days 00:01:32.270000,1,True,70th Anniversary Grand Prix
4,25.0,0 days 00:01:32.365000,1,True,70th Anniversary Grand Prix
4,26.0,0 days 00:01:32.111000,1,True,70th Anniversary Grand Prix
4,27.0,0 days 00:01:32.327000,1,True,70th Anniversary Grand Prix
4,28.0,0 days 00:01:31.796000,1,True,70th Anniversary Grand Prix
4,29.0,0 days 00:01:32.554000,1,False,70th Anniversary Grand Prix
4,30.0,0 days 00:01:54.466000,1,False,70th Anniversary Grand Prix
4,31.0,0 days 00:01:33.318000,2,True,70th Anniversary Grand Prix
4,32.0,0 days 00:01:32.244000,1,True,70th Anniversary Grand Prix
4,33.0,0 days 00:01:32.072000,1,True,70th Anniversary Grand Prix
4,34.0,0 days 00:01:32.021000,1,True,70th Anniversary Grand Prix
4,35.0,0 days 00:01:31.720000,1,True,70th Anniversary Grand Prix
4,36.0,0 days 00:01:31.523000,1,True,70th Anniversary Grand Prix
4,37.0,0 days 00:01:31.315000,1,True,70th Anniversary Grand Prix
4,38.0,0 days 00:01:31.396000,1,True,70th Anniversary Grand Prix
4,39.0,0 days 00:01:30.991000,1,True,70th Anniversary Grand Prix
4,40.0,0 days 00:01:31.017000,1,True,70th Anniversary Grand Prix
4,41.0,0 days 00:01:31.546000,1,True,70th Anniversary Grand Prix
4,42.0,0 days 00:01:31.417000,1,True,70th Anniversary Grand Prix
4,43.0,0 days 00:01:30.976000,1,True,70th Anniversary Grand Prix
4,44.0,0 days 00:01:31.269000,1,True,70th Anniversary Grand Prix
4,45.0,0 days 00:01:31.392000,1,True,70th Anniversary Grand Prix
4,46.0,0 days 00:01:31.663000,1,True,70th Anniversary Grand Prix
4,47.0,0 days 00:01:31.562000,1,True,70th Anniversary Grand Prix
4,48.0,0 days 00:01:31.075000,1,True,70th Anniversary Grand Prix
4,49.0,0 days 00:01:30.698000,1,True,70th Anniversary Grand Prix
4,50.0,0 days 00:01:31.010000,1,True,70th Anniversary Grand Prix
4,51.0,0 days 00:01:31.044000,1,True,70th Anniversary Grand Prix
4,52.0,0 days 00:01:30.876000,1,True,70th Anniversary Grand Prix
26,1.0,0 days 00:01:42.608000,2,False,70th Anniversary Grand Prix
26,2.0,0 days 00:01:35.284000,1,True,70th Anniversary Grand Prix
26,3.0,0 days 00:01:35.300000,1,True,70th Anniversary Grand Prix
26,4.0,0 days 00:01:33.918000,1,True,70th Anniversary Grand Prix
26,5.0,0 days 00:01:34.293000,1,True,70th Anniversary Grand Prix
26,6.0,0 days 00:01:34.254000,1,True,70th Anniversary Grand Prix
26,7.0,0 days 00:01:34.048000,1,True,70th Anniversary Grand Prix
26,8.0,0 days 00:01:34.369000,1,True,70th Anniversary Grand Prix
26,9.0,0 days 00:01:34.013000,1,True,70th Anniversary Grand Prix
26,10.0,0 days 00:01:33.730000,1,True,70th Anniversary Grand Prix
26,11.0,0 days 00:01:33.594000,1,True,70th Anniversary Grand Prix
26,12.0,0 days 00:01:33.394000,1,True,70th Anniversary Grand Prix
26,13.0,0 days 00:01:33.232000,1,True,70th Anniversary Grand Prix
26,14.0,0 days 00:01:32.937000,1,True,70th Anniversary Grand Prix
26,15.0,0 days 00:01:33.029000,1,True,70th Anniversary Grand Prix
26,16.0,0 days 00:01:33.222000,1,True,70th Anniversary Grand Prix
26,17.0,0 days 00:01:32.977000,1,True,70th Anniversary Grand Prix
26,18.0,0 days 00:01:32.860000,1,True,70th Anniversary Grand Prix
26,19.0,0 days 00:01:32.191000,1,False,70th Anniversary Grand Prix
26,20.0,0 days 00:01:52.535000,1,False,70th Anniversary Grand Prix
26,21.0,0 days 00:01:32.264000,1,True,70th Anniversary Grand Prix
26,22.0,0 days 00:01:31.915000,1,True,70th Anniversary Grand Prix
26,23.0,0 days 00:01:32.430000,1,True,70th Anniversary Grand Prix
26,24.0,0 days 00:01:31.956000,1,True,70th Anniversary Grand Prix
26,25.0,0 days 00:01:32.275000,1,True,70th Anniversary Grand Prix
26,26.0,0 days 00:01:32.468000,1,True,70th Anniversary Grand Prix
26,27.0,0 days 00:01:32.148000,1,True,70th Anniversary Grand Prix
26,28.0,0 days 00:01:32.417000,1,True,70th Anniversary Grand Prix
26,29.0,0 days 00:01:32.647000,1,True,70th Anniversary Grand Prix
26,30.0,0 days 00:01:32.858000,1,True,70th Anniversary Grand Prix
26,31.0,0 days 00:01:31.837000,2,True,70th Anniversary Grand Prix
26,32.0,0 days 00:01:31.944000,1,True,70th Anniversary Grand Prix
26,33.0,0 days 00:01:31.727000,1,True,70th Anniversary Grand Prix
26,34.0,0 days 00:01:31.575000,1,True,70th Anniversary Grand Prix
26,35.0,0 days 00:01:30.998000,1,False,70th Anniversary Grand Prix
26,36.0,0 days 00:01:51.685000,1,False,70th Anniversary Grand Prix
26,37.0,0 days 00:01:30.998000,1,True,70th Anniversary Grand Prix
26,38.0,0 days 00:01:31.318000,1,True,70th Anniversary Grand Prix
26,39.0,0 days 00:01:31.339000,1,True,70th Anniversary Grand Prix
26,40.0,0 days 00:01:31.096000,1,True,70th Anniversary Grand Prix
26,41.0,0 days 00:01:31.316000,1,True,70th Anniversary Grand Prix
26,42.0,0 days 00:01:31.082000,1,True,70th Anniversary Grand Prix
26,43.0,0 days 00:01:30.761000,1,True,70th Anniversary Grand Prix
26,44.0,0 days 00:01:30.799000,1,True,70th Anniversary Grand Prix
26,45.0,0 days 00:01:31.097000,1,True,70th Anniversary Grand Prix
26,46.0,0 days 00:01:30.987000,1,True,70th Anniversary Grand Prix
26,47.0,0 days 00:01:31.120000,1,True,70th Anniversary Grand Prix
26,48.0,0 days 00:01:30.852000,1,True,70th Anniversary Grand Prix
26,49.0,0 days 00:01:30.932000,1,True,70th Anniversary Grand Prix
26,50.0,0 days 00:01:30.980000,1,True,70th Anniversary Grand Prix
26,51.0,0 days 00:01:31.315000,1,True,70th Anniversary Grand Prix
26,52.0,0 days 00:01:30.738000,1,True,70th Anniversary Grand Prix
10,1.0,0 days 00:01:38.443000,2,False,70th Anniversary Grand Prix
10,2.0,0 days 00:01:33.873000,1,True,70th Anniversary Grand Prix
10,3.0,0 days 00:01:33.235000,1,True,70th Anniversary Grand Prix
10,4.0,0 days 00:01:33.557000,1,True,70th Anniversary Grand Prix
10,5.0,0 days 00:01:33.683000,1,True,70th Anniversary Grand Prix
10,6.0,0 days 00:01:33.544000,1,True,70th Anniversary Grand Prix
10,7.0,0 days 00:01:32.447000,1,False,70th Anniversary Grand Prix
10,8.0,0 days 00:01:52.813000,1,False,70th Anniversary Grand Prix
10,9.0,0 days 00:01:33.844000,1,True,70th Anniversary Grand Prix
10,10.0,0 days 00:01:33.188000,1,True,70th Anniversary Grand Prix
10,11.0,0 days 00:01:33.520000,1,True,70th Anniversary Grand Prix
10,12.0,0 days 00:01:33.408000,1,True,70th Anniversary Grand Prix
10,13.0,0 days 00:01:33.603000,1,True,70th Anniversary Grand Prix
10,14.0,0 days 00:01:33.054000,1,True,70th Anniversary Grand Prix
10,15.0,0 days 00:01:33.457000,1,True,70th Anniversary Grand Prix
10,16.0,0 days 00:01:33.246000,1,True,70th Anniversary Grand Prix
10,17.0,0 days 00:01:33.758000,1,True,70th Anniversary Grand Prix
10,18.0,0 days 00:01:33.612000,1,True,70th Anniversary Grand Prix
10,19.0,0 days 00:01:34.128000,1,True,70th Anniversary Grand Prix
10,20.0,0 days 00:01:33.375000,1,True,70th Anniversary Grand Prix
10,21.0,0 days 00:01:34.653000,1,True,70th Anniversary Grand Prix
10,22.0,0 days 00:01:33.627000,1,True,70th Anniversary Grand Prix
10,23.0,0 days 00:01:32.386000,1,False,70th Anniversary Grand Prix
10,24.0,0 days 00:01:54.397000,1,False,70th Anniversary Grand Prix
10,25.0,0 days 00:01:33.364000,1,True,70th Anniversary Grand Prix
10,26.0,0 days 00:01:32.152000,1,True,70th Anniversary Grand Prix
10,27.0,0 days 00:01:32.567000,1,True,70th Anniversary Grand Prix
10,28.0,0 days 00:01:32.236000,1,True,70th Anniversary Grand Prix
10,29.0,0 days 00:01:31.882000,1,True,70th Anniversary Grand Prix
10,30.0,0 days 00:01:32.498000,1,True,70th Anniversary Grand Prix
10,31.0,0 days 00:01:32.548000,2,True,70th Anniversary Grand Prix
10,32.0,0 days 00:01:32.239000,1,True,70th Anniversary Grand Prix
10,33.0,0 days 00:01:31.999000,1,True,70th Anniversary Grand Prix
10,34.0,0 days 00:01:32.064000,1,True,70th Anniversary Grand Prix
10,35.0,0 days 00:01:32.106000,1,True,70th Anniversary Grand Prix
10,36.0,0 days 00:01:31.951000,1,True,70th Anniversary Grand Prix
10,37.0,0 days 00:01:31.907000,1,True,70th Anniversary Grand Prix
10,38.0,0 days 00:01:31.547000,1,True,70th Anniversary Grand Prix
10,39.0,0 days 00:01:31.685000,1,True,70th Anniversary Grand Prix
10,40.0,0 days 00:01:31.324000,1,True,70th Anniversary Grand Prix
10,41.0,0 days 00:01:31.290000,1,True,70th Anniversary Grand Prix
10,42.0,0 days 00:01:31.271000,1,True,70th Anniversary Grand Prix
10,43.0,0 days 00:01:30.955000,1,True,70th Anniversary Grand Prix
10,44.0,0 days 00:01:31.075000,1,True,70th Anniversary Grand Prix
10,45.0,0 days 00:01:30.835000,1,True,70th Anniversary Grand Prix
10,46.0,0 days 00:01:30.935000,1,True,70th Anniversary Grand Prix
10,47.0,0 days 00:01:30.983000,1,True,70th Anniversary Grand Prix
10,48.0,0 days 00:01:30.747000,1,True,70th Anniversary Grand Prix
10,49.0,0 days 00:01:30.507000,1,True,70th Anniversary Grand Prix
10,50.0,0 days 00:01:30.680000,1,True,70th Anniversary Grand Prix
10,51.0,0 days 00:01:30.345000,1,True,70th Anniversary Grand Prix
10,52.0,0 days 00:01:30.092000,1,True,70th Anniversary Grand Prix
5,1.0,0 days 00:01:45.844000,2,False,70th Anniversary Grand Prix
5,2.0,0 days 00:01:35.237000,1,True,70th Anniversary Grand Prix
5,3.0,0 days 00:01:35.024000,1,True,70th Anniversary Grand Prix
5,4.0,0 days 00:01:35.343000,1,True,70th Anniversary Grand Prix
5,5.0,0 days 00:01:34.811000,1,True,70th Anniversary Grand Prix
5,6.0,0 days 00:01:34.296000,1,True,70th Anniversary Grand Prix
5,7.0,0 days 00:01:34.683000,1,True,70th Anniversary Grand Prix
5,8.0,0 days 00:01:33.913000,1,True,70th Anniversary Grand Prix
5,9.0,0 days 00:01:33.687000,1,True,70th Anniversary Grand Prix
5,10.0,0 days 00:01:33.588000,1,True,70th Anniversary Grand Prix
5,11.0,0 days 00:01:33.524000,1,True,70th Anniversary Grand Prix
5,12.0,0 days 00:01:33.034000,1,True,70th Anniversary Grand Prix
5,13.0,0 days 00:01:33.150000,1,True,70th Anniversary Grand Prix
5,14.0,0 days 00:01:33.103000,1,True,70th Anniversary Grand Prix
5,15.0,0 days 00:01:33.538000,1,True,70th Anniversary Grand Prix
5,16.0,0 days 00:01:33.321000,1,True,70th Anniversary Grand Prix
5,17.0,0 days 00:01:32.591000,1,True,70th Anniversary Grand Prix
5,18.0,0 days 00:01:32.595000,1,True,70th Anniversary Grand Prix
5,19.0,0 days 00:01:32.565000,1,True,70th Anniversary Grand Prix
5,20.0,0 days 00:01:32.195000,1,True,70th Anniversary Grand Prix
5,21.0,0 days 00:01:32.312000,1,True,70th Anniversary Grand Prix
5,22.0,0 days 00:01:31.510000,1,False,70th Anniversary Grand Prix
5,23.0,0 days 00:01:52.078000,1,False,70th Anniversary Grand Prix
5,24.0,0 days 00:01:32.197000,1,True,70th Anniversary Grand Prix
5,25.0,0 days 00:01:31.817000,1,True,70th Anniversary Grand Prix
5,26.0,0 days 00:01:31.770000,1,True,70th Anniversary Grand Prix
5,27.0,0 days 00:01:31.890000,1,True,70th Anniversary Grand Prix
5,28.0,0 days 00:01:32.305000,1,True,70th Anniversary Grand Prix
5,29.0,0 days 00:01:32.465000,1,True,70th Anniversary Grand Prix
5,30.0,0 days 00:01:32.360000,1,True,70th Anniversary Grand Prix
5,31.0,0 days 00:01:33.172000,2,True,70th Anniversary Grand Prix
5,32.0,0 days 00:01:32.528000,1,True,70th Anniversary Grand Prix
5,33.0,0 days 00:01:31.585000,1,False,70th Anniversary Grand Prix
5,34.0,0 days 00:01:50.675000,1,False,70th Anniversary Grand Prix
5,35.0,0 days 00:01:31.130000,1,True,70th Anniversary Grand Prix
5,36.0,0 days 00:01:31.494000,1,True,70th Anniversary Grand Prix
5,37.0,0 days 00:01:31.864000,1,True,70th Anniversary Grand Prix
5,38.0,0 days 00:01:31.726000,1,True,70th Anniversary Grand Prix
5,39.0,0 days 00:01:31.616000,1,True,70th Anniversary Grand Prix
5,40.0,0 days 00:01:31.473000,1,True,70th Anniversary Grand Prix
5,41.0,0 days 00:01:31.156000,1,True,70th Anniversary Grand Prix
5,42.0,0 days 00:01:31.326000,1,True,70th Anniversary Grand Prix
5,43.0,0 days 00:01:30.950000,1,True,70th Anniversary Grand Prix
5,44.0,0 days 00:01:31.002000,1,True,70th Anniversary Grand Prix
5,45.0,0 days 00:01:31.029000,1,True,70th Anniversary Grand Prix
5,46.0,0 days 00:01:30.866000,1,True,70th Anniversary Grand Prix
5,47.0,0 days 00:01:30.872000,1,True,70th Anniversary Grand Prix
5,48.0,0 days 00:01:30.914000,1,True,70th Anniversary Grand Prix
5,49.0,0 days 00:01:30.785000,1,True,70th Anniversary Grand Prix
5,50.0,0 days 00:01:30.820000,1,True,70th Anniversary Grand Prix
5,51.0,0 days 00:01:30.802000,1,True,70th Anniversary Grand Prix
5,52.0,0 days 00:01:30.832000,1,True,70th Anniversary Grand Prix
55,1.0,0 days 00:01:40.996000,2,False,70th Anniversary Grand Prix
55,2.0,0 days 00:01:34.759000,1,True,70th Anniversary Grand Prix
55,3.0,0 days 00:01:34.115000,1,True,70th Anniversary Grand Prix
55,4.0,0 days 00:01:34.083000,1,True,70th Anniversary Grand Prix
55,5.0,0 days 00:01:34.135000,1,True,70th Anniversary Grand Prix
55,6.0,0 days 00:01:33.699000,1,True,70th Anniversary Grand Prix
55,7.0,0 days 00:01:34.015000,1,True,70th Anniversary Grand Prix
55,8.0,0 days 00:01:33.367000,1,True,70th Anniversary Grand Prix
55,9.0,0 days 00:01:33.154000,1,True,70th Anniversary Grand Prix
55,10.0,0 days 00:01:33.163000,1,True,70th Anniversary Grand Prix
55,11.0,0 days 00:01:33.097000,1,True,70th Anniversary Grand Prix
55,12.0,0 days 00:01:33.182000,1,True,70th Anniversary Grand Prix
55,13.0,0 days 00:01:33.204000,1,True,70th Anniversary Grand Prix
55,14.0,0 days 00:01:32.968000,1,True,70th Anniversary Grand Prix
55,15.0,0 days 00:01:32.979000,1,True,70th Anniversary Grand Prix
55,16.0,0 days 00:01:32.758000,1,True,70th Anniversary Grand Prix
55,17.0,0 days 00:01:32.854000,1,True,70th Anniversary Grand Prix
55,18.0,0 days 00:01:32.582000,1,True,70th Anniversary Grand Prix
55,19.0,0 days 00:01:32.826000,1,True,70th Anniversary Grand Prix
55,20.0,0 days 00:01:32.667000,1,True,70th Anniversary Grand Prix
55,21.0,0 days 00:01:32.965000,1,True,70th Anniversary Grand Prix
55,22.0,0 days 00:01:32.348000,1,False,70th Anniversary Grand Prix
55,23.0,0 days 00:01:59.345000,1,False,70th Anniversary Grand Prix
55,24.0,0 days 00:01:32.299000,1,True,70th Anniversary Grand Prix
55,25.0,0 days 00:01:32.515000,1,True,70th Anniversary Grand Prix
55,26.0,0 days 00:01:32.520000,1,True,70th Anniversary Grand Prix
55,27.0,0 days 00:01:32.087000,1,True,70th Anniversary Grand Prix
55,28.0,0 days 00:01:32.554000,1,True,70th Anniversary Grand Prix
55,29.0,0 days 00:01:32.541000,1,True,70th Anniversary Grand Prix
55,30.0,0 days 00:01:32.329000,1,True,70th Anniversary Grand Prix
55,31.0,0 days 00:01:33.227000,2,True,70th Anniversary Grand Prix
55,32.0,0 days 00:01:32.400000,1,True,70th Anniversary Grand Prix
55,33.0,0 days 00:01:32.204000,1,True,70th Anniversary Grand Prix
55,34.0,0 days 00:01:31.686000,1,False,70th Anniversary Grand Prix
55,35.0,0 days 00:01:50.968000,1,False,70th Anniversary Grand Prix
55,36.0,0 days 00:01:31.287000,1,True,70th Anniversary Grand Prix
55,37.0,0 days 00:01:31.860000,1,True,70th Anniversary Grand Prix
55,38.0,0 days 00:01:31.778000,1,True,70th Anniversary Grand Prix
55,39.0,0 days 00:01:31.739000,1,True,70th Anniversary Grand Prix
55,40.0,0 days 00:01:31.939000,1,True,70th Anniversary Grand Prix
55,41.0,0 days 00:01:31.474000,1,True,70th Anniversary Grand Prix
55,42.0,0 days 00:01:31.186000,1,True,70th Anniversary Grand Prix
55,43.0,0 days 00:01:30.999000,1,True,70th Anniversary Grand Prix
55,44.0,0 days 00:01:30.942000,1,True,70th Anniversary Grand Prix
55,45.0,0 days 00:01:30.847000,1,True,70th Anniversary Grand Prix
55,46.0,0 days 00:01:30.739000,1,True,70th Anniversary Grand Prix
55,47.0,0 days 00:01:30.791000,1,True,70th Anniversary Grand Prix
55,48.0,0 days 00:01:30.864000,1,True,70th Anniversary Grand Prix
55,49.0,0 days 00:01:30.556000,1,True,70th Anniversary Grand Prix
55,50.0,0 days 00:01:31.031000,1,True,70th Anniversary Grand Prix
55,51.0,0 days 00:01:30.695000,1,True,70th Anniversary Grand Prix
55,52.0,0 days 00:01:30.745000,1,True,70th Anniversary Grand Prix
3,1.0,0 days 00:01:37.686000,2,False,70th Anniversary Grand Prix
3,2.0,0 days 00:01:33.776000,1,True,70th Anniversary Grand Prix
3,3.0,0 days 00:01:33.179000,1,True,70th Anniversary Grand Prix
3,4.0,0 days 00:01:33.440000,1,True,70th Anniversary Grand Prix
3,5.0,0 days 00:01:33.418000,1,True,70th Anniversary Grand Prix
3,6.0,0 days 00:01:33.290000,1,True,70th Anniversary Grand Prix
3,7.0,0 days 00:01:33.365000,1,True,70th Anniversary Grand Prix
3,8.0,0 days 00:01:33.413000,1,True,70th Anniversary Grand Prix
3,9.0,0 days 00:01:33.003000,1,True,70th Anniversary Grand Prix
3,10.0,0 days 00:01:32.744000,1,True,70th Anniversary Grand Prix
3,11.0,0 days 00:01:32.746000,1,True,70th Anniversary Grand Prix
3,12.0,0 days 00:01:32.955000,1,True,70th Anniversary Grand Prix
3,13.0,0 days 00:01:32.743000,1,True,70th Anniversary Grand Prix
3,14.0,0 days 00:01:31.966000,1,False,70th Anniversary Grand Prix
3,15.0,0 days 00:01:52.681000,1,False,70th Anniversary Grand Prix
3,16.0,0 days 00:01:33.037000,1,True,70th Anniversary Grand Prix
3,17.0,0 days 00:01:32.725000,1,True,70th Anniversary Grand Prix
3,18.0,0 days 00:01:32.268000,1,True,70th Anniversary Grand Prix
3,19.0,0 days 00:01:32.454000,1,True,70th Anniversary Grand Prix
3,20.0,0 days 00:01:32.268000,1,True,70th Anniversary Grand Prix
3,21.0,0 days 00:01:32.191000,1,True,70th Anniversary Grand Prix
3,22.0,0 days 00:01:31.972000,1,True,70th Anniversary Grand Prix
3,23.0,0 days 00:01:31.823000,1,True,70th Anniversary Grand Prix
3,24.0,0 days 00:01:32.259000,1,True,70th Anniversary Grand Prix
3,25.0,0 days 00:01:32.207000,1,True,70th Anniversary Grand Prix
3,26.0,0 days 00:01:32.214000,1,False,70th Anniversary Grand Prix
3,27.0,0 days 00:01:52.020000,1,False,70th Anniversary Grand Prix
3,28.0,0 days 00:01:32.532000,1,True,70th Anniversary Grand Prix
3,29.0,0 days 00:01:32.623000,1,True,70th Anniversary Grand Prix
3,30.0,0 days 00:01:32.721000,1,True,70th Anniversary Grand Prix
3,31.0,0 days 00:01:39.840000,2,True,70th Anniversary Grand Prix
3,32.0,0 days 00:01:32.263000,1,True,70th Anniversary Grand Prix
3,33.0,0 days 00:01:32.928000,1,True,70th Anniversary Grand Prix
3,34.0,0 days 00:01:32.988000,1,True,70th Anniversary Grand Prix
3,35.0,0 days 00:01:32.930000,1,False,70th Anniversary Grand Prix
3,36.0,0 days 00:01:51.764000,1,False,70th Anniversary Grand Prix
3,37.0,0 days 00:01:32.028000,1,True,70th Anniversary Grand Prix
3,38.0,0 days 00:01:32.306000,1,True,70th Anniversary Grand Prix
3,39.0,0 days 00:01:31.168000,1,True,70th Anniversary Grand Prix
3,40.0,0 days 00:01:31.290000,1,True,70th Anniversary Grand Prix
3,41.0,0 days 00:01:31.910000,1,True,70th Anniversary Grand Prix
3,42.0,0 days 00:01:31.817000,1,True,70th Anniversary Grand Prix
3,43.0,0 days 00:01:32.314000,1,True,70th Anniversary Grand Prix
3,44.0,0 days 00:01:31.725000,1,True,70th Anniversary Grand Prix
3,45.0,0 days 00:01:31.716000,1,True,70th Anniversary Grand Prix
3,46.0,0 days 00:01:31.630000,1,True,70th Anniversary Grand Prix
3,47.0,0 days 00:01:31.658000,1,True,70th Anniversary Grand Prix
3,48.0,0 days 00:01:31.517000,1,True,70th Anniversary Grand Prix
3,49.0,0 days 00:01:33.432000,1,True,70th Anniversary Grand Prix
3,50.0,0 days 00:01:32.441000,1,True,70th Anniversary Grand Prix
3,51.0,0 days 00:01:33.260000,1,True,70th Anniversary Grand Prix
7,1.0,0 days 00:01:45.241000,2,False,70th Anniversary Grand Prix
7,2.0,0 days 00:01:35.215000,1,True,70th Anniversary Grand Prix
7,3.0,0 days 00:01:35.089000,1,True,70th Anniversary Grand Prix
7,4.0,0 days 00:01:36.911000,1,True,70th Anniversary Grand Prix
7,5.0,0 days 00:01:34.655000,1,True,70th Anniversary Grand Prix
7,6.0,0 days 00:01:34.120000,1,True,70th Anniversary Grand Prix
7,7.0,0 days 00:01:34.692000,1,True,70th Anniversary Grand Prix
7,8.0,0 days 00:01:34.112000,1,True,70th Anniversary Grand Prix
7,9.0,0 days 00:01:34.153000,1,True,70th Anniversary Grand Prix
7,10.0,0 days 00:01:34.758000,1,True,70th Anniversary Grand Prix
7,11.0,0 days 00:01:34.428000,1,True,70th Anniversary Grand Prix
7,12.0,0 days 00:01:34.118000,1,True,70th Anniversary Grand Prix
7,13.0,0 days 00:01:35.941000,1,True,70th Anniversary Grand Prix
7,14.0,0 days 00:01:34.187000,1,True,70th Anniversary Grand Prix
7,15.0,0 days 00:01:33.886000,1,True,70th Anniversary Grand Prix
7,16.0,0 days 00:01:33.576000,1,True,70th Anniversary Grand Prix
7,17.0,0 days 00:01:33.688000,1,True,70th Anniversary Grand Prix
7,18.0,0 days 00:01:33.519000,1,True,70th Anniversary Grand Prix
7,19.0,0 days 00:01:33.650000,1,True,70th Anniversary Grand Prix
7,20.0,0 days 00:01:33.700000,1,True,70th Anniversary Grand Prix
7,21.0,0 days 00:01:33.656000,1,True,70th Anniversary Grand Prix
7,22.0,0 days 00:01:34.141000,1,True,70th Anniversary Grand Prix
7,23.0,0 days 00:01:33.389000,1,True,70th Anniversary Grand Prix
7,24.0,0 days 00:01:34.345000,1,True,70th Anniversary Grand Prix
7,25.0,0 days 00:01:33.785000,1,True,70th Anniversary Grand Prix
7,26.0,0 days 00:01:32.973000,1,False,70th Anniversary Grand Prix
7,27.0,0 days 00:01:53.308000,1,False,70th Anniversary Grand Prix
7,28.0,0 days 00:01:33.142000,1,True,70th Anniversary Grand Prix
7,29.0,0 days 00:01:32.642000,1,True,70th Anniversary Grand Prix
7,30.0,0 days 00:01:31.756000,2,True,70th Anniversary Grand Prix
7,31.0,0 days 00:01:32.216000,1,True,70th Anniversary Grand Prix
7,32.0,0 days 00:01:32.369000,1,True,70th Anniversary Grand Prix
7,33.0,0 days 00:01:32.588000,1,True,70th Anniversary Grand Prix
7,34.0,0 days 00:01:32.424000,1,True,70th Anniversary Grand Prix
7,35.0,0 days 00:01:32.274000,1,True,70th Anniversary Grand Prix
7,36.0,0 days 00:01:32.724000,1,True,70th Anniversary Grand Prix
7,37.0,0 days 00:01:32.514000,1,True,70th Anniversary Grand Prix
7,38.0,0 days 00:01:32.655000,1,True,70th Anniversary Grand Prix
7,39.0,0 days 00:01:33.183000,1,True,70th Anniversary Grand Prix
7,40.0,0 days 00:01:33.598000,1,True,70th Anniversary Grand Prix
7,41.0,0 days 00:01:33.222000,1,True,70th Anniversary Grand Prix
7,42.0,0 days 00:01:33.456000,1,True,70th Anniversary Grand Prix
7,43.0,0 days 00:01:33.128000,1,True,70th Anniversary Grand Prix
7,44.0,0 days 00:01:32.827000,1,True,70th Anniversary Grand Prix
7,45.0,0 days 00:01:33.760000,1,True,70th Anniversary Grand Prix
7,46.0,0 days 00:01:32.709000,1,True,70th Anniversary Grand Prix
7,47.0,0 days 00:01:35.129000,1,True,70th Anniversary Grand Prix
7,48.0,0 days 00:01:32.499000,1,True,70th Anniversary Grand Prix
7,49.0,0 days 00:01:32.424000,1,True,70th Anniversary Grand Prix
7,50.0,0 days 00:01:33.082000,1,True,70th Anniversary Grand Prix
7,51.0,0 days 00:01:33.480000,1,True,70th Anniversary Grand Prix
8,1.0,0 days 00:01:43.776000,2,False,70th Anniversary Grand Prix
8,2.0,0 days 00:01:35.593000,1,True,70th Anniversary Grand Prix
8,3.0,0 days 00:01:35.375000,1,True,70th Anniversary Grand Prix
8,4.0,0 days 00:01:35.218000,1,True,70th Anniversary Grand Prix
8,5.0,0 days 00:01:34.982000,1,True,70th Anniversary Grand Prix
8,6.0,0 days 00:01:34.547000,1,True,70th Anniversary Grand Prix
8,7.0,0 days 00:01:34.402000,1,True,70th Anniversary Grand Prix
8,8.0,0 days 00:01:33.970000,1,True,70th Anniversary Grand Prix
8,9.0,0 days 00:01:33.996000,1,True,70th Anniversary Grand Prix
8,10.0,0 days 00:01:33.802000,1,True,70th Anniversary Grand Prix
8,11.0,0 days 00:01:33.576000,1,True,70th Anniversary Grand Prix
8,12.0,0 days 00:01:32.947000,1,True,70th Anniversary Grand Prix
8,13.0,0 days 00:01:33.420000,1,True,70th Anniversary Grand Prix
8,14.0,0 days 00:01:33.107000,1,True,70th Anniversary Grand Prix
8,15.0,0 days 00:01:33.416000,1,True,70th Anniversary Grand Prix
8,16.0,0 days 00:01:33.438000,1,True,70th Anniversary Grand Prix
8,17.0,0 days 00:01:34.198000,1,False,70th Anniversary Grand Prix
8,18.0,0 days 00:01:54.044000,1,False,70th Anniversary Grand Prix
8,19.0,0 days 00:01:33.584000,1,True,70th Anniversary Grand Prix
8,20.0,0 days 00:01:34.435000,1,True,70th Anniversary Grand Prix
8,21.0,0 days 00:01:32.879000,1,True,70th Anniversary Grand Prix
8,22.0,0 days 00:01:33.439000,1,True,70th Anniversary Grand Prix
8,23.0,0 days 00:01:33.058000,1,True,70th Anniversary Grand Prix
8,24.0,0 days 00:01:33.338000,1,True,70th Anniversary Grand Prix
8,25.0,0 days 00:01:33.506000,1,True,70th Anniversary Grand Prix
8,26.0,0 days 00:01:33.548000,1,True,70th Anniversary Grand Prix
8,27.0,0 days 00:01:33.258000,1,True,70th Anniversary Grand Prix
8,28.0,0 days 00:01:32.988000,1,True,70th Anniversary Grand Prix
8,29.0,0 days 00:01:34.258000,1,True,70th Anniversary Grand Prix
8,30.0,0 days 00:01:33.220000,2,True,70th Anniversary Grand Prix
8,31.0,0 days 00:01:34.165000,2,True,70th Anniversary Grand Prix
8,32.0,0 days 00:01:33.399000,1,True,70th Anniversary Grand Prix
8,33.0,0 days 00:01:33.387000,1,True,70th Anniversary Grand Prix
8,34.0,0 days 00:01:32.475000,1,True,70th Anniversary Grand Prix
8,35.0,0 days 00:01:32.938000,1,True,70th Anniversary Grand Prix
8,36.0,0 days 00:01:32.449000,1,True,70th Anniversary Grand Prix
8,37.0,0 days 00:01:32.593000,1,True,70th Anniversary Grand Prix
8,38.0,0 days 00:01:32.097000,1,False,70th Anniversary Grand Prix
8,39.0,0 days 00:01:56.257000,1,False,70th Anniversary Grand Prix
8,40.0,0 days 00:01:31.217000,1,True,70th Anniversary Grand Prix
8,41.0,0 days 00:01:33.192000,1,True,70th Anniversary Grand Prix
8,42.0,0 days 00:01:34.229000,1,True,70th Anniversary Grand Prix
8,43.0,0 days 00:01:31.865000,1,True,70th Anniversary Grand Prix
8,44.0,0 days 00:01:31.539000,1,True,70th Anniversary Grand Prix
8,45.0,0 days 00:01:31.918000,1,True,70th Anniversary Grand Prix
8,46.0,0 days 00:01:31.647000,1,True,70th Anniversary Grand Prix
8,47.0,0 days 00:01:31.277000,1,True,70th Anniversary Grand Prix
8,48.0,0 days 00:01:31.078000,1,True,70th Anniversary Grand Prix
8,49.0,0 days 00:01:32.288000,1,True,70th Anniversary Grand Prix
8,50.0,0 days 00:01:31.086000,1,True,70th Anniversary Grand Prix
8,51.0,0 days 00:01:30.793000,1,True,70th Anniversary Grand Prix
99,1.0,0 days 00:01:43.606000,2,False,70th Anniversary Grand Prix
99,2.0,0 days 00:01:35.129000,1,True,70th Anniversary Grand Prix
99,3.0,0 days 00:01:35.541000,1,True,70th Anniversary Grand Prix
99,4.0,0 days 00:01:35.236000,1,True,70th Anniversary Grand Prix
99,5.0,0 days 00:01:34.694000,1,True,70th Anniversary Grand Prix
99,6.0,0 days 00:01:34.612000,1,True,70th Anniversary Grand Prix
99,7.0,0 days 00:01:34.067000,1,False,70th Anniversary Grand Prix
99,8.0,0 days 00:01:52.500000,1,False,70th Anniversary Grand Prix
99,9.0,0 days 00:01:32.892000,1,True,70th Anniversary Grand Prix
99,10.0,0 days 00:01:32.838000,1,True,70th Anniversary Grand Prix
99,11.0,0 days 00:01:33.193000,1,True,70th Anniversary Grand Prix
99,12.0,0 days 00:01:33.397000,1,True,70th Anniversary Grand Prix
99,13.0,0 days 00:01:33.271000,1,True,70th Anniversary Grand Prix
99,14.0,0 days 00:01:33.232000,1,True,70th Anniversary Grand Prix
99,15.0,0 days 00:01:33.371000,1,True,70th Anniversary Grand Prix
99,16.0,0 days 00:01:33.687000,1,True,70th Anniversary Grand Prix
99,17.0,0 days 00:01:33.816000,1,True,70th Anniversary Grand Prix
99,18.0,0 days 00:01:33.397000,1,True,70th Anniversary Grand Prix
99,19.0,0 days 00:01:33.572000,1,True,70th Anniversary Grand Prix
99,20.0,0 days 00:01:33.885000,1,True,70th Anniversary Grand Prix
99,21.0,0 days 00:01:33.913000,1,True,70th Anniversary Grand Prix
99,22.0,0 days 00:01:33.666000,1,True,70th Anniversary Grand Prix
99,23.0,0 days 00:01:33.918000,1,True,70th Anniversary Grand Prix
99,24.0,0 days 00:01:34.030000,1,True,70th Anniversary Grand Prix
99,25.0,0 days 00:01:34.067000,1,True,70th Anniversary Grand Prix
99,26.0,0 days 00:01:33.828000,1,True,70th Anniversary Grand Prix
99,27.0,0 days 00:01:33.959000,1,True,70th Anniversary Grand Prix
99,28.0,0 days 00:01:33.506000,1,True,70th Anniversary Grand Prix
99,29.0,0 days 00:01:33.570000,1,True,70th Anniversary Grand Prix
99,30.0,0 days 00:01:34.287000,2,True,70th Anniversary Grand Prix
99,31.0,0 days 00:01:34.042000,2,True,70th Anniversary Grand Prix
99,32.0,0 days 00:01:33.483000,1,True,70th Anniversary Grand Prix
99,33.0,0 days 00:01:33.517000,1,False,70th Anniversary Grand Prix
99,34.0,0 days 00:01:52.240000,1,False,70th Anniversary Grand Prix
99,35.0,0 days 00:01:33.640000,1,True,70th Anniversary Grand Prix
99,36.0,0 days 00:01:32.260000,1,True,70th Anniversary Grand Prix
99,37.0,0 days 00:01:31.826000,1,True,70th Anniversary Grand Prix
99,38.0,0 days 00:01:32.203000,1,True,70th Anniversary Grand Prix
99,39.0,0 days 00:01:32.135000,1,True,70th Anniversary Grand Prix
99,40.0,0 days 00:01:32.150000,1,True,70th Anniversary Grand Prix
99,41.0,0 days 00:01:33.817000,1,True,70th Anniversary Grand Prix
99,42.0,0 days 00:01:33.704000,1,True,70th Anniversary Grand Prix
99,43.0,0 days 00:01:32.134000,1,True,70th Anniversary Grand Prix
99,44.0,0 days 00:01:34.427000,1,True,70th Anniversary Grand Prix
99,45.0,0 days 00:01:32.108000,1,True,70th Anniversary Grand Prix
99,46.0,0 days 00:01:32.892000,1,True,70th Anniversary Grand Prix
99,47.0,0 days 00:01:32.758000,1,True,70th Anniversary Grand Prix
99,48.0,0 days 00:01:32.251000,1,True,70th Anniversary Grand Prix
99,49.0,0 days 00:01:32.207000,1,True,70th Anniversary Grand Prix
99,50.0,0 days 00:01:32.403000,1,True,70th Anniversary Grand Prix
99,51.0,0 days 00:01:32.130000,1,True,70th Anniversary Grand Prix
63,1.0,0 days 00:01:44.029000,2,False,70th Anniversary Grand Prix
63,2.0,0 days 00:01:35.891000,1,True,70th Anniversary Grand Prix
63,3.0,0 days 00:01:35.156000,1,True,70th Anniversary Grand Prix
63,4.0,0 days 00:01:35.938000,1,True,70th Anniversary Grand Prix
63,5.0,0 days 00:01:34.546000,1,True,70th Anniversary Grand Prix
63,6.0,0 days 00:01:34.665000,1,True,70th Anniversary Grand Prix
63,7.0,0 days 00:01:34.445000,1,True,70th Anniversary Grand Prix
63,8.0,0 days 00:01:33.267000,1,False,70th Anniversary Grand Prix
63,9.0,0 days 00:01:51.729000,1,False,70th Anniversary Grand Prix
63,10.0,0 days 00:01:32.534000,1,True,70th Anniversary Grand Prix
63,11.0,0 days 00:01:32.876000,1,True,70th Anniversary Grand Prix
63,12.0,0 days 00:01:33.409000,1,True,70th Anniversary Grand Prix
63,13.0,0 days 00:01:33.296000,1,True,70th Anniversary Grand Prix
63,14.0,0 days 00:01:33.238000,1,True,70th Anniversary Grand Prix
63,15.0,0 days 00:01:33.543000,1,True,70th Anniversary Grand Prix
63,16.0,0 days 00:01:33.888000,1,True,70th Anniversary Grand Prix
63,17.0,0 days 00:01:33.569000,1,True,70th Anniversary Grand Prix
63,18.0,0 days 00:01:33.183000,1,True,70th Anniversary Grand Prix
63,19.0,0 days 00:01:33.529000,1,True,70th Anniversary Grand Prix
63,20.0,0 days 00:01:33.898000,1,True,70th Anniversary Grand Prix
63,21.0,0 days 00:01:34.285000,1,True,70th Anniversary Grand Prix
63,22.0,0 days 00:01:33.880000,1,True,70th Anniversary Grand Prix
63,23.0,0 days 00:01:33.439000,1,True,70th Anniversary Grand Prix
63,24.0,0 days 00:01:32.492000,1,False,70th Anniversary Grand Prix
63,25.0,0 days 00:01:51.343000,1,False,70th Anniversary Grand Prix
63,26.0,0 days 00:01:31.957000,1,True,70th Anniversary Grand Prix
63,27.0,0 days 00:01:32.707000,1,True,70th Anniversary Grand Prix
63,28.0,0 days 00:01:32.880000,1,True,70th Anniversary Grand Prix
63,29.0,0 days 00:01:32.321000,1,True,70th Anniversary Grand Prix
63,30.0,0 days 00:01:31.706000,2,True,70th Anniversary Grand Prix
63,31.0,0 days 00:01:32.375000,1,True,70th Anniversary Grand Prix
63,32.0,0 days 00:01:32.386000,1,True,70th Anniversary Grand Prix
63,33.0,0 days 00:01:32.568000,1,True,70th Anniversary Grand Prix
63,34.0,0 days 00:01:32.310000,1,True,70th Anniversary Grand Prix
63,35.0,0 days 00:01:32.456000,1,True,70th Anniversary Grand Prix
63,36.0,0 days 00:01:33.994000,1,True,70th Anniversary Grand Prix
63,37.0,0 days 00:01:32.499000,1,True,70th Anniversary Grand Prix
63,38.0,0 days 00:01:33.077000,1,True,70th Anniversary Grand Prix
63,39.0,0 days 00:01:33.123000,1,False,70th Anniversary Grand Prix
63,40.0,0 days 00:01:53.030000,1,False,70th Anniversary Grand Prix
63,41.0,0 days 00:01:31.837000,1,True,70th Anniversary Grand Prix
63,42.0,0 days 00:01:32.817000,1,True,70th Anniversary Grand Prix
63,43.0,0 days 00:01:32.364000,1,True,70th Anniversary Grand Prix
63,44.0,0 days 00:01:31.891000,1,True,70th Anniversary Grand Prix
63,45.0,0 days 00:01:31.780000,1,True,70th Anniversary Grand Prix
63,46.0,0 days 00:01:31.934000,1,True,70th Anniversary Grand Prix
63,47.0,0 days 00:01:32.144000,1,True,70th Anniversary Grand Prix
63,48.0,0 days 00:01:32.526000,1,True,70th Anniversary Grand Prix
63,49.0,0 days 00:01:31.507000,1,True,70th Anniversary Grand Prix
63,50.0,0 days 00:01:31.408000,1,True,70th Anniversary Grand Prix
63,51.0,0 days 00:01:32.224000,1,True,70th Anniversary Grand Prix
6,1.0,0 days 00:01:44.999000,2,False,70th Anniversary Grand Prix
6,2.0,0 days 00:01:37.405000,1,True,70th Anniversary Grand Prix
6,3.0,0 days 00:01:34.869000,1,True,70th Anniversary Grand Prix
6,4.0,0 days 00:01:36.001000,1,True,70th Anniversary Grand Prix
6,5.0,0 days 00:01:34.864000,1,True,70th Anniversary Grand Prix
6,6.0,0 days 00:01:33.900000,1,True,70th Anniversary Grand Prix
6,7.0,0 days 00:01:34.722000,1,True,70th Anniversary Grand Prix
6,8.0,0 days 00:01:34.068000,1,True,70th Anniversary Grand Prix
6,9.0,0 days 00:01:33.133000,1,False,70th Anniversary Grand Prix
6,10.0,0 days 00:01:52.534000,1,False,70th Anniversary Grand Prix
6,11.0,0 days 00:01:32.790000,1,True,70th Anniversary Grand Prix
6,12.0,0 days 00:01:32.526000,1,True,70th Anniversary Grand Prix
6,13.0,0 days 00:01:33.288000,1,True,70th Anniversary Grand Prix
6,14.0,0 days 00:01:32.638000,1,True,70th Anniversary Grand Prix
6,15.0,0 days 00:01:33.230000,1,True,70th Anniversary Grand Prix
6,16.0,0 days 00:01:33.686000,1,True,70th Anniversary Grand Prix
6,17.0,0 days 00:01:33.733000,1,True,70th Anniversary Grand Prix
6,18.0,0 days 00:01:34.067000,1,True,70th Anniversary Grand Prix
6,19.0,0 days 00:01:34.316000,1,True,70th Anniversary Grand Prix
6,20.0,0 days 00:01:33.809000,1,True,70th Anniversary Grand Prix
6,21.0,0 days 00:01:32.823000,1,True,70th Anniversary Grand Prix
6,22.0,0 days 00:01:33.069000,1,True,70th Anniversary Grand Prix
6,23.0,0 days 00:01:33.007000,1,True,70th Anniversary Grand Prix
6,24.0,0 days 00:01:33.823000,1,True,70th Anniversary Grand Prix
6,25.0,0 days 00:01:33.162000,1,True,70th Anniversary Grand Prix
6,26.0,0 days 00:01:32.436000,1,False,70th Anniversary Grand Prix
6,27.0,0 days 00:01:50.648000,1,False,70th Anniversary Grand Prix
6,28.0,0 days 00:01:31.114000,1,True,70th Anniversary Grand Prix
6,29.0,0 days 00:01:32.214000,1,True,70th Anniversary Grand Prix
6,30.0,0 days 00:01:31.924000,2,True,70th Anniversary Grand Prix
6,31.0,0 days 00:01:31.986000,1,True,70th Anniversary Grand Prix
6,32.0,0 days 00:01:32.354000,1,True,70th Anniversary Grand Prix
6,33.0,0 days 00:01:32.792000,1,True,70th Anniversary Grand Prix
6,34.0,0 days 00:01:32.080000,1,True,70th Anniversary Grand Prix
6,35.0,0 days 00:01:32.474000,1,True,70th Anniversary Grand Prix
6,36.0,0 days 00:01:33.815000,1,True,70th Anniversary Grand Prix
6,37.0,0 days 00:01:32.714000,1,True,70th Anniversary Grand Prix
6,38.0,0 days 00:01:33.180000,1,True,70th Anniversary Grand Prix
6,39.0,0 days 00:01:33.804000,1,True,70th Anniversary Grand Prix
6,40.0,0 days 00:01:32.722000,1,True,70th Anniversary Grand Prix
6,41.0,0 days 00:01:32.964000,1,True,70th Anniversary Grand Prix
6,42.0,0 days 00:01:32.692000,1,True,70th Anniversary Grand Prix
6,43.0,0 days 00:01:32.870000,1,True,70th Anniversary Grand Prix
6,44.0,0 days 00:01:33.531000,1,True,70th Anniversary Grand Prix
6,45.0,0 days 00:01:32.579000,1,True,70th Anniversary Grand Prix
6,46.0,0 days 00:01:33.483000,1,False,70th Anniversary Grand Prix
6,47.0,0 days 00:01:50.327000,1,False,70th Anniversary Grand Prix
6,48.0,0 days 00:01:29.950000,1,True,70th Anniversary Grand Prix
6,49.0,0 days 00:01:30.055000,1,True,70th Anniversary Grand Prix
6,50.0,0 days 00:01:31.216000,1,True,70th Anniversary Grand Prix
6,51.0,0 days 00:01:32.110000,1,True,70th Anniversary Grand Prix
20,1.0,0 days 00:01:41.958000,2,False,70th Anniversary Grand Prix
20,2.0,0 days 00:01:35.587000,1,True,70th Anniversary Grand Prix
20,3.0,0 days 00:01:36.360000,1,True,70th Anniversary Grand Prix
20,4.0,0 days 00:01:34.897000,1,True,70th Anniversary Grand Prix
20,5.0,0 days 00:01:34.648000,1,True,70th Anniversary Grand Prix
20,6.0,0 days 00:01:34.640000,1,True,70th Anniversary Grand Prix
20,7.0,0 days 00:01:34.452000,1,True,70th Anniversary Grand Prix
20,8.0,0 days 00:01:34.360000,1,True,70th Anniversary Grand Prix
20,9.0,0 days 00:01:33.626000,1,False,70th Anniversary Grand Prix
20,10.0,0 days 00:01:54.192000,1,False,70th Anniversary Grand Prix
20,11.0,0 days 00:01:32.940000,1,True,70th Anniversary Grand Prix
20,12.0,0 days 00:01:33.150000,1,True,70th Anniversary Grand Prix
20,13.0,0 days 00:01:33.203000,1,True,70th Anniversary Grand Prix
20,14.0,0 days 00:01:32.992000,1,True,70th Anniversary Grand Prix
20,15.0,0 days 00:01:33.246000,1,True,70th Anniversary Grand Prix
20,16.0,0 days 00:01:33.688000,1,True,70th Anniversary Grand Prix
20,17.0,0 days 00:01:33.976000,1,True,70th Anniversary Grand Prix
20,18.0,0 days 00:01:34.172000,1,True,70th Anniversary Grand Prix
20,19.0,0 days 00:01:34.015000,1,True,70th Anniversary Grand Prix
20,20.0,0 days 00:01:36.049000,1,False,70th Anniversary Grand Prix
20,21.0,0 days 00:01:54.658000,1,False,70th Anniversary Grand Prix
20,22.0,0 days 00:01:34.879000,1,True,70th Anniversary Grand Prix
20,23.0,0 days 00:01:32.772000,1,True,70th Anniversary Grand Prix
20,24.0,0 days 00:01:32.957000,1,True,70th Anniversary Grand Prix
20,25.0,0 days 00:01:32.867000,1,True,70th Anniversary Grand Prix
20,26.0,0 days 00:01:33.238000,1,True,70th Anniversary Grand Prix
20,27.0,0 days 00:01:34.025000,1,True,70th Anniversary Grand Prix
20,28.0,0 days 00:01:34.360000,1,True,70th Anniversary Grand Prix
20,29.0,0 days 00:01:35.025000,1,True,70th Anniversary Grand Prix
20,30.0,0 days 00:01:37.141000,2,True,70th Anniversary Grand Prix
20,31.0,0 days 00:01:35.791000,1,True,70th Anniversary Grand Prix
20,32.0,0 days 00:01:33.326000,1,True,70th Anniversary Grand Prix
20,33.0,0 days 00:01:33.404000,1,True,70th Anniversary Grand Prix
20,34.0,0 days 00:01:33.285000,1,True,70th Anniversary Grand Prix
20,35.0,0 days 00:01:39.507000,1,True,70th Anniversary Grand Prix
20,36.0,0 days 00:01:32.986000,1,True,70th Anniversary Grand Prix
20,37.0,0 days 00:01:32.391000,1,True,70th Anniversary Grand Prix
20,38.0,0 days 00:01:32.298000,1,True,70th Anniversary Grand Prix
20,39.0,0 days 00:01:31.830000,1,True,70th Anniversary Grand Prix
20,40.0,0 days 00:01:32.133000,1,True,70th Anniversary Grand Prix
20,41.0,0 days 00:01:32.755000,1,True,70th Anniversary Grand Prix
20,42.0,0 days 00:01:33.623000,1,True,70th Anniversary Grand Prix
20,43.0,0 days 00:01:37.962000,1,False,70th Anniversary Grand Prix
44,1.0,0 days 00:01:25.855000,1,False,Spanish Grand Prix
44,2.0,0 days 00:01:24.630000,1,True,Spanish Grand Prix
44,3.0,0 days 00:01:25.037000,1,True,Spanish Grand Prix
44,4.0,0 days 00:01:24.679000,1,True,Spanish Grand Prix
44,5.0,0 days 00:01:24.370000,1,True,Spanish Grand Prix
44,6.0,0 days 00:01:24.247000,1,True,Spanish Grand Prix
44,7.0,0 days 00:01:24.278000,1,True,Spanish Grand Prix
44,8.0,0 days 00:01:24.108000,1,True,Spanish Grand Prix
44,9.0,0 days 00:01:24.526000,1,True,Spanish Grand Prix
44,10.0,0 days 00:01:23.618000,1,True,Spanish Grand Prix
44,11.0,0 days 00:01:23.238000,1,True,Spanish Grand Prix
44,12.0,0 days 00:01:23.067000,1,True,Spanish Grand Prix
44,13.0,0 days 00:01:22.767000,1,True,Spanish Grand Prix
44,14.0,0 days 00:01:23.197000,1,True,Spanish Grand Prix
44,15.0,0 days 00:01:23.095000,1,True,Spanish Grand Prix
44,16.0,0 days 00:01:23.216000,1,True,Spanish Grand Prix
44,17.0,0 days 00:01:23.366000,1,True,Spanish Grand Prix
44,18.0,0 days 00:01:23.406000,1,True,Spanish Grand Prix
44,19.0,0 days 00:01:23.505000,1,True,Spanish Grand Prix
44,20.0,0 days 00:01:23.394000,1,True,Spanish Grand Prix
44,21.0,0 days 00:01:23.410000,1,True,Spanish Grand Prix
44,22.0,0 days 00:01:23.699000,1,True,Spanish Grand Prix
44,23.0,0 days 00:01:27.175000,1,False,Spanish Grand Prix
44,24.0,0 days 00:01:44.038000,1,False,Spanish Grand Prix
44,25.0,0 days 00:01:23.845000,1,True,Spanish Grand Prix
44,26.0,0 days 00:01:23.659000,1,True,Spanish Grand Prix
44,27.0,0 days 00:01:23.670000,1,True,Spanish Grand Prix
44,28.0,0 days 00:01:23.275000,1,True,Spanish Grand Prix
44,29.0,0 days 00:01:23.688000,1,True,Spanish Grand Prix
44,30.0,0 days 00:01:23.343000,1,True,Spanish Grand Prix
44,31.0,0 days 00:01:23.007000,1,True,Spanish Grand Prix
44,32.0,0 days 00:01:23.102000,1,True,Spanish Grand Prix
44,33.0,0 days 00:01:23.002000,1,True,Spanish Grand Prix
44,34.0,0 days 00:01:22.658000,1,True,Spanish Grand Prix
44,35.0,0 days 00:01:22.948000,1,True,Spanish Grand Prix
44,36.0,0 days 00:01:22.440000,1,True,Spanish Grand Prix
44,37.0,0 days 00:01:22.826000,2,True,Spanish Grand Prix
44,38.0,0 days 00:01:22.502000,2,True,Spanish Grand Prix
44,39.0,0 days 00:01:22.273000,1,True,Spanish Grand Prix
44,40.0,0 days 00:01:22.213000,1,True,Spanish Grand Prix
44,41.0,0 days 00:01:22.438000,1,True,Spanish Grand Prix
44,42.0,0 days 00:01:22.305000,1,True,Spanish Grand Prix
44,43.0,0 days 00:01:22.129000,1,True,Spanish Grand Prix
44,44.0,0 days 00:01:22.141000,1,True,Spanish Grand Prix
44,45.0,0 days 00:01:21.539000,1,True,Spanish Grand Prix
44,46.0,0 days 00:01:22.064000,1,True,Spanish Grand Prix
44,47.0,0 days 00:01:22.149000,1,True,Spanish Grand Prix
44,48.0,0 days 00:01:23.063000,1,True,Spanish Grand Prix
44,49.0,0 days 00:01:21.954000,1,True,Spanish Grand Prix
44,50.0,0 days 00:01:24.990000,1,False,Spanish Grand Prix
44,51.0,0 days 00:01:40.359000,1,False,Spanish Grand Prix
44,52.0,0 days 00:01:20.274000,1,True,Spanish Grand Prix
44,53.0,0 days 00:01:20.892000,1,True,Spanish Grand Prix
44,54.0,0 days 00:01:20.901000,1,True,Spanish Grand Prix
44,55.0,0 days 00:01:21.220000,1,True,Spanish Grand Prix
44,56.0,0 days 00:01:21.446000,1,True,Spanish Grand Prix
44,57.0,0 days 00:01:21.498000,1,True,Spanish Grand Prix
44,58.0,0 days 00:01:21.379000,1,True,Spanish Grand Prix
44,59.0,0 days 00:01:20.964000,1,True,Spanish Grand Prix
44,60.0,0 days 00:01:21.223000,1,True,Spanish Grand Prix
44,61.0,0 days 00:01:21.397000,1,True,Spanish Grand Prix
44,62.0,0 days 00:01:20.975000,1,True,Spanish Grand Prix
44,63.0,0 days 00:01:19.822000,1,True,Spanish Grand Prix
44,64.0,0 days 00:01:20.872000,1,True,Spanish Grand Prix
44,65.0,0 days 00:01:20.847000,1,True,Spanish Grand Prix
44,66.0,0 days 00:01:22.066000,1,True,Spanish Grand Prix
33,1.0,0 days 00:01:27.347000,1,False,Spanish Grand Prix
33,2.0,0 days 00:01:24.754000,1,True,Spanish Grand Prix
33,3.0,0 days 00:01:24.835000,1,True,Spanish Grand Prix
33,4.0,0 days 00:01:24.596000,1,True,Spanish Grand Prix
33,5.0,0 days 00:01:24.621000,1,True,Spanish Grand Prix
33,6.0,0 days 00:01:24.325000,1,True,Spanish Grand Prix
33,7.0,0 days 00:01:24.193000,1,True,Spanish Grand Prix
33,8.0,0 days 00:01:24.192000,1,True,Spanish Grand Prix
33,9.0,0 days 00:01:24.132000,1,True,Spanish Grand Prix
33,10.0,0 days 00:01:23.990000,1,True,Spanish Grand Prix
33,11.0,0 days 00:01:23.623000,1,True,Spanish Grand Prix
33,12.0,0 days 00:01:23.541000,1,True,Spanish Grand Prix
33,13.0,0 days 00:01:23.473000,1,True,Spanish Grand Prix
33,14.0,0 days 00:01:23.422000,1,True,Spanish Grand Prix
33,15.0,0 days 00:01:23.759000,1,True,Spanish Grand Prix
33,16.0,0 days 00:01:23.568000,1,True,Spanish Grand Prix
33,17.0,0 days 00:01:23.761000,1,True,Spanish Grand Prix
33,18.0,0 days 00:01:24.089000,1,True,Spanish Grand Prix
33,19.0,0 days 00:01:23.971000,1,True,Spanish Grand Prix
33,20.0,0 days 00:01:24.579000,1,True,Spanish Grand Prix
33,21.0,0 days 00:01:28.176000,1,False,Spanish Grand Prix
33,22.0,0 days 00:01:40.705000,1,False,Spanish Grand Prix
33,23.0,0 days 00:01:22.959000,1,True,Spanish Grand Prix
33,24.0,0 days 00:01:23.582000,1,True,Spanish Grand Prix
33,25.0,0 days 00:01:23.624000,1,True,Spanish Grand Prix
33,26.0,0 days 00:01:23.644000,1,True,Spanish Grand Prix
33,27.0,0 days 00:01:23.227000,1,True,Spanish Grand Prix
33,28.0,0 days 00:01:23.491000,1,True,Spanish Grand Prix
33,29.0,0 days 00:01:23.367000,1,True,Spanish Grand Prix
33,30.0,0 days 00:01:23.353000,1,True,Spanish Grand Prix
33,31.0,0 days 00:01:23.201000,1,True,Spanish Grand Prix
33,32.0,0 days 00:01:23.269000,1,True,Spanish Grand Prix
33,33.0,0 days 00:01:23.106000,1,True,Spanish Grand Prix
33,34.0,0 days 00:01:23.113000,1,True,Spanish Grand Prix
33,35.0,0 days 00:01:22.896000,1,True,Spanish Grand Prix
33,36.0,0 days 00:01:23.548000,1,True,Spanish Grand Prix
33,37.0,0 days 00:01:23.478000,2,True,Spanish Grand Prix
33,38.0,0 days 00:01:24.038000,2,True,Spanish Grand Prix
33,39.0,0 days 00:01:23.775000,1,True,Spanish Grand Prix
33,40.0,0 days 00:01:23.096000,1,True,Spanish Grand Prix
33,41.0,0 days 00:01:26.019000,1,False,Spanish Grand Prix
33,42.0,0 days 00:01:39.927000,1,False,Spanish Grand Prix
33,43.0,0 days 00:01:22.221000,1,True,Spanish Grand Prix
33,44.0,0 days 00:01:21.919000,1,True,Spanish Grand Prix
33,45.0,0 days 00:01:23.114000,1,True,Spanish Grand Prix
33,46.0,0 days 00:01:22.100000,1,True,Spanish Grand Prix
33,47.0,0 days 00:01:22.609000,1,True,Spanish Grand Prix
33,48.0,0 days 00:01:21.851000,1,True,Spanish Grand Prix
33,49.0,0 days 00:01:21.732000,1,True,Spanish Grand Prix
33,50.0,0 days 00:01:21.911000,1,True,Spanish Grand Prix
33,51.0,0 days 00:01:22.406000,1,True,Spanish Grand Prix
33,52.0,0 days 00:01:21.562000,1,True,Spanish Grand Prix
33,53.0,0 days 00:01:21.477000,1,True,Spanish Grand Prix
33,54.0,0 days 00:01:21.485000,1,True,Spanish Grand Prix
33,55.0,0 days 00:01:21.852000,1,True,Spanish Grand Prix
33,56.0,0 days 00:01:21.638000,1,True,Spanish Grand Prix
33,57.0,0 days 00:01:22.045000,1,True,Spanish Grand Prix
33,58.0,0 days 00:01:21.779000,1,True,Spanish Grand Prix
33,59.0,0 days 00:01:21.570000,1,True,Spanish Grand Prix
33,60.0,0 days 00:01:22.184000,1,True,Spanish Grand Prix
33,61.0,0 days 00:01:21.904000,1,True,Spanish Grand Prix
33,62.0,0 days 00:01:21.486000,1,True,Spanish Grand Prix
33,63.0,0 days 00:01:21.709000,1,True,Spanish Grand Prix
33,64.0,0 days 00:01:22.144000,1,True,Spanish Grand Prix
33,65.0,0 days 00:01:22.764000,1,True,Spanish Grand Prix
33,66.0,0 days 00:01:23.629000,1,True,Spanish Grand Prix
77,1.0,0 days 00:01:29.434000,1,False,Spanish Grand Prix
77,2.0,0 days 00:01:25.062000,1,True,Spanish Grand Prix
77,3.0,0 days 00:01:24.948000,1,True,Spanish Grand Prix
77,4.0,0 days 00:01:25.258000,1,True,Spanish Grand Prix
77,5.0,0 days 00:01:23.796000,1,True,Spanish Grand Prix
77,6.0,0 days 00:01:24.187000,1,True,Spanish Grand Prix
77,7.0,0 days 00:01:23.981000,1,True,Spanish Grand Prix
77,8.0,0 days 00:01:24.266000,1,True,Spanish Grand Prix
77,9.0,0 days 00:01:24.191000,1,True,Spanish Grand Prix
77,10.0,0 days 00:01:24.035000,1,True,Spanish Grand Prix
77,11.0,0 days 00:01:23.590000,1,True,Spanish Grand Prix
77,12.0,0 days 00:01:23.449000,1,True,Spanish Grand Prix
77,13.0,0 days 00:01:23.727000,1,True,Spanish Grand Prix
77,14.0,0 days 00:01:23.655000,1,True,Spanish Grand Prix
77,15.0,0 days 00:01:23.690000,1,True,Spanish Grand Prix
77,16.0,0 days 00:01:23.700000,1,True,Spanish Grand Prix
77,17.0,0 days 00:01:23.907000,1,True,Spanish Grand Prix
77,18.0,0 days 00:01:24.026000,1,True,Spanish Grand Prix
77,19.0,0 days 00:01:23.726000,1,True,Spanish Grand Prix
77,20.0,0 days 00:01:24.063000,1,True,Spanish Grand Prix
77,21.0,0 days 00:01:24.474000,1,True,Spanish Grand Prix
77,22.0,0 days 00:01:24.337000,1,True,Spanish Grand Prix
77,23.0,0 days 00:01:28.170000,1,False,Spanish Grand Prix
77,24.0,0 days 00:01:40.605000,1,False,Spanish Grand Prix
77,25.0,0 days 00:01:22.021000,1,True,Spanish Grand Prix
77,26.0,0 days 00:01:22.991000,1,True,Spanish Grand Prix
77,27.0,0 days 00:01:23.253000,1,True,Spanish Grand Prix
77,28.0,0 days 00:01:23.310000,1,True,Spanish Grand Prix
77,29.0,0 days 00:01:23.304000,1,True,Spanish Grand Prix
77,30.0,0 days 00:01:23.591000,1,True,Spanish Grand Prix
77,31.0,0 days 00:01:23.615000,1,True,Spanish Grand Prix
77,32.0,0 days 00:01:23.425000,1,True,Spanish Grand Prix
77,33.0,0 days 00:01:23.430000,1,True,Spanish Grand Prix
77,34.0,0 days 00:01:22.800000,1,True,Spanish Grand Prix
77,35.0,0 days 00:01:22.781000,1,True,Spanish Grand Prix
77,36.0,0 days 00:01:23.440000,1,True,Spanish Grand Prix
77,37.0,0 days 00:01:23.866000,2,True,Spanish Grand Prix
77,38.0,0 days 00:01:23.524000,2,True,Spanish Grand Prix
77,39.0,0 days 00:01:23.136000,1,True,Spanish Grand Prix
77,40.0,0 days 00:01:23.265000,1,True,Spanish Grand Prix
77,41.0,0 days 00:01:23.334000,1,True,Spanish Grand Prix
77,42.0,0 days 00:01:21.857000,1,True,Spanish Grand Prix
77,43.0,0 days 00:01:22.532000,1,True,Spanish Grand Prix
77,44.0,0 days 00:01:22.526000,1,True,Spanish Grand Prix
77,45.0,0 days 00:01:23.206000,1,True,Spanish Grand Prix
77,46.0,0 days 00:01:22.821000,1,True,Spanish Grand Prix
77,47.0,0 days 00:01:23.068000,1,True,Spanish Grand Prix
77,48.0,0 days 00:01:26.658000,1,False,Spanish Grand Prix
77,49.0,0 days 00:01:41.004000,1,False,Spanish Grand Prix
77,50.0,0 days 00:01:21.897000,1,True,Spanish Grand Prix
77,51.0,0 days 00:01:21.885000,1,True,Spanish Grand Prix
77,52.0,0 days 00:01:21.616000,1,True,Spanish Grand Prix
77,53.0,0 days 00:01:21.698000,1,True,Spanish Grand Prix
77,54.0,0 days 00:01:21.765000,1,True,Spanish Grand Prix
77,55.0,0 days 00:01:21.541000,1,True,Spanish Grand Prix
77,56.0,0 days 00:01:21.666000,1,True,Spanish Grand Prix
77,57.0,0 days 00:01:21.698000,1,True,Spanish Grand Prix
77,58.0,0 days 00:01:21.713000,1,True,Spanish Grand Prix
77,59.0,0 days 00:01:21.754000,1,True,Spanish Grand Prix
77,60.0,0 days 00:01:21.821000,1,True,Spanish Grand Prix
77,61.0,0 days 00:01:21.934000,1,True,Spanish Grand Prix
77,62.0,0 days 00:01:22.383000,1,True,Spanish Grand Prix
77,63.0,0 days 00:01:19.750000,1,True,Spanish Grand Prix
77,64.0,0 days 00:01:25.147000,1,False,Spanish Grand Prix
77,65.0,0 days 00:01:40.545000,1,False,Spanish Grand Prix
77,66.0,0 days 00:01:18.183000,1,True,Spanish Grand Prix
18,1.0,0 days 00:01:28.830000,1,False,Spanish Grand Prix
18,2.0,0 days 00:01:25.189000,1,True,Spanish Grand Prix
18,3.0,0 days 00:01:24.823000,1,True,Spanish Grand Prix
18,4.0,0 days 00:01:25.410000,1,True,Spanish Grand Prix
18,5.0,0 days 00:01:26.029000,1,True,Spanish Grand Prix
18,6.0,0 days 00:01:24.850000,1,True,Spanish Grand Prix
18,7.0,0 days 00:01:24.979000,1,True,Spanish Grand Prix
18,8.0,0 days 00:01:24.623000,1,True,Spanish Grand Prix
18,9.0,0 days 00:01:24.819000,1,True,Spanish Grand Prix
18,10.0,0 days 00:01:24.745000,1,True,Spanish Grand Prix
18,11.0,0 days 00:01:24.917000,1,True,Spanish Grand Prix
18,12.0,0 days 00:01:24.928000,1,True,Spanish Grand Prix
18,13.0,0 days 00:01:25.234000,1,True,Spanish Grand Prix
18,14.0,0 days 00:01:25.254000,1,True,Spanish Grand Prix
18,15.0,0 days 00:01:25.039000,1,True,Spanish Grand Prix
18,16.0,0 days 00:01:24.996000,1,True,Spanish Grand Prix
18,17.0,0 days 00:01:25.112000,1,True,Spanish Grand Prix
18,18.0,0 days 00:01:25.383000,1,True,Spanish Grand Prix
18,19.0,0 days 00:01:25.483000,1,True,Spanish Grand Prix
18,20.0,0 days 00:01:25.389000,1,True,Spanish Grand Prix
18,21.0,0 days 00:01:25.647000,1,True,Spanish Grand Prix
18,22.0,0 days 00:01:26.239000,1,True,Spanish Grand Prix
18,23.0,0 days 00:01:25.248000,1,True,Spanish Grand Prix
18,24.0,0 days 00:01:26.104000,1,True,Spanish Grand Prix
18,25.0,0 days 00:01:25.665000,1,True,Spanish Grand Prix
18,26.0,0 days 00:01:26.470000,1,True,Spanish Grand Prix
18,27.0,0 days 00:01:30.159000,1,False,Spanish Grand Prix
18,28.0,0 days 00:01:43.759000,1,False,Spanish Grand Prix
18,29.0,0 days 00:01:24.230000,1,True,Spanish Grand Prix
18,30.0,0 days 00:01:24.573000,1,True,Spanish Grand Prix
18,31.0,0 days 00:01:24.486000,1,True,Spanish Grand Prix
18,32.0,0 days 00:01:24.203000,1,True,Spanish Grand Prix
18,33.0,0 days 00:01:24.688000,1,True,Spanish Grand Prix
18,34.0,0 days 00:01:24.533000,1,True,Spanish Grand Prix
18,35.0,0 days 00:01:24.164000,1,True,Spanish Grand Prix
18,36.0,0 days 00:01:24.478000,1,True,Spanish Grand Prix
18,37.0,0 days 00:01:24.293000,2,True,Spanish Grand Prix
18,38.0,0 days 00:01:24.935000,1,True,Spanish Grand Prix
18,39.0,0 days 00:01:24.413000,1,True,Spanish Grand Prix
18,40.0,0 days 00:01:24.452000,1,True,Spanish Grand Prix
18,41.0,0 days 00:01:24.376000,1,True,Spanish Grand Prix
18,42.0,0 days 00:01:27.852000,1,False,Spanish Grand Prix
18,43.0,0 days 00:01:40.974000,1,False,Spanish Grand Prix
18,44.0,0 days 00:01:23.259000,1,True,Spanish Grand Prix
18,45.0,0 days 00:01:23.084000,1,True,Spanish Grand Prix
18,46.0,0 days 00:01:23.162000,1,True,Spanish Grand Prix
18,47.0,0 days 00:01:23.188000,1,True,Spanish Grand Prix
18,48.0,0 days 00:01:22.699000,1,True,Spanish Grand Prix
18,49.0,0 days 00:01:23.471000,1,True,Spanish Grand Prix
18,50.0,0 days 00:01:23.027000,1,True,Spanish Grand Prix
18,51.0,0 days 00:01:23.201000,1,True,Spanish Grand Prix
18,52.0,0 days 00:01:22.825000,1,True,Spanish Grand Prix
18,53.0,0 days 00:01:24.425000,1,True,Spanish Grand Prix
18,54.0,0 days 00:01:22.914000,1,True,Spanish Grand Prix
18,55.0,0 days 00:01:23.235000,1,True,Spanish Grand Prix
18,56.0,0 days 00:01:22.024000,1,True,Spanish Grand Prix
18,57.0,0 days 00:01:22.736000,1,True,Spanish Grand Prix
18,58.0,0 days 00:01:22.406000,1,True,Spanish Grand Prix
18,59.0,0 days 00:01:22.355000,1,True,Spanish Grand Prix
18,60.0,0 days 00:01:22.639000,1,True,Spanish Grand Prix
18,61.0,0 days 00:01:22.356000,1,True,Spanish Grand Prix
18,62.0,0 days 00:01:22.482000,1,True,Spanish Grand Prix
18,63.0,0 days 00:01:22.797000,1,True,Spanish Grand Prix
18,64.0,0 days 00:01:23.177000,1,True,Spanish Grand Prix
18,65.0,0 days 00:01:23.289000,1,True,Spanish Grand Prix
11,1.0,0 days 00:01:30.347000,1,False,Spanish Grand Prix
11,2.0,0 days 00:01:25.147000,1,True,Spanish Grand Prix
11,3.0,0 days 00:01:25.131000,1,True,Spanish Grand Prix
11,4.0,0 days 00:01:25.283000,1,True,Spanish Grand Prix
11,5.0,0 days 00:01:25.103000,1,True,Spanish Grand Prix
11,6.0,0 days 00:01:25.522000,1,True,Spanish Grand Prix
11,7.0,0 days 00:01:25.243000,1,True,Spanish Grand Prix
11,8.0,0 days 00:01:24.605000,1,True,Spanish Grand Prix
11,9.0,0 days 00:01:24.723000,1,True,Spanish Grand Prix
11,10.0,0 days 00:01:24.748000,1,True,Spanish Grand Prix
11,11.0,0 days 00:01:24.895000,1,True,Spanish Grand Prix
11,12.0,0 days 00:01:25.016000,1,True,Spanish Grand Prix
11,13.0,0 days 00:01:25.139000,1,True,Spanish Grand Prix
11,14.0,0 days 00:01:25.156000,1,True,Spanish Grand Prix
11,15.0,0 days 00:01:25.289000,1,True,Spanish Grand Prix
11,16.0,0 days 00:01:25.122000,1,True,Spanish Grand Prix
11,17.0,0 days 00:01:25.360000,1,True,Spanish Grand Prix
11,18.0,0 days 00:01:25.323000,1,True,Spanish Grand Prix
11,19.0,0 days 00:01:25.205000,1,True,Spanish Grand Prix
11,20.0,0 days 00:01:25.392000,1,True,Spanish Grand Prix
11,21.0,0 days 00:01:25.635000,1,True,Spanish Grand Prix
11,22.0,0 days 00:01:25.873000,1,True,Spanish Grand Prix
11,23.0,0 days 00:01:25.734000,1,True,Spanish Grand Prix
11,24.0,0 days 00:01:25.524000,1,True,Spanish Grand Prix
11,25.0,0 days 00:01:25.965000,1,True,Spanish Grand Prix
11,26.0,0 days 00:01:26.186000,1,True,Spanish Grand Prix
11,27.0,0 days 00:01:26.376000,1,True,Spanish Grand Prix
11,28.0,0 days 00:01:25.317000,1,True,Spanish Grand Prix
11,29.0,0 days 00:01:29.245000,1,False,Spanish Grand Prix
11,30.0,0 days 00:01:43.044000,1,False,Spanish Grand Prix
11,31.0,0 days 00:01:22.574000,1,True,Spanish Grand Prix
11,32.0,0 days 00:01:25.050000,1,True,Spanish Grand Prix
11,33.0,0 days 00:01:24.669000,1,True,Spanish Grand Prix
11,34.0,0 days 00:01:24.567000,1,True,Spanish Grand Prix
11,35.0,0 days 00:01:25.129000,1,True,Spanish Grand Prix
11,36.0,0 days 00:01:24.355000,1,True,Spanish Grand Prix
11,37.0,0 days 00:01:24.097000,2,True,Spanish Grand Prix
11,38.0,0 days 00:01:24.447000,1,True,Spanish Grand Prix
11,39.0,0 days 00:01:24.310000,1,True,Spanish Grand Prix
11,40.0,0 days 00:01:24.351000,1,True,Spanish Grand Prix
11,41.0,0 days 00:01:24.464000,1,True,Spanish Grand Prix
11,42.0,0 days 00:01:24.691000,1,True,Spanish Grand Prix
11,43.0,0 days 00:01:24.581000,1,True,Spanish Grand Prix
11,44.0,0 days 00:01:24.326000,1,True,Spanish Grand Prix
11,45.0,0 days 00:01:23.885000,1,True,Spanish Grand Prix
11,46.0,0 days 00:01:24.518000,1,True,Spanish Grand Prix
11,47.0,0 days 00:01:24.813000,1,True,Spanish Grand Prix
11,48.0,0 days 00:01:25.244000,1,True,Spanish Grand Prix
11,49.0,0 days 00:01:24.020000,1,True,Spanish Grand Prix
11,50.0,0 days 00:01:23.904000,1,True,Spanish Grand Prix
11,51.0,0 days 00:01:23.772000,1,True,Spanish Grand Prix
11,52.0,0 days 00:01:24.055000,1,True,Spanish Grand Prix
11,53.0,0 days 00:01:23.363000,1,True,Spanish Grand Prix
11,54.0,0 days 00:01:23.044000,1,True,Spanish Grand Prix
11,55.0,0 days 00:01:23.072000,1,True,Spanish Grand Prix
11,56.0,0 days 00:01:25.184000,1,True,Spanish Grand Prix
11,57.0,0 days 00:01:22.988000,1,True,Spanish Grand Prix
11,58.0,0 days 00:01:22.515000,1,True,Spanish Grand Prix
11,59.0,0 days 00:01:22.952000,1,True,Spanish Grand Prix
11,60.0,0 days 00:01:23.169000,1,True,Spanish Grand Prix
11,61.0,0 days 00:01:22.735000,1,True,Spanish Grand Prix
11,62.0,0 days 00:01:23.119000,1,True,Spanish Grand Prix
11,63.0,0 days 00:01:23.152000,1,True,Spanish Grand Prix
11,64.0,0 days 00:01:23.141000,1,True,Spanish Grand Prix
11,65.0,0 days 00:01:23.560000,1,True,Spanish Grand Prix
55,1.0,0 days 00:01:32.118000,1,False,Spanish Grand Prix
55,2.0,0 days 00:01:25.935000,1,True,Spanish Grand Prix
55,3.0,0 days 00:01:25.719000,1,True,Spanish Grand Prix
55,4.0,0 days 00:01:25.309000,1,True,Spanish Grand Prix
55,5.0,0 days 00:01:25.497000,1,True,Spanish Grand Prix
55,6.0,0 days 00:01:25.400000,1,True,Spanish Grand Prix
55,7.0,0 days 00:01:25.198000,1,True,Spanish Grand Prix
55,8.0,0 days 00:01:24.807000,1,True,Spanish Grand Prix
55,9.0,0 days 00:01:24.917000,1,True,Spanish Grand Prix
55,10.0,0 days 00:01:25.174000,1,True,Spanish Grand Prix
55,11.0,0 days 00:01:25.172000,1,True,Spanish Grand Prix
55,12.0,0 days 00:01:25.217000,1,True,Spanish Grand Prix
55,13.0,0 days 00:01:25.397000,1,True,Spanish Grand Prix
55,14.0,0 days 00:01:25.184000,1,True,Spanish Grand Prix
55,15.0,0 days 00:01:25.174000,1,True,Spanish Grand Prix
55,16.0,0 days 00:01:25.025000,1,True,Spanish Grand Prix
55,17.0,0 days 00:01:25.415000,1,True,Spanish Grand Prix
55,18.0,0 days 00:01:25.019000,1,True,Spanish Grand Prix
55,19.0,0 days 00:01:25.157000,1,True,Spanish Grand Prix
55,20.0,0 days 00:01:25.468000,1,True,Spanish Grand Prix
55,21.0,0 days 00:01:25.693000,1,True,Spanish Grand Prix
55,22.0,0 days 00:01:29.347000,1,False,Spanish Grand Prix
55,23.0,0 days 00:01:43.207000,1,False,Spanish Grand Prix
55,24.0,0 days 00:01:25.591000,1,True,Spanish Grand Prix
55,25.0,0 days 00:01:25.527000,1,True,Spanish Grand Prix
55,26.0,0 days 00:01:25.684000,1,True,Spanish Grand Prix
55,27.0,0 days 00:01:25.550000,1,True,Spanish Grand Prix
55,28.0,0 days 00:01:25.504000,1,True,Spanish Grand Prix
55,29.0,0 days 00:01:24.259000,1,True,Spanish Grand Prix
55,30.0,0 days 00:01:23.325000,1,True,Spanish Grand Prix
55,31.0,0 days 00:01:25.197000,1,True,Spanish Grand Prix
55,32.0,0 days 00:01:24.370000,1,True,Spanish Grand Prix
55,33.0,0 days 00:01:24.582000,1,True,Spanish Grand Prix
55,34.0,0 days 00:01:24.681000,1,True,Spanish Grand Prix
55,35.0,0 days 00:01:24.878000,1,True,Spanish Grand Prix
55,36.0,0 days 00:01:24.677000,1,True,Spanish Grand Prix
55,37.0,0 days 00:01:24.157000,2,True,Spanish Grand Prix
55,38.0,0 days 00:01:24.381000,1,True,Spanish Grand Prix
55,39.0,0 days 00:01:24.422000,1,True,Spanish Grand Prix
55,40.0,0 days 00:01:24.256000,1,True,Spanish Grand Prix
55,41.0,0 days 00:01:27.582000,1,False,Spanish Grand Prix
55,42.0,0 days 00:01:41,1,False,Spanish Grand Prix
55,43.0,0 days 00:01:23.129000,1,True,Spanish Grand Prix
55,44.0,0 days 00:01:23.799000,1,True,Spanish Grand Prix
55,45.0,0 days 00:01:23.323000,1,True,Spanish Grand Prix
55,46.0,0 days 00:01:23.455000,1,True,Spanish Grand Prix
55,47.0,0 days 00:01:23.142000,1,True,Spanish Grand Prix
55,48.0,0 days 00:01:23.564000,1,True,Spanish Grand Prix
55,49.0,0 days 00:01:23.089000,1,True,Spanish Grand Prix
55,50.0,0 days 00:01:23.211000,1,True,Spanish Grand Prix
55,51.0,0 days 00:01:24.418000,1,True,Spanish Grand Prix
55,52.0,0 days 00:01:22.824000,1,True,Spanish Grand Prix
55,53.0,0 days 00:01:23.001000,1,True,Spanish Grand Prix
55,54.0,0 days 00:01:22.848000,1,True,Spanish Grand Prix
55,55.0,0 days 00:01:22.803000,1,True,Spanish Grand Prix
55,56.0,0 days 00:01:22.941000,1,True,Spanish Grand Prix
55,57.0,0 days 00:01:23.086000,1,True,Spanish Grand Prix
55,58.0,0 days 00:01:23.522000,1,True,Spanish Grand Prix
55,59.0,0 days 00:01:21.771000,1,True,Spanish Grand Prix
55,60.0,0 days 00:01:22.595000,1,True,Spanish Grand Prix
55,61.0,0 days 00:01:24.513000,1,True,Spanish Grand Prix
55,62.0,0 days 00:01:22.057000,1,True,Spanish Grand Prix
55,63.0,0 days 00:01:22.438000,1,True,Spanish Grand Prix
55,64.0,0 days 00:01:22.817000,1,True,Spanish Grand Prix
55,65.0,0 days 00:01:22.527000,1,True,Spanish Grand Prix
5,1.0,0 days 00:01:34.707000,1,False,Spanish Grand Prix
5,2.0,0 days 00:01:26.962000,1,True,Spanish Grand Prix
5,3.0,0 days 00:01:25.960000,1,True,Spanish Grand Prix
5,4.0,0 days 00:01:25.915000,1,True,Spanish Grand Prix
5,5.0,0 days 00:01:26.459000,1,True,Spanish Grand Prix
5,6.0,0 days 00:01:25.719000,1,True,Spanish Grand Prix
5,7.0,0 days 00:01:25.326000,1,True,Spanish Grand Prix
5,8.0,0 days 00:01:25.600000,1,True,Spanish Grand Prix
5,9.0,0 days 00:01:25.227000,1,True,Spanish Grand Prix
5,10.0,0 days 00:01:25.530000,1,True,Spanish Grand Prix
5,11.0,0 days 00:01:25.462000,1,True,Spanish Grand Prix
5,12.0,0 days 00:01:25.393000,1,True,Spanish Grand Prix
5,13.0,0 days 00:01:25.479000,1,True,Spanish Grand Prix
5,14.0,0 days 00:01:25.395000,1,True,Spanish Grand Prix
5,15.0,0 days 00:01:25.185000,1,True,Spanish Grand Prix
5,16.0,0 days 00:01:25.084000,1,True,Spanish Grand Prix
5,17.0,0 days 00:01:25.107000,1,True,Spanish Grand Prix
5,18.0,0 days 00:01:25.529000,1,True,Spanish Grand Prix
5,19.0,0 days 00:01:25.373000,1,True,Spanish Grand Prix
5,20.0,0 days 00:01:25.512000,1,True,Spanish Grand Prix
5,21.0,0 days 00:01:25.849000,1,True,Spanish Grand Prix
5,22.0,0 days 00:01:25.985000,1,True,Spanish Grand Prix
5,23.0,0 days 00:01:25.614000,1,True,Spanish Grand Prix
5,24.0,0 days 00:01:25.479000,1,True,Spanish Grand Prix
5,25.0,0 days 00:01:25.627000,1,True,Spanish Grand Prix
5,26.0,0 days 00:01:25.612000,1,True,Spanish Grand Prix
5,27.0,0 days 00:01:25.811000,1,True,Spanish Grand Prix
5,28.0,0 days 00:01:26.157000,1,True,Spanish Grand Prix
5,29.0,0 days 00:01:30.602000,1,False,Spanish Grand Prix
5,30.0,0 days 00:01:42.640000,1,False,Spanish Grand Prix
5,31.0,0 days 00:01:24.034000,1,True,Spanish Grand Prix
5,32.0,0 days 00:01:24.197000,1,True,Spanish Grand Prix
5,33.0,0 days 00:01:24.495000,1,True,Spanish Grand Prix
5,34.0,0 days 00:01:25.133000,1,True,Spanish Grand Prix
5,35.0,0 days 00:01:24.515000,1,True,Spanish Grand Prix
5,36.0,0 days 00:01:24.298000,2,True,Spanish Grand Prix
5,37.0,0 days 00:01:24.130000,2,True,Spanish Grand Prix
5,38.0,0 days 00:01:24.019000,1,True,Spanish Grand Prix
5,39.0,0 days 00:01:23.755000,1,True,Spanish Grand Prix
5,40.0,0 days 00:01:23.764000,1,True,Spanish Grand Prix
5,41.0,0 days 00:01:24.031000,1,True,Spanish Grand Prix
5,42.0,0 days 00:01:26.151000,1,True,Spanish Grand Prix
5,43.0,0 days 00:01:23.462000,1,True,Spanish Grand Prix
5,44.0,0 days 00:01:23.975000,1,True,Spanish Grand Prix
5,45.0,0 days 00:01:24.115000,1,True,Spanish Grand Prix
5,46.0,0 days 00:01:23.581000,1,True,Spanish Grand Prix
5,47.0,0 days 00:01:23.226000,1,True,Spanish Grand Prix
5,48.0,0 days 00:01:22.707000,1,True,Spanish Grand Prix
5,49.0,0 days 00:01:23.510000,1,True,Spanish Grand Prix
5,50.0,0 days 00:01:23.319000,1,True,Spanish Grand Prix
5,51.0,0 days 00:01:23.467000,1,True,Spanish Grand Prix
5,52.0,0 days 00:01:23.356000,1,True,Spanish Grand Prix
5,53.0,0 days 00:01:25.144000,1,True,Spanish Grand Prix
5,54.0,0 days 00:01:23.434000,1,True,Spanish Grand Prix
5,55.0,0 days 00:01:23.760000,1,True,Spanish Grand Prix
5,56.0,0 days 00:01:24.557000,1,True,Spanish Grand Prix
5,57.0,0 days 00:01:23.560000,1,True,Spanish Grand Prix
5,58.0,0 days 00:01:23.695000,1,True,Spanish Grand Prix
5,59.0,0 days 00:01:25.977000,1,True,Spanish Grand Prix
5,60.0,0 days 00:01:24.140000,1,True,Spanish Grand Prix
5,61.0,0 days 00:01:24.033000,1,True,Spanish Grand Prix
5,62.0,0 days 00:01:24.787000,1,True,Spanish Grand Prix
5,63.0,0 days 00:01:24.111000,1,True,Spanish Grand Prix
5,64.0,0 days 00:01:24.407000,1,True,Spanish Grand Prix
5,65.0,0 days 00:01:24.668000,1,True,Spanish Grand Prix
23,1.0,0 days 00:01:31.211000,1,False,Spanish Grand Prix
23,2.0,0 days 00:01:25.396000,1,True,Spanish Grand Prix
23,3.0,0 days 00:01:25.241000,1,True,Spanish Grand Prix
23,4.0,0 days 00:01:25.230000,1,True,Spanish Grand Prix
23,5.0,0 days 00:01:25.347000,1,True,Spanish Grand Prix
23,6.0,0 days 00:01:25.181000,1,True,Spanish Grand Prix
23,7.0,0 days 00:01:24.986000,1,True,Spanish Grand Prix
23,8.0,0 days 00:01:24.631000,1,True,Spanish Grand Prix
23,9.0,0 days 00:01:24.749000,1,True,Spanish Grand Prix
23,10.0,0 days 00:01:24.995000,1,True,Spanish Grand Prix
23,11.0,0 days 00:01:25.653000,1,True,Spanish Grand Prix
23,12.0,0 days 00:01:25.421000,1,True,Spanish Grand Prix
23,13.0,0 days 00:01:25.276000,1,True,Spanish Grand Prix
23,14.0,0 days 00:01:25.350000,1,True,Spanish Grand Prix
23,15.0,0 days 00:01:25.469000,1,True,Spanish Grand Prix
23,16.0,0 days 00:01:25.634000,1,True,Spanish Grand Prix
23,17.0,0 days 00:01:29.223000,1,False,Spanish Grand Prix
23,18.0,0 days 00:01:43.239000,1,False,Spanish Grand Prix
23,19.0,0 days 00:01:26.070000,1,True,Spanish Grand Prix
23,20.0,0 days 00:01:25.605000,1,True,Spanish Grand Prix
23,21.0,0 days 00:01:25.185000,1,True,Spanish Grand Prix
23,22.0,0 days 00:01:25.335000,1,True,Spanish Grand Prix
23,23.0,0 days 00:01:25.304000,1,True,Spanish Grand Prix
23,24.0,0 days 00:01:25.947000,1,True,Spanish Grand Prix
23,25.0,0 days 00:01:25.388000,1,True,Spanish Grand Prix
23,26.0,0 days 00:01:25.679000,1,True,Spanish Grand Prix
23,27.0,0 days 00:01:25.619000,1,True,Spanish Grand Prix
23,28.0,0 days 00:01:25.459000,1,True,Spanish Grand Prix
23,29.0,0 days 00:01:26.442000,1,True,Spanish Grand Prix
23,30.0,0 days 00:01:25.401000,1,True,Spanish Grand Prix
23,31.0,0 days 00:01:25.182000,1,True,Spanish Grand Prix
23,32.0,0 days 00:01:25.271000,1,True,Spanish Grand Prix
23,33.0,0 days 00:01:23.688000,1,True,Spanish Grand Prix
23,34.0,0 days 00:01:24.770000,1,True,Spanish Grand Prix
23,35.0,0 days 00:01:24.945000,1,True,Spanish Grand Prix
23,36.0,0 days 00:01:24.196000,2,True,Spanish Grand Prix
23,37.0,0 days 00:01:24.201000,2,True,Spanish Grand Prix
23,38.0,0 days 00:01:24.257000,1,True,Spanish Grand Prix
23,39.0,0 days 00:01:27.959000,1,False,Spanish Grand Prix
23,40.0,0 days 00:01:40.933000,1,False,Spanish Grand Prix
23,41.0,0 days 00:01:22.194000,1,True,Spanish Grand Prix
23,42.0,0 days 00:01:24.393000,1,True,Spanish Grand Prix
23,43.0,0 days 00:01:23.007000,1,True,Spanish Grand Prix
23,44.0,0 days 00:01:23.466000,1,True,Spanish Grand Prix
23,45.0,0 days 00:01:25.256000,1,True,Spanish Grand Prix
23,46.0,0 days 00:01:23.431000,1,True,Spanish Grand Prix
23,47.0,0 days 00:01:23.563000,1,True,Spanish Grand Prix
23,48.0,0 days 00:01:22.776000,1,True,Spanish Grand Prix
23,49.0,0 days 00:01:22.994000,1,True,Spanish Grand Prix
23,50.0,0 days 00:01:23.059000,1,True,Spanish Grand Prix
23,51.0,0 days 00:01:23.402000,1,True,Spanish Grand Prix
23,52.0,0 days 00:01:22.939000,1,True,Spanish Grand Prix
23,53.0,0 days 00:01:23.053000,1,True,Spanish Grand Prix
23,54.0,0 days 00:01:23.389000,1,True,Spanish Grand Prix
23,55.0,0 days 00:01:23.149000,1,True,Spanish Grand Prix
23,56.0,0 days 00:01:23.162000,1,True,Spanish Grand Prix
23,57.0,0 days 00:01:25.165000,1,True,Spanish Grand Prix
23,58.0,0 days 00:01:22.966000,1,True,Spanish Grand Prix
23,59.0,0 days 00:01:23.124000,1,True,Spanish Grand Prix
23,60.0,0 days 00:01:23.558000,1,True,Spanish Grand Prix
23,61.0,0 days 00:01:24.826000,1,True,Spanish Grand Prix
23,62.0,0 days 00:01:23.983000,1,True,Spanish Grand Prix
23,63.0,0 days 00:01:23.998000,1,True,Spanish Grand Prix
23,64.0,0 days 00:01:24.319000,1,True,Spanish Grand Prix
23,65.0,0 days 00:01:24.768000,1,True,Spanish Grand Prix
10,1.0,0 days 00:01:32.988000,1,False,Spanish Grand Prix
10,2.0,0 days 00:01:26.105000,1,True,Spanish Grand Prix
10,3.0,0 days 00:01:25.558000,1,True,Spanish Grand Prix
10,4.0,0 days 00:01:25.436000,1,True,Spanish Grand Prix
10,5.0,0 days 00:01:25.661000,1,True,Spanish Grand Prix
10,6.0,0 days 00:01:25.235000,1,True,Spanish Grand Prix
10,7.0,0 days 00:01:25.259000,1,True,Spanish Grand Prix
10,8.0,0 days 00:01:25.035000,1,True,Spanish Grand Prix
10,9.0,0 days 00:01:25.018000,1,True,Spanish Grand Prix
10,10.0,0 days 00:01:25.160000,1,True,Spanish Grand Prix
10,11.0,0 days 00:01:25.070000,1,True,Spanish Grand Prix
10,12.0,0 days 00:01:25.267000,1,True,Spanish Grand Prix
10,13.0,0 days 00:01:25.528000,1,True,Spanish Grand Prix
10,14.0,0 days 00:01:25.362000,1,True,Spanish Grand Prix
10,15.0,0 days 00:01:25.224000,1,True,Spanish Grand Prix
10,16.0,0 days 00:01:25.100000,1,True,Spanish Grand Prix
10,17.0,0 days 00:01:25.101000,1,True,Spanish Grand Prix
10,18.0,0 days 00:01:25.539000,1,True,Spanish Grand Prix
10,19.0,0 days 00:01:25.257000,1,True,Spanish Grand Prix
10,20.0,0 days 00:01:25.816000,1,True,Spanish Grand Prix
10,21.0,0 days 00:01:29.741000,1,False,Spanish Grand Prix
10,22.0,0 days 00:01:42.503000,1,False,Spanish Grand Prix
10,23.0,0 days 00:01:24.741000,1,True,Spanish Grand Prix
10,24.0,0 days 00:01:25.358000,1,True,Spanish Grand Prix
10,25.0,0 days 00:01:25.181000,1,True,Spanish Grand Prix
10,26.0,0 days 00:01:25.624000,1,True,Spanish Grand Prix
10,27.0,0 days 00:01:25.689000,1,True,Spanish Grand Prix
10,28.0,0 days 00:01:27.302000,1,True,Spanish Grand Prix
10,29.0,0 days 00:01:24.110000,1,True,Spanish Grand Prix
10,30.0,0 days 00:01:25.370000,1,True,Spanish Grand Prix
10,31.0,0 days 00:01:25.226000,1,True,Spanish Grand Prix
10,32.0,0 days 00:01:25.221000,1,True,Spanish Grand Prix
10,33.0,0 days 00:01:25.779000,1,True,Spanish Grand Prix
10,34.0,0 days 00:01:24.031000,1,True,Spanish Grand Prix
10,35.0,0 days 00:01:24.307000,1,True,Spanish Grand Prix
10,36.0,0 days 00:01:24.147000,2,True,Spanish Grand Prix
10,37.0,0 days 00:01:23.850000,2,True,Spanish Grand Prix
10,38.0,0 days 00:01:24.159000,1,True,Spanish Grand Prix
10,39.0,0 days 00:01:24.630000,1,True,Spanish Grand Prix
10,40.0,0 days 00:01:23.082000,1,True,Spanish Grand Prix
10,41.0,0 days 00:01:24.041000,1,True,Spanish Grand Prix
10,42.0,0 days 00:01:27.358000,1,False,Spanish Grand Prix
10,43.0,0 days 00:01:42.245000,1,False,Spanish Grand Prix
10,44.0,0 days 00:01:22.543000,1,True,Spanish Grand Prix
10,45.0,0 days 00:01:23.544000,1,True,Spanish Grand Prix
10,46.0,0 days 00:01:23.637000,1,True,Spanish Grand Prix
10,47.0,0 days 00:01:23.330000,1,True,Spanish Grand Prix
10,48.0,0 days 00:01:23.356000,1,True,Spanish Grand Prix
10,49.0,0 days 00:01:23.098000,1,True,Spanish Grand Prix
10,50.0,0 days 00:01:23.838000,1,True,Spanish Grand Prix
10,51.0,0 days 00:01:22.931000,1,True,Spanish Grand Prix
10,52.0,0 days 00:01:22.599000,1,True,Spanish Grand Prix
10,53.0,0 days 00:01:22.911000,1,True,Spanish Grand Prix
10,54.0,0 days 00:01:23.164000,1,True,Spanish Grand Prix
10,55.0,0 days 00:01:22.898000,1,True,Spanish Grand Prix
10,56.0,0 days 00:01:25.021000,1,True,Spanish Grand Prix
10,57.0,0 days 00:01:22.914000,1,True,Spanish Grand Prix
10,58.0,0 days 00:01:23.372000,1,True,Spanish Grand Prix
10,59.0,0 days 00:01:23.478000,1,True,Spanish Grand Prix
10,60.0,0 days 00:01:24.873000,1,True,Spanish Grand Prix
10,61.0,0 days 00:01:23.789000,1,True,Spanish Grand Prix
10,62.0,0 days 00:01:23.571000,1,True,Spanish Grand Prix
10,63.0,0 days 00:01:23.468000,1,True,Spanish Grand Prix
10,64.0,0 days 00:01:24.302000,1,True,Spanish Grand Prix
10,65.0,0 days 00:01:24.546000,1,True,Spanish Grand Prix
4,1.0,0 days 00:01:34.173000,1,False,Spanish Grand Prix
4,2.0,0 days 00:01:26.682000,1,True,Spanish Grand Prix
4,3.0,0 days 00:01:26.038000,1,True,Spanish Grand Prix
4,4.0,0 days 00:01:25.593000,1,True,Spanish Grand Prix
4,5.0,0 days 00:01:25.967000,1,True,Spanish Grand Prix
4,6.0,0 days 00:01:26.065000,1,True,Spanish Grand Prix
4,7.0,0 days 00:01:25.453000,1,True,Spanish Grand Prix
4,8.0,0 days 00:01:25.436000,1,True,Spanish Grand Prix
4,9.0,0 days 00:01:25.374000,1,True,Spanish Grand Prix
4,10.0,0 days 00:01:25.422000,1,True,Spanish Grand Prix
4,11.0,0 days 00:01:25.173000,1,True,Spanish Grand Prix
4,12.0,0 days 00:01:25.361000,1,True,Spanish Grand Prix
4,13.0,0 days 00:01:25.263000,1,True,Spanish Grand Prix
4,14.0,0 days 00:01:25.041000,1,True,Spanish Grand Prix
4,15.0,0 days 00:01:25.249000,1,True,Spanish Grand Prix
4,16.0,0 days 00:01:24.939000,1,True,Spanish Grand Prix
4,17.0,0 days 00:01:24.752000,1,True,Spanish Grand Prix
4,18.0,0 days 00:01:25.214000,1,True,Spanish Grand Prix
4,19.0,0 days 00:01:25.011000,1,True,Spanish Grand Prix
4,20.0,0 days 00:01:24.916000,1,True,Spanish Grand Prix
4,21.0,0 days 00:01:29.205000,1,False,Spanish Grand Prix
4,22.0,0 days 00:01:42.686000,1,False,Spanish Grand Prix
4,23.0,0 days 00:01:24.810000,1,True,Spanish Grand Prix
4,24.0,0 days 00:01:25.247000,1,True,Spanish Grand Prix
4,25.0,0 days 00:01:24.992000,1,True,Spanish Grand Prix
4,26.0,0 days 00:01:25.447000,1,True,Spanish Grand Prix
4,27.0,0 days 00:01:25.455000,1,True,Spanish Grand Prix
4,28.0,0 days 00:01:26.499000,1,True,Spanish Grand Prix
4,29.0,0 days 00:01:24.859000,1,True,Spanish Grand Prix
4,30.0,0 days 00:01:25.015000,1,True,Spanish Grand Prix
4,31.0,0 days 00:01:25.085000,1,True,Spanish Grand Prix
4,32.0,0 days 00:01:25.189000,1,True,Spanish Grand Prix
4,33.0,0 days 00:01:25.686000,1,True,Spanish Grand Prix
4,34.0,0 days 00:01:26.507000,1,True,Spanish Grand Prix
4,35.0,0 days 00:01:23.330000,1,True,Spanish Grand Prix
4,36.0,0 days 00:01:23.644000,2,True,Spanish Grand Prix
4,37.0,0 days 00:01:23.734000,2,True,Spanish Grand Prix
4,38.0,0 days 00:01:24.038000,1,True,Spanish Grand Prix
4,39.0,0 days 00:01:24.047000,1,True,Spanish Grand Prix
4,40.0,0 days 00:01:23.563000,1,True,Spanish Grand Prix
4,41.0,0 days 00:01:24.031000,1,True,Spanish Grand Prix
4,42.0,0 days 00:01:24.037000,1,True,Spanish Grand Prix
4,43.0,0 days 00:01:23.111000,1,True,Spanish Grand Prix
4,44.0,0 days 00:01:26.714000,1,False,Spanish Grand Prix
4,45.0,0 days 00:01:41.429000,1,False,Spanish Grand Prix
4,46.0,0 days 00:01:23.404000,1,True,Spanish Grand Prix
4,47.0,0 days 00:01:23.401000,1,True,Spanish Grand Prix
4,48.0,0 days 00:01:23.417000,1,True,Spanish Grand Prix
4,49.0,0 days 00:01:23.232000,1,True,Spanish Grand Prix
4,50.0,0 days 00:01:23.979000,1,True,Spanish Grand Prix
4,51.0,0 days 00:01:22.894000,1,True,Spanish Grand Prix
4,52.0,0 days 00:01:23.175000,1,True,Spanish Grand Prix
4,53.0,0 days 00:01:23.131000,1,True,Spanish Grand Prix
4,54.0,0 days 00:01:22.682000,1,True,Spanish Grand Prix
4,55.0,0 days 00:01:24.977000,1,True,Spanish Grand Prix
4,56.0,0 days 00:01:22.392000,1,True,Spanish Grand Prix
4,57.0,0 days 00:01:23.203000,1,True,Spanish Grand Prix
4,58.0,0 days 00:01:23.529000,1,True,Spanish Grand Prix
4,59.0,0 days 00:01:24.952000,1,True,Spanish Grand Prix
4,60.0,0 days 00:01:23.014000,1,True,Spanish Grand Prix
4,61.0,0 days 00:01:23.869000,1,True,Spanish Grand Prix
4,62.0,0 days 00:01:23.503000,1,True,Spanish Grand Prix
4,63.0,0 days 00:01:23.310000,1,True,Spanish Grand Prix
4,64.0,0 days 00:01:24.447000,1,True,Spanish Grand Prix
4,65.0,0 days 00:01:24.161000,1,True,Spanish Grand Prix
3,1.0,0 days 00:01:35.089000,1,False,Spanish Grand Prix
3,2.0,0 days 00:01:28.222000,1,True,Spanish Grand Prix
3,3.0,0 days 00:01:26.157000,1,True,Spanish Grand Prix
3,4.0,0 days 00:01:25.905000,1,True,Spanish Grand Prix
3,5.0,0 days 00:01:26.598000,1,True,Spanish Grand Prix
3,6.0,0 days 00:01:25.747000,1,True,Spanish Grand Prix
3,7.0,0 days 00:01:25.818000,1,True,Spanish Grand Prix
3,8.0,0 days 00:01:25.949000,1,True,Spanish Grand Prix
3,9.0,0 days 00:01:26.006000,1,True,Spanish Grand Prix
3,10.0,0 days 00:01:25.632000,1,True,Spanish Grand Prix
3,11.0,0 days 00:01:25.350000,1,True,Spanish Grand Prix
3,12.0,0 days 00:01:25.060000,1,True,Spanish Grand Prix
3,13.0,0 days 00:01:25.458000,1,True,Spanish Grand Prix
3,14.0,0 days 00:01:25.601000,1,True,Spanish Grand Prix
3,15.0,0 days 00:01:25.804000,1,True,Spanish Grand Prix
3,16.0,0 days 00:01:25.492000,1,True,Spanish Grand Prix
3,17.0,0 days 00:01:25.443000,1,True,Spanish Grand Prix
3,18.0,0 days 00:01:25.359000,1,True,Spanish Grand Prix
3,19.0,0 days 00:01:25.123000,1,True,Spanish Grand Prix
3,20.0,0 days 00:01:25.553000,1,True,Spanish Grand Prix
3,21.0,0 days 00:01:26.115000,1,True,Spanish Grand Prix
3,22.0,0 days 00:01:24.630000,1,True,Spanish Grand Prix
3,23.0,0 days 00:01:25.137000,1,True,Spanish Grand Prix
3,24.0,0 days 00:01:25.005000,1,True,Spanish Grand Prix
3,25.0,0 days 00:01:25.214000,1,True,Spanish Grand Prix
3,26.0,0 days 00:01:25.269000,1,True,Spanish Grand Prix
3,27.0,0 days 00:01:25.474000,1,True,Spanish Grand Prix
3,28.0,0 days 00:01:25.594000,1,True,Spanish Grand Prix
3,29.0,0 days 00:01:27.145000,1,True,Spanish Grand Prix
3,30.0,0 days 00:01:25.040000,1,True,Spanish Grand Prix
3,31.0,0 days 00:01:25.455000,1,True,Spanish Grand Prix
3,32.0,0 days 00:01:25.482000,1,True,Spanish Grand Prix
3,33.0,0 days 00:01:25.185000,1,True,Spanish Grand Prix
3,34.0,0 days 00:01:25.299000,1,True,Spanish Grand Prix
3,35.0,0 days 00:01:29.972000,1,False,Spanish Grand Prix
3,36.0,0 days 00:01:44.384000,2,False,Spanish Grand Prix
3,37.0,0 days 00:01:26.655000,2,True,Spanish Grand Prix
3,38.0,0 days 00:01:25.005000,1,True,Spanish Grand Prix
3,39.0,0 days 00:01:24.897000,1,True,Spanish Grand Prix
3,40.0,0 days 00:01:28.239000,1,True,Spanish Grand Prix
3,41.0,0 days 00:01:24.306000,1,True,Spanish Grand Prix
3,42.0,0 days 00:01:24.610000,1,True,Spanish Grand Prix
3,43.0,0 days 00:01:24.493000,1,True,Spanish Grand Prix
3,44.0,0 days 00:01:23.990000,1,True,Spanish Grand Prix
3,45.0,0 days 00:01:24.263000,1,True,Spanish Grand Prix
3,46.0,0 days 00:01:23.446000,1,True,Spanish Grand Prix
3,47.0,0 days 00:01:23.625000,1,True,Spanish Grand Prix
3,48.0,0 days 00:01:23.025000,1,True,Spanish Grand Prix
3,49.0,0 days 00:01:22.976000,1,True,Spanish Grand Prix
3,50.0,0 days 00:01:22.843000,1,True,Spanish Grand Prix
3,51.0,0 days 00:01:22.464000,1,True,Spanish Grand Prix
3,52.0,0 days 00:01:24.511000,1,True,Spanish Grand Prix
3,53.0,0 days 00:01:22.515000,1,True,Spanish Grand Prix
3,54.0,0 days 00:01:22.595000,1,True,Spanish Grand Prix
3,55.0,0 days 00:01:22.816000,1,True,Spanish Grand Prix
3,56.0,0 days 00:01:22.795000,1,True,Spanish Grand Prix
3,57.0,0 days 00:01:24.810000,1,True,Spanish Grand Prix
3,58.0,0 days 00:01:22.760000,1,True,Spanish Grand Prix
3,59.0,0 days 00:01:22.944000,1,True,Spanish Grand Prix
3,60.0,0 days 00:01:22.861000,1,True,Spanish Grand Prix
3,61.0,0 days 00:01:22.701000,1,True,Spanish Grand Prix
3,62.0,0 days 00:01:23.710000,1,True,Spanish Grand Prix
3,63.0,0 days 00:01:23.123000,1,True,Spanish Grand Prix
3,64.0,0 days 00:01:24.095000,1,True,Spanish Grand Prix
3,65.0,0 days 00:01:24.306000,1,True,Spanish Grand Prix
26,1.0,0 days 00:01:35.427000,1,False,Spanish Grand Prix
26,2.0,0 days 00:01:27.108000,1,True,Spanish Grand Prix
26,3.0,0 days 00:01:25.954000,1,True,Spanish Grand Prix
26,4.0,0 days 00:01:25.718000,1,True,Spanish Grand Prix
26,5.0,0 days 00:01:26.721000,1,True,Spanish Grand Prix
26,6.0,0 days 00:01:25.668000,1,True,Spanish Grand Prix
26,7.0,0 days 00:01:25.483000,1,True,Spanish Grand Prix
26,8.0,0 days 00:01:25.448000,1,True,Spanish Grand Prix
26,9.0,0 days 00:01:25.387000,1,True,Spanish Grand Prix
26,10.0,0 days 00:01:25.808000,1,True,Spanish Grand Prix
26,11.0,0 days 00:01:25.165000,1,True,Spanish Grand Prix
26,12.0,0 days 00:01:25.243000,1,True,Spanish Grand Prix
26,13.0,0 days 00:01:25.420000,1,True,Spanish Grand Prix
26,14.0,0 days 00:01:25.532000,1,True,Spanish Grand Prix
26,15.0,0 days 00:01:25.249000,1,True,Spanish Grand Prix
26,16.0,0 days 00:01:25.635000,1,True,Spanish Grand Prix
26,17.0,0 days 00:01:25.703000,1,True,Spanish Grand Prix
26,18.0,0 days 00:01:25.740000,1,True,Spanish Grand Prix
26,19.0,0 days 00:01:25.630000,1,True,Spanish Grand Prix
26,20.0,0 days 00:01:26.056000,1,True,Spanish Grand Prix
26,21.0,0 days 00:01:30.029000,1,False,Spanish Grand Prix
26,22.0,0 days 00:01:44.714000,1,False,Spanish Grand Prix
26,23.0,0 days 00:01:23.233000,1,True,Spanish Grand Prix
26,24.0,0 days 00:01:23.987000,1,True,Spanish Grand Prix
26,25.0,0 days 00:01:24.676000,1,True,Spanish Grand Prix
26,26.0,0 days 00:01:24.096000,1,True,Spanish Grand Prix
26,27.0,0 days 00:01:24.007000,1,True,Spanish Grand Prix
26,28.0,0 days 00:01:24.316000,1,True,Spanish Grand Prix
26,29.0,0 days 00:01:24.328000,1,True,Spanish Grand Prix
26,30.0,0 days 00:01:25.896000,1,True,Spanish Grand Prix
26,31.0,0 days 00:01:24.861000,1,True,Spanish Grand Prix
26,32.0,0 days 00:01:25.112000,1,True,Spanish Grand Prix
26,33.0,0 days 00:01:25.177000,1,True,Spanish Grand Prix
26,34.0,0 days 00:01:26.504000,1,True,Spanish Grand Prix
26,35.0,0 days 00:01:24.867000,1,True,Spanish Grand Prix
26,36.0,0 days 00:01:24.704000,2,True,Spanish Grand Prix
26,37.0,0 days 00:01:23.772000,2,True,Spanish Grand Prix
26,38.0,0 days 00:01:23.692000,1,True,Spanish Grand Prix
26,39.0,0 days 00:01:23.652000,1,True,Spanish Grand Prix
26,40.0,0 days 00:01:24.177000,1,True,Spanish Grand Prix
26,41.0,0 days 00:01:24.260000,1,True,Spanish Grand Prix
26,42.0,0 days 00:01:24.370000,1,True,Spanish Grand Prix
26,43.0,0 days 00:01:24.211000,1,True,Spanish Grand Prix
26,44.0,0 days 00:01:25.774000,1,True,Spanish Grand Prix
26,45.0,0 days 00:01:28.586000,1,False,Spanish Grand Prix
26,46.0,0 days 00:01:41.148000,1,False,Spanish Grand Prix
26,47.0,0 days 00:01:22.336000,1,True,Spanish Grand Prix
26,48.0,0 days 00:01:22.476000,1,True,Spanish Grand Prix
26,49.0,0 days 00:01:22.977000,1,True,Spanish Grand Prix
26,50.0,0 days 00:01:23.435000,1,True,Spanish Grand Prix
26,51.0,0 days 00:01:23.896000,1,True,Spanish Grand Prix
26,52.0,0 days 00:01:22.879000,1,True,Spanish Grand Prix
26,53.0,0 days 00:01:22.740000,1,True,Spanish Grand Prix
26,54.0,0 days 00:01:23.042000,1,True,Spanish Grand Prix
26,55.0,0 days 00:01:24.640000,1,True,Spanish Grand Prix
26,56.0,0 days 00:01:22.644000,1,True,Spanish Grand Prix
26,57.0,0 days 00:01:22.993000,1,True,Spanish Grand Prix
26,58.0,0 days 00:01:22.823000,1,True,Spanish Grand Prix
26,59.0,0 days 00:01:22.815000,1,True,Spanish Grand Prix
26,60.0,0 days 00:01:22.873000,1,True,Spanish Grand Prix
26,61.0,0 days 00:01:22.695000,1,True,Spanish Grand Prix
26,62.0,0 days 00:01:23.103000,1,True,Spanish Grand Prix
26,63.0,0 days 00:01:23.250000,1,True,Spanish Grand Prix
26,64.0,0 days 00:01:23.559000,1,True,Spanish Grand Prix
26,65.0,0 days 00:01:24.578000,1,True,Spanish Grand Prix
31,1.0,0 days 00:01:37.691000,1,False,Spanish Grand Prix
31,2.0,0 days 00:01:27.756000,1,True,Spanish Grand Prix
31,3.0,0 days 00:01:27.062000,1,True,Spanish Grand Prix
31,4.0,0 days 00:01:26.003000,1,True,Spanish Grand Prix
31,5.0,0 days 00:01:26.246000,1,True,Spanish Grand Prix
31,6.0,0 days 00:01:26.062000,1,True,Spanish Grand Prix
31,7.0,0 days 00:01:26.085000,1,True,Spanish Grand Prix
31,8.0,0 days 00:01:26.015000,1,True,Spanish Grand Prix
31,9.0,0 days 00:01:25.914000,1,True,Spanish Grand Prix
31,10.0,0 days 00:01:25.926000,1,True,Spanish Grand Prix
31,11.0,0 days 00:01:25.742000,1,True,Spanish Grand Prix
31,12.0,0 days 00:01:25.643000,1,True,Spanish Grand Prix
31,13.0,0 days 00:01:25.814000,1,True,Spanish Grand Prix
31,14.0,0 days 00:01:25.917000,1,True,Spanish Grand Prix
31,15.0,0 days 00:01:25.685000,1,True,Spanish Grand Prix
31,16.0,0 days 00:01:26.126000,1,True,Spanish Grand Prix
31,17.0,0 days 00:01:25.532000,1,True,Spanish Grand Prix
31,18.0,0 days 00:01:25.812000,1,True,Spanish Grand Prix
31,19.0,0 days 00:01:26.351000,1,True,Spanish Grand Prix
31,20.0,0 days 00:01:25.429000,1,True,Spanish Grand Prix
31,21.0,0 days 00:01:25.170000,1,True,Spanish Grand Prix
31,22.0,0 days 00:01:25.400000,1,True,Spanish Grand Prix
31,23.0,0 days 00:01:25.619000,1,True,Spanish Grand Prix
31,24.0,0 days 00:01:25.892000,1,True,Spanish Grand Prix
31,25.0,0 days 00:01:25.427000,1,True,Spanish Grand Prix
31,26.0,0 days 00:01:25.641000,1,True,Spanish Grand Prix
31,27.0,0 days 00:01:25.627000,1,True,Spanish Grand Prix
31,28.0,0 days 00:01:25.135000,1,True,Spanish Grand Prix
31,29.0,0 days 00:01:25.390000,1,True,Spanish Grand Prix
31,30.0,0 days 00:01:26.752000,1,True,Spanish Grand Prix
31,31.0,0 days 00:01:25.221000,1,True,Spanish Grand Prix
31,32.0,0 days 00:01:25.348000,1,True,Spanish Grand Prix
31,33.0,0 days 00:01:26.587000,1,True,Spanish Grand Prix
31,34.0,0 days 00:01:30.189000,1,False,Spanish Grand Prix
31,35.0,0 days 00:01:44.840000,1,False,Spanish Grand Prix
31,36.0,0 days 00:01:26.429000,2,True,Spanish Grand Prix
31,37.0,0 days 00:01:24.746000,2,True,Spanish Grand Prix
31,38.0,0 days 00:01:24.692000,1,True,Spanish Grand Prix
31,39.0,0 days 00:01:24.524000,1,True,Spanish Grand Prix
31,40.0,0 days 00:01:24.817000,1,True,Spanish Grand Prix
31,41.0,0 days 00:01:25.503000,1,True,Spanish Grand Prix
31,42.0,0 days 00:01:25.019000,1,True,Spanish Grand Prix
31,43.0,0 days 00:01:25.015000,1,True,Spanish Grand Prix
31,44.0,0 days 00:01:25.600000,1,True,Spanish Grand Prix
31,45.0,0 days 00:01:26.222000,1,True,Spanish Grand Prix
31,46.0,0 days 00:01:23.775000,1,True,Spanish Grand Prix
31,47.0,0 days 00:01:23.871000,1,True,Spanish Grand Prix
31,48.0,0 days 00:01:24.401000,1,True,Spanish Grand Prix
31,49.0,0 days 00:01:23.991000,1,True,Spanish Grand Prix
31,50.0,0 days 00:01:23.579000,1,True,Spanish Grand Prix
31,51.0,0 days 00:01:23.491000,1,True,Spanish Grand Prix
31,52.0,0 days 00:01:23.708000,1,True,Spanish Grand Prix
31,53.0,0 days 00:01:23.962000,1,True,Spanish Grand Prix
31,54.0,0 days 00:01:23.426000,1,True,Spanish Grand Prix
31,55.0,0 days 00:01:23.937000,1,True,Spanish Grand Prix
31,56.0,0 days 00:01:23.674000,1,True,Spanish Grand Prix
31,57.0,0 days 00:01:22.820000,1,True,Spanish Grand Prix
31,58.0,0 days 00:01:23.239000,1,True,Spanish Grand Prix
31,59.0,0 days 00:01:23.025000,1,True,Spanish Grand Prix
31,60.0,0 days 00:01:23.023000,1,True,Spanish Grand Prix
31,61.0,0 days 00:01:22.823000,1,True,Spanish Grand Prix
31,62.0,0 days 00:01:22.786000,1,True,Spanish Grand Prix
31,63.0,0 days 00:01:22.764000,1,True,Spanish Grand Prix
31,64.0,0 days 00:01:23.122000,1,True,Spanish Grand Prix
31,65.0,0 days 00:01:22.174000,1,True,Spanish Grand Prix
7,1.0,0 days 00:01:37.063000,1,False,Spanish Grand Prix
7,2.0,0 days 00:01:27.754000,1,True,Spanish Grand Prix
7,3.0,0 days 00:01:26.782000,1,True,Spanish Grand Prix
7,4.0,0 days 00:01:25.754000,1,True,Spanish Grand Prix
7,5.0,0 days 00:01:26.228000,1,True,Spanish Grand Prix
7,6.0,0 days 00:01:26.104000,1,True,Spanish Grand Prix
7,7.0,0 days 00:01:25.983000,1,True,Spanish Grand Prix
7,8.0,0 days 00:01:26.085000,1,True,Spanish Grand Prix
7,9.0,0 days 00:01:25.876000,1,True,Spanish Grand Prix
7,10.0,0 days 00:01:26.069000,1,True,Spanish Grand Prix
7,11.0,0 days 00:01:25.713000,1,True,Spanish Grand Prix
7,12.0,0 days 00:01:25.619000,1,True,Spanish Grand Prix
7,13.0,0 days 00:01:25.768000,1,True,Spanish Grand Prix
7,14.0,0 days 00:01:26.218000,1,True,Spanish Grand Prix
7,15.0,0 days 00:01:25.842000,1,True,Spanish Grand Prix
7,16.0,0 days 00:01:25.965000,1,True,Spanish Grand Prix
7,17.0,0 days 00:01:25.511000,1,True,Spanish Grand Prix
7,18.0,0 days 00:01:26.170000,1,True,Spanish Grand Prix
7,19.0,0 days 00:01:26.364000,1,True,Spanish Grand Prix
7,20.0,0 days 00:01:32.154000,1,False,Spanish Grand Prix
7,21.0,0 days 00:01:42.682000,1,False,Spanish Grand Prix
7,22.0,0 days 00:01:23.417000,1,True,Spanish Grand Prix
7,23.0,0 days 00:01:23.929000,1,True,Spanish Grand Prix
7,24.0,0 days 00:01:25.260000,1,True,Spanish Grand Prix
7,25.0,0 days 00:01:27.322000,1,True,Spanish Grand Prix
7,26.0,0 days 00:01:24.158000,1,True,Spanish Grand Prix
7,27.0,0 days 00:01:24.619000,1,True,Spanish Grand Prix
7,28.0,0 days 00:01:24.575000,1,True,Spanish Grand Prix
7,29.0,0 days 00:01:24.810000,1,True,Spanish Grand Prix
7,30.0,0 days 00:01:25.156000,1,True,Spanish Grand Prix
7,31.0,0 days 00:01:27.329000,1,True,Spanish Grand Prix
7,32.0,0 days 00:01:23.791000,1,True,Spanish Grand Prix
7,33.0,0 days 00:01:24.480000,1,True,Spanish Grand Prix
7,34.0,0 days 00:01:24.525000,1,True,Spanish Grand Prix
7,35.0,0 days 00:01:24.963000,1,True,Spanish Grand Prix
7,36.0,0 days 00:01:26.454000,2,True,Spanish Grand Prix
7,37.0,0 days 00:01:26.951000,2,True,Spanish Grand Prix
7,38.0,0 days 00:01:25.133000,1,True,Spanish Grand Prix
7,39.0,0 days 00:01:25.031000,1,True,Spanish Grand Prix
7,40.0,0 days 00:01:27.871000,1,True,Spanish Grand Prix
7,41.0,0 days 00:01:25.351000,1,True,Spanish Grand Prix
7,42.0,0 days 00:01:25.333000,1,True,Spanish Grand Prix
7,43.0,0 days 00:01:25.342000,1,True,Spanish Grand Prix
7,44.0,0 days 00:01:29.319000,1,False,Spanish Grand Prix
7,45.0,0 days 00:01:41.351000,1,False,Spanish Grand Prix
7,46.0,0 days 00:01:22.191000,1,True,Spanish Grand Prix
7,47.0,0 days 00:01:21.888000,1,True,Spanish Grand Prix
7,48.0,0 days 00:01:23.112000,1,True,Spanish Grand Prix
7,49.0,0 days 00:01:22.382000,1,True,Spanish Grand Prix
7,50.0,0 days 00:01:23.247000,1,True,Spanish Grand Prix
7,51.0,0 days 00:01:22.927000,1,True,Spanish Grand Prix
7,52.0,0 days 00:01:22.924000,1,True,Spanish Grand Prix
7,53.0,0 days 00:01:22.921000,1,True,Spanish Grand Prix
7,54.0,0 days 00:01:23.360000,1,True,Spanish Grand Prix
7,55.0,0 days 00:01:23.444000,1,True,Spanish Grand Prix
7,56.0,0 days 00:01:23.641000,1,True,Spanish Grand Prix
7,57.0,0 days 00:01:25.165000,1,True,Spanish Grand Prix
7,58.0,0 days 00:01:22.047000,1,True,Spanish Grand Prix
7,59.0,0 days 00:01:23.088000,1,True,Spanish Grand Prix
7,60.0,0 days 00:01:22.025000,1,True,Spanish Grand Prix
7,61.0,0 days 00:01:22.422000,1,True,Spanish Grand Prix
7,62.0,0 days 00:01:22.687000,1,True,Spanish Grand Prix
7,63.0,0 days 00:01:22.858000,1,True,Spanish Grand Prix
7,64.0,0 days 00:01:22.983000,1,True,Spanish Grand Prix
7,65.0,0 days 00:01:23.196000,1,True,Spanish Grand Prix
20,1.0,0 days 00:01:36.577000,1,False,Spanish Grand Prix
20,2.0,0 days 00:01:27.659000,1,True,Spanish Grand Prix
20,3.0,0 days 00:01:26.534000,1,True,Spanish Grand Prix
20,4.0,0 days 00:01:25.872000,1,True,Spanish Grand Prix
20,5.0,0 days 00:01:26.146000,1,True,Spanish Grand Prix
20,6.0,0 days 00:01:26.010000,1,True,Spanish Grand Prix
20,7.0,0 days 00:01:25.985000,1,True,Spanish Grand Prix
20,8.0,0 days 00:01:26.126000,1,True,Spanish Grand Prix
20,9.0,0 days 00:01:25.944000,1,True,Spanish Grand Prix
20,10.0,0 days 00:01:25.929000,1,True,Spanish Grand Prix
20,11.0,0 days 00:01:25.566000,1,True,Spanish Grand Prix
20,12.0,0 days 00:01:25.743000,1,True,Spanish Grand Prix
20,13.0,0 days 00:01:25.934000,1,True,Spanish Grand Prix
20,14.0,0 days 00:01:26.026000,1,True,Spanish Grand Prix
20,15.0,0 days 00:01:25.898000,1,True,Spanish Grand Prix
20,16.0,0 days 00:01:25.702000,1,True,Spanish Grand Prix
20,17.0,0 days 00:01:25.554000,1,True,Spanish Grand Prix
20,18.0,0 days 00:01:25.839000,1,True,Spanish Grand Prix
20,19.0,0 days 00:01:25.845000,1,True,Spanish Grand Prix
20,20.0,0 days 00:01:25.794000,1,True,Spanish Grand Prix
20,21.0,0 days 00:01:25.854000,1,True,Spanish Grand Prix
20,22.0,0 days 00:01:25.901000,1,True,Spanish Grand Prix
20,23.0,0 days 00:01:25.832000,1,True,Spanish Grand Prix
20,24.0,0 days 00:01:25.749000,1,True,Spanish Grand Prix
20,25.0,0 days 00:01:25.575000,1,True,Spanish Grand Prix
20,26.0,0 days 00:01:25.596000,1,True,Spanish Grand Prix
20,27.0,0 days 00:01:25.770000,1,True,Spanish Grand Prix
20,28.0,0 days 00:01:33.003000,1,False,Spanish Grand Prix
20,29.0,0 days 00:01:45.827000,1,False,Spanish Grand Prix
20,30.0,0 days 00:01:23.846000,1,True,Spanish Grand Prix
20,31.0,0 days 00:01:24.319000,1,True,Spanish Grand Prix
20,32.0,0 days 00:01:24.439000,1,True,Spanish Grand Prix
20,33.0,0 days 00:01:24.282000,1,True,Spanish Grand Prix
20,34.0,0 days 00:01:24.688000,1,True,Spanish Grand Prix
20,35.0,0 days 00:01:25.963000,1,True,Spanish Grand Prix
20,36.0,0 days 00:01:24.755000,2,True,Spanish Grand Prix
20,37.0,0 days 00:01:26.708000,2,True,Spanish Grand Prix
20,38.0,0 days 00:01:25.565000,1,True,Spanish Grand Prix
20,39.0,0 days 00:01:24.546000,1,True,Spanish Grand Prix
20,40.0,0 days 00:01:24.848000,1,True,Spanish Grand Prix
20,41.0,0 days 00:01:24.969000,1,True,Spanish Grand Prix
20,42.0,0 days 00:01:24.731000,1,True,Spanish Grand Prix
20,43.0,0 days 00:01:25.034000,1,True,Spanish Grand Prix
20,44.0,0 days 00:01:25.383000,1,True,Spanish Grand Prix
20,45.0,0 days 00:01:24.010000,1,True,Spanish Grand Prix
20,46.0,0 days 00:01:25.846000,1,True,Spanish Grand Prix
20,47.0,0 days 00:01:24.253000,1,True,Spanish Grand Prix
20,48.0,0 days 00:01:23.956000,1,True,Spanish Grand Prix
20,49.0,0 days 00:01:25.495000,1,True,Spanish Grand Prix
20,50.0,0 days 00:01:23.935000,1,True,Spanish Grand Prix
20,51.0,0 days 00:01:23.883000,1,True,Spanish Grand Prix
20,52.0,0 days 00:01:23.944000,1,True,Spanish Grand Prix
20,53.0,0 days 00:01:23.999000,1,True,Spanish Grand Prix
20,54.0,0 days 00:01:23.758000,1,True,Spanish Grand Prix
20,55.0,0 days 00:01:24.227000,1,True,Spanish Grand Prix
20,56.0,0 days 00:01:25.883000,1,True,Spanish Grand Prix
20,57.0,0 days 00:01:24.075000,1,True,Spanish Grand Prix
20,58.0,0 days 00:01:24.267000,1,True,Spanish Grand Prix
20,59.0,0 days 00:01:24.382000,1,True,Spanish Grand Prix
20,60.0,0 days 00:01:25.281000,1,True,Spanish Grand Prix
20,61.0,0 days 00:01:24.066000,1,True,Spanish Grand Prix
20,62.0,0 days 00:01:24.008000,1,True,Spanish Grand Prix
20,63.0,0 days 00:01:23.837000,1,True,Spanish Grand Prix
20,64.0,0 days 00:01:23.474000,1,True,Spanish Grand Prix
20,65.0,0 days 00:01:23.925000,1,True,Spanish Grand Prix
99,1.0,0 days 00:01:39.048000,1,False,Spanish Grand Prix
99,2.0,0 days 00:01:28.572000,1,True,Spanish Grand Prix
99,3.0,0 days 00:01:27.417000,1,True,Spanish Grand Prix
99,4.0,0 days 00:01:26.551000,1,True,Spanish Grand Prix
99,5.0,0 days 00:01:26.812000,1,True,Spanish Grand Prix
99,6.0,0 days 00:01:26.529000,1,True,Spanish Grand Prix
99,7.0,0 days 00:01:26.295000,1,True,Spanish Grand Prix
99,8.0,0 days 00:01:26.397000,1,True,Spanish Grand Prix
99,9.0,0 days 00:01:26.061000,1,True,Spanish Grand Prix
99,10.0,0 days 00:01:26.236000,1,True,Spanish Grand Prix
99,11.0,0 days 00:01:26.182000,1,True,Spanish Grand Prix
99,12.0,0 days 00:01:26.115000,1,True,Spanish Grand Prix
99,13.0,0 days 00:01:25.990000,1,True,Spanish Grand Prix
99,14.0,0 days 00:01:26.159000,1,True,Spanish Grand Prix
99,15.0,0 days 00:01:26.019000,1,True,Spanish Grand Prix
99,16.0,0 days 00:01:26.203000,1,True,Spanish Grand Prix
99,17.0,0 days 00:01:26.227000,1,True,Spanish Grand Prix
99,18.0,0 days 00:01:26.143000,1,True,Spanish Grand Prix
99,19.0,0 days 00:01:26.496000,1,True,Spanish Grand Prix
99,20.0,0 days 00:01:26.609000,1,True,Spanish Grand Prix
99,21.0,0 days 00:01:30.247000,1,False,Spanish Grand Prix
99,22.0,0 days 00:01:42.797000,1,False,Spanish Grand Prix
99,23.0,0 days 00:01:23.614000,1,True,Spanish Grand Prix
99,24.0,0 days 00:01:23.946000,1,True,Spanish Grand Prix
99,25.0,0 days 00:01:24.157000,1,True,Spanish Grand Prix
99,26.0,0 days 00:01:24.603000,1,True,Spanish Grand Prix
99,27.0,0 days 00:01:26.594000,1,True,Spanish Grand Prix
99,28.0,0 days 00:01:24.395000,1,True,Spanish Grand Prix
99,29.0,0 days 00:01:24.637000,1,True,Spanish Grand Prix
99,30.0,0 days 00:01:24.386000,1,True,Spanish Grand Prix
99,31.0,0 days 00:01:24.710000,1,True,Spanish Grand Prix
99,32.0,0 days 00:01:24.589000,1,True,Spanish Grand Prix
99,33.0,0 days 00:01:24.105000,1,True,Spanish Grand Prix
99,34.0,0 days 00:01:24.661000,1,True,Spanish Grand Prix
99,35.0,0 days 00:01:26.546000,1,True,Spanish Grand Prix
99,36.0,0 days 00:01:24.876000,2,True,Spanish Grand Prix
99,37.0,0 days 00:01:24.795000,2,True,Spanish Grand Prix
99,38.0,0 days 00:01:25.099000,1,True,Spanish Grand Prix
99,39.0,0 days 00:01:27.331000,1,True,Spanish Grand Prix
99,40.0,0 days 00:01:24.985000,1,True,Spanish Grand Prix
99,41.0,0 days 00:01:27.515000,1,True,Spanish Grand Prix
99,42.0,0 days 00:01:25.121000,1,True,Spanish Grand Prix
99,43.0,0 days 00:01:25.078000,1,True,Spanish Grand Prix
99,44.0,0 days 00:01:25.259000,1,True,Spanish Grand Prix
99,45.0,0 days 00:01:30.045000,1,False,Spanish Grand Prix
99,46.0,0 days 00:01:40.982000,1,False,Spanish Grand Prix
99,47.0,0 days 00:01:21.801000,1,True,Spanish Grand Prix
99,48.0,0 days 00:01:22.614000,1,True,Spanish Grand Prix
99,49.0,0 days 00:01:22.460000,1,True,Spanish Grand Prix
99,50.0,0 days 00:01:22.719000,1,True,Spanish Grand Prix
99,51.0,0 days 00:01:22.663000,1,True,Spanish Grand Prix
99,52.0,0 days 00:01:23.133000,1,True,Spanish Grand Prix
99,53.0,0 days 00:01:23.104000,1,True,Spanish Grand Prix
99,54.0,0 days 00:01:23.201000,1,True,Spanish Grand Prix
99,55.0,0 days 00:01:22.961000,1,True,Spanish Grand Prix
99,56.0,0 days 00:01:23.198000,1,True,Spanish Grand Prix
99,57.0,0 days 00:01:23.166000,1,True,Spanish Grand Prix
99,58.0,0 days 00:01:23.572000,1,True,Spanish Grand Prix
99,59.0,0 days 00:01:23.844000,1,True,Spanish Grand Prix
99,60.0,0 days 00:01:23.931000,1,True,Spanish Grand Prix
99,61.0,0 days 00:01:22.504000,1,True,Spanish Grand Prix
99,62.0,0 days 00:01:23.060000,1,True,Spanish Grand Prix
99,63.0,0 days 00:01:23.251000,1,True,Spanish Grand Prix
99,64.0,0 days 00:01:23.160000,1,True,Spanish Grand Prix
99,65.0,0 days 00:01:23.593000,1,True,Spanish Grand Prix
63,1.0,0 days 00:01:38.758000,1,False,Spanish Grand Prix
63,2.0,0 days 00:01:28.166000,1,True,Spanish Grand Prix
63,3.0,0 days 00:01:27.264000,1,True,Spanish Grand Prix
63,4.0,0 days 00:01:26.168000,1,True,Spanish Grand Prix
63,5.0,0 days 00:01:25.663000,1,True,Spanish Grand Prix
63,6.0,0 days 00:01:26.025000,1,True,Spanish Grand Prix
63,7.0,0 days 00:01:26.163000,1,True,Spanish Grand Prix
63,8.0,0 days 00:01:26.147000,1,True,Spanish Grand Prix
63,9.0,0 days 00:01:26.308000,1,True,Spanish Grand Prix
63,10.0,0 days 00:01:26.112000,1,True,Spanish Grand Prix
63,11.0,0 days 00:01:26.061000,1,True,Spanish Grand Prix
63,12.0,0 days 00:01:25.828000,1,True,Spanish Grand Prix
63,13.0,0 days 00:01:26.111000,1,True,Spanish Grand Prix
63,14.0,0 days 00:01:26.309000,1,True,Spanish Grand Prix
63,15.0,0 days 00:01:25.609000,1,True,Spanish Grand Prix
63,16.0,0 days 00:01:25.839000,1,True,Spanish Grand Prix
63,17.0,0 days 00:01:25.699000,1,True,Spanish Grand Prix
63,18.0,0 days 00:01:26.506000,1,True,Spanish Grand Prix
63,19.0,0 days 00:01:29.470000,1,False,Spanish Grand Prix
63,20.0,0 days 00:01:42.091000,1,False,Spanish Grand Prix
63,21.0,0 days 00:01:23.576000,1,True,Spanish Grand Prix
63,22.0,0 days 00:01:23.916000,1,True,Spanish Grand Prix
63,23.0,0 days 00:01:24.064000,1,True,Spanish Grand Prix
63,24.0,0 days 00:01:25.805000,1,True,Spanish Grand Prix
63,25.0,0 days 00:01:24.729000,1,True,Spanish Grand Prix
63,26.0,0 days 00:01:25.444000,1,True,Spanish Grand Prix
63,27.0,0 days 00:01:25.047000,1,True,Spanish Grand Prix
63,28.0,0 days 00:01:24.956000,1,True,Spanish Grand Prix
63,29.0,0 days 00:01:24.753000,1,True,Spanish Grand Prix
63,30.0,0 days 00:01:25.460000,1,True,Spanish Grand Prix
63,31.0,0 days 00:01:24.840000,1,True,Spanish Grand Prix
63,32.0,0 days 00:01:25.051000,1,True,Spanish Grand Prix
63,33.0,0 days 00:01:24.893000,1,True,Spanish Grand Prix
63,34.0,0 days 00:01:24.859000,1,True,Spanish Grand Prix
63,35.0,0 days 00:01:27.956000,1,False,Spanish Grand Prix
63,36.0,0 days 00:01:40.624000,2,False,Spanish Grand Prix
63,37.0,0 days 00:01:22.503000,2,True,Spanish Grand Prix
63,38.0,0 days 00:01:23.157000,1,True,Spanish Grand Prix
63,39.0,0 days 00:01:24.738000,1,True,Spanish Grand Prix
63,40.0,0 days 00:01:25.260000,1,True,Spanish Grand Prix
63,41.0,0 days 00:01:24.938000,1,True,Spanish Grand Prix
63,42.0,0 days 00:01:24.701000,1,True,Spanish Grand Prix
63,43.0,0 days 00:01:25.461000,1,True,Spanish Grand Prix
63,44.0,0 days 00:01:26.257000,1,True,Spanish Grand Prix
63,45.0,0 days 00:01:25.058000,1,True,Spanish Grand Prix
63,46.0,0 days 00:01:23.843000,1,True,Spanish Grand Prix
63,47.0,0 days 00:01:24.522000,1,True,Spanish Grand Prix
63,48.0,0 days 00:01:24.294000,1,True,Spanish Grand Prix
63,49.0,0 days 00:01:24.016000,1,True,Spanish Grand Prix
63,50.0,0 days 00:01:24.058000,1,True,Spanish Grand Prix
63,51.0,0 days 00:01:23.775000,1,True,Spanish Grand Prix
63,52.0,0 days 00:01:24.008000,1,True,Spanish Grand Prix
63,53.0,0 days 00:01:24.424000,1,True,Spanish Grand Prix
63,54.0,0 days 00:01:23.863000,1,True,Spanish Grand Prix
63,55.0,0 days 00:01:24.245000,1,True,Spanish Grand Prix
63,56.0,0 days 00:01:24.022000,1,True,Spanish Grand Prix
63,57.0,0 days 00:01:25.274000,1,True,Spanish Grand Prix
63,58.0,0 days 00:01:25.234000,1,True,Spanish Grand Prix
63,59.0,0 days 00:01:24.412000,1,True,Spanish Grand Prix
63,60.0,0 days 00:01:24.478000,1,True,Spanish Grand Prix
63,61.0,0 days 00:01:25.649000,1,True,Spanish Grand Prix
63,62.0,0 days 00:01:24.923000,1,True,Spanish Grand Prix
63,63.0,0 days 00:01:24.724000,1,True,Spanish Grand Prix
63,64.0,0 days 00:01:24.890000,1,True,Spanish Grand Prix
63,65.0,0 days 00:01:25.659000,1,True,Spanish Grand Prix
6,1.0,0 days 00:01:39.559000,1,False,Spanish Grand Prix
6,2.0,0 days 00:01:29.197000,1,True,Spanish Grand Prix
6,3.0,0 days 00:01:27.177000,1,True,Spanish Grand Prix
6,4.0,0 days 00:01:27.476000,1,True,Spanish Grand Prix
6,5.0,0 days 00:01:27.348000,1,True,Spanish Grand Prix
6,6.0,0 days 00:01:27.676000,1,True,Spanish Grand Prix
6,7.0,0 days 00:01:26.775000,1,True,Spanish Grand Prix
6,8.0,0 days 00:01:26.210000,1,True,Spanish Grand Prix
6,9.0,0 days 00:01:26.467000,1,True,Spanish Grand Prix
6,10.0,0 days 00:01:26.808000,1,True,Spanish Grand Prix
6,11.0,0 days 00:01:26.626000,1,True,Spanish Grand Prix
6,12.0,0 days 00:01:26.325000,1,True,Spanish Grand Prix
6,13.0,0 days 00:01:26.067000,1,True,Spanish Grand Prix
6,14.0,0 days 00:01:26.150000,1,True,Spanish Grand Prix
6,15.0,0 days 00:01:26.112000,1,True,Spanish Grand Prix
6,16.0,0 days 00:01:25.820000,1,True,Spanish Grand Prix
6,17.0,0 days 00:01:25.911000,1,True,Spanish Grand Prix
6,18.0,0 days 00:01:26.048000,1,True,Spanish Grand Prix
6,19.0,0 days 00:01:26.108000,1,True,Spanish Grand Prix
6,20.0,0 days 00:01:26.014000,1,True,Spanish Grand Prix
6,21.0,0 days 00:01:26.284000,1,True,Spanish Grand Prix
6,22.0,0 days 00:01:26.415000,1,True,Spanish Grand Prix
6,23.0,0 days 00:01:27.576000,1,True,Spanish Grand Prix
6,24.0,0 days 00:01:27.235000,1,True,Spanish Grand Prix
6,25.0,0 days 00:01:27.954000,1,True,Spanish Grand Prix
6,26.0,0 days 00:01:28.389000,1,True,Spanish Grand Prix
6,27.0,0 days 00:01:27.915000,1,True,Spanish Grand Prix
6,28.0,0 days 00:01:32.945000,1,False,Spanish Grand Prix
6,29.0,0 days 00:01:42.684000,1,False,Spanish Grand Prix
6,30.0,0 days 00:01:22.825000,1,True,Spanish Grand Prix
6,31.0,0 days 00:01:23.461000,1,True,Spanish Grand Prix
6,32.0,0 days 00:01:24.172000,1,True,Spanish Grand Prix
6,33.0,0 days 00:01:25.634000,1,True,Spanish Grand Prix
6,34.0,0 days 00:01:24.634000,1,True,Spanish Grand Prix
6,35.0,0 days 00:01:24.405000,1,True,Spanish Grand Prix
6,36.0,0 days 00:01:24.335000,2,True,Spanish Grand Prix
6,37.0,0 days 00:01:24.077000,1,True,Spanish Grand Prix
6,38.0,0 days 00:01:24.496000,1,True,Spanish Grand Prix
6,39.0,0 days 00:01:24.621000,1,True,Spanish Grand Prix
6,40.0,0 days 00:01:23.981000,1,True,Spanish Grand Prix
6,41.0,0 days 00:01:24.459000,1,True,Spanish Grand Prix
6,42.0,0 days 00:01:24.403000,1,True,Spanish Grand Prix
6,43.0,0 days 00:01:24.540000,1,True,Spanish Grand Prix
6,44.0,0 days 00:01:25.052000,1,True,Spanish Grand Prix
6,45.0,0 days 00:01:23.911000,1,True,Spanish Grand Prix
6,46.0,0 days 00:01:23.794000,1,True,Spanish Grand Prix
6,47.0,0 days 00:01:23.699000,1,True,Spanish Grand Prix
6,48.0,0 days 00:01:25.181000,1,True,Spanish Grand Prix
6,49.0,0 days 00:01:29.352000,1,False,Spanish Grand Prix
6,50.0,0 days 00:01:41.488000,1,False,Spanish Grand Prix
6,51.0,0 days 00:01:22.384000,1,True,Spanish Grand Prix
6,52.0,0 days 00:01:23.014000,1,True,Spanish Grand Prix
6,53.0,0 days 00:01:22.937000,1,True,Spanish Grand Prix
6,54.0,0 days 00:01:22.882000,1,True,Spanish Grand Prix
6,55.0,0 days 00:01:22.901000,1,True,Spanish Grand Prix
6,56.0,0 days 00:01:23.194000,1,True,Spanish Grand Prix
6,57.0,0 days 00:01:22.590000,1,True,Spanish Grand Prix
6,58.0,0 days 00:01:22.741000,1,True,Spanish Grand Prix
6,59.0,0 days 00:01:22.491000,1,True,Spanish Grand Prix
6,60.0,0 days 00:01:22.030000,1,True,Spanish Grand Prix
6,61.0,0 days 00:01:22.422000,1,True,Spanish Grand Prix
6,62.0,0 days 00:01:22.909000,1,True,Spanish Grand Prix
6,63.0,0 days 00:01:23.479000,1,True,Spanish Grand Prix
6,64.0,0 days 00:01:25.532000,1,True,Spanish Grand Prix
8,1.0,0 days 00:01:38.499000,1,False,Spanish Grand Prix
8,2.0,0 days 00:01:27.730000,1,True,Spanish Grand Prix
8,3.0,0 days 00:01:27.276000,1,True,Spanish Grand Prix
8,4.0,0 days 00:01:26.333000,1,True,Spanish Grand Prix
8,5.0,0 days 00:01:27.526000,1,True,Spanish Grand Prix
8,6.0,0 days 00:01:26.346000,1,True,Spanish Grand Prix
8,7.0,0 days 00:01:26.635000,1,True,Spanish Grand Prix
8,8.0,0 days 00:01:26.377000,1,True,Spanish Grand Prix
8,9.0,0 days 00:01:25.818000,1,True,Spanish Grand Prix
8,10.0,0 days 00:01:25.921000,1,True,Spanish Grand Prix
8,11.0,0 days 00:01:26.252000,1,True,Spanish Grand Prix
8,12.0,0 days 00:01:25.830000,1,True,Spanish Grand Prix
8,13.0,0 days 00:01:26.015000,1,True,Spanish Grand Prix
8,14.0,0 days 00:01:25.999000,1,True,Spanish Grand Prix
8,15.0,0 days 00:01:26.037000,1,True,Spanish Grand Prix
8,16.0,0 days 00:01:26.133000,1,True,Spanish Grand Prix
8,17.0,0 days 00:01:25.962000,1,True,Spanish Grand Prix
8,18.0,0 days 00:01:26.398000,1,True,Spanish Grand Prix
8,19.0,0 days 00:01:26.001000,1,True,Spanish Grand Prix
8,20.0,0 days 00:01:26.162000,1,True,Spanish Grand Prix
8,21.0,0 days 00:01:26.031000,1,True,Spanish Grand Prix
8,22.0,0 days 00:01:26.972000,1,True,Spanish Grand Prix
8,23.0,0 days 00:01:26.063000,1,True,Spanish Grand Prix
8,24.0,0 days 00:01:25.936000,1,True,Spanish Grand Prix
8,25.0,0 days 00:01:26.193000,1,True,Spanish Grand Prix
8,26.0,0 days 00:01:27.252000,1,True,Spanish Grand Prix
8,27.0,0 days 00:01:26.035000,1,True,Spanish Grand Prix
8,28.0,0 days 00:01:26.681000,1,True,Spanish Grand Prix
8,29.0,0 days 00:01:26.034000,1,True,Spanish Grand Prix
8,30.0,0 days 00:01:27.232000,1,True,Spanish Grand Prix
8,31.0,0 days 00:01:28.150000,1,True,Spanish Grand Prix
8,32.0,0 days 00:01:31.836000,1,False,Spanish Grand Prix
8,33.0,0 days 00:01:44.068000,1,False,Spanish Grand Prix
8,34.0,0 days 00:01:23.361000,1,True,Spanish Grand Prix
8,35.0,0 days 00:01:23.569000,1,True,Spanish Grand Prix
8,36.0,0 days 00:01:24.344000,2,True,Spanish Grand Prix
8,37.0,0 days 00:01:23.340000,2,True,Spanish Grand Prix
8,38.0,0 days 00:01:23.619000,1,True,Spanish Grand Prix
8,39.0,0 days 00:01:23.509000,1,True,Spanish Grand Prix
8,40.0,0 days 00:01:23.714000,1,True,Spanish Grand Prix
8,41.0,0 days 00:01:23.837000,1,True,Spanish Grand Prix
8,42.0,0 days 00:01:23.877000,1,True,Spanish Grand Prix
8,43.0,0 days 00:01:25.595000,1,True,Spanish Grand Prix
8,44.0,0 days 00:01:24.409000,1,True,Spanish Grand Prix
8,45.0,0 days 00:01:24.657000,1,True,Spanish Grand Prix
8,46.0,0 days 00:01:24.599000,1,True,Spanish Grand Prix
8,47.0,0 days 00:01:23.851000,1,True,Spanish Grand Prix
8,48.0,0 days 00:01:24.338000,1,True,Spanish Grand Prix
8,49.0,0 days 00:01:24.178000,1,True,Spanish Grand Prix
8,50.0,0 days 00:01:23.880000,1,True,Spanish Grand Prix
8,51.0,0 days 00:01:24.878000,1,True,Spanish Grand Prix
8,52.0,0 days 00:01:23.721000,1,True,Spanish Grand Prix
8,53.0,0 days 00:01:23.543000,1,True,Spanish Grand Prix
8,54.0,0 days 00:01:24.251000,1,True,Spanish Grand Prix
8,55.0,0 days 00:01:25.197000,1,True,Spanish Grand Prix
8,56.0,0 days 00:01:23.739000,1,True,Spanish Grand Prix
8,57.0,0 days 00:01:24.637000,1,True,Spanish Grand Prix
8,58.0,0 days 00:01:24.757000,1,True,Spanish Grand Prix
8,59.0,0 days 00:01:26.454000,1,True,Spanish Grand Prix
8,60.0,0 days 00:01:24.419000,1,True,Spanish Grand Prix
8,61.0,0 days 00:01:24.274000,1,True,Spanish Grand Prix
8,62.0,0 days 00:01:33.951000,1,False,Spanish Grand Prix
8,63.0,0 days 00:01:54.308000,1,False,Spanish Grand Prix
8,64.0,0 days 00:01:20.409000,1,True,Spanish Grand Prix
16,1.0,0 days 00:01:33.402000,1,False,Spanish Grand Prix
16,2.0,0 days 00:01:26.359000,1,True,Spanish Grand Prix
16,3.0,0 days 00:01:25.640000,1,True,Spanish Grand Prix
16,4.0,0 days 00:01:25.322000,1,True,Spanish Grand Prix
16,5.0,0 days 00:01:25.967000,1,True,Spanish Grand Prix
16,6.0,0 days 00:01:25.211000,1,True,Spanish Grand Prix
16,7.0,0 days 00:01:25.418000,1,True,Spanish Grand Prix
16,8.0,0 days 00:01:25.228000,1,True,Spanish Grand Prix
16,9.0,0 days 00:01:25.309000,1,True,Spanish Grand Prix
16,10.0,0 days 00:01:25.105000,1,True,Spanish Grand Prix
16,11.0,0 days 00:01:25.075000,1,True,Spanish Grand Prix
16,12.0,0 days 00:01:24.932000,1,True,Spanish Grand Prix
16,13.0,0 days 00:01:25.489000,1,True,Spanish Grand Prix
16,14.0,0 days 00:01:25.774000,1,True,Spanish Grand Prix
16,15.0,0 days 00:01:25.289000,1,True,Spanish Grand Prix
16,16.0,0 days 00:01:24.873000,1,True,Spanish Grand Prix
16,17.0,0 days 00:01:25.014000,1,True,Spanish Grand Prix
16,18.0,0 days 00:01:25.423000,1,True,Spanish Grand Prix
16,19.0,0 days 00:01:24.983000,1,True,Spanish Grand Prix
16,20.0,0 days 00:01:25.573000,1,True,Spanish Grand Prix
16,21.0,0 days 00:01:26.542000,1,True,Spanish Grand Prix
16,22.0,0 days 00:01:24.914000,1,True,Spanish Grand Prix
16,23.0,0 days 00:01:25.188000,1,True,Spanish Grand Prix
16,24.0,0 days 00:01:24.961000,1,True,Spanish Grand Prix
16,25.0,0 days 00:01:25.098000,1,True,Spanish Grand Prix
16,26.0,0 days 00:01:25.363000,1,True,Spanish Grand Prix
16,27.0,0 days 00:01:25.712000,1,True,Spanish Grand Prix
16,28.0,0 days 00:01:25.728000,1,True,Spanish Grand Prix
16,29.0,0 days 00:01:29.966000,1,False,Spanish Grand Prix
16,30.0,0 days 00:01:43.130000,1,False,Spanish Grand Prix
16,31.0,0 days 00:01:24.894000,1,True,Spanish Grand Prix
16,32.0,0 days 00:01:25.198000,1,True,Spanish Grand Prix
16,33.0,0 days 00:01:25.567000,1,True,Spanish Grand Prix
16,34.0,0 days 00:01:26.774000,1,True,Spanish Grand Prix
16,35.0,0 days 00:01:23.968000,1,True,Spanish Grand Prix
16,36.0,0 days 00:02:12.577000,2,True,Spanish Grand Prix
16,37.0,0 days 00:01:33.153000,1,True,Spanish Grand Prix
16,38.0,0 days 00:01:27.517000,1,False,Spanish Grand Prix
10,1.0,0 days 00:01:59.301000,1,False,Belgian Grand Prix
10,2.0,0 days 00:01:52.409000,1,True,Belgian Grand Prix
10,3.0,0 days 00:01:51.368000,1,True,Belgian Grand Prix
10,4.0,0 days 00:01:51.903000,1,True,Belgian Grand Prix
10,5.0,0 days 00:01:51.803000,1,True,Belgian Grand Prix
10,6.0,0 days 00:01:51.629000,1,True,Belgian Grand Prix
10,7.0,0 days 00:01:51.773000,1,True,Belgian Grand Prix
10,8.0,0 days 00:01:51.915000,1,True,Belgian Grand Prix
10,9.0,0 days 00:01:51.679000,1,True,Belgian Grand Prix
10,10.0,0 days 00:01:52.989000,24,False,Belgian Grand Prix
10,11.0,,4,False,Belgian Grand Prix
10,12.0,,4,False,Belgian Grand Prix
10,13.0,,4,False,Belgian Grand Prix
10,14.0,,4,False,Belgian Grand Prix
10,15.0,0 days 00:01:51.631000,1,False,Belgian Grand Prix
10,16.0,0 days 00:01:50.314000,1,True,Belgian Grand Prix
10,17.0,0 days 00:01:50.343000,1,True,Belgian Grand Prix
10,18.0,0 days 00:01:50.295000,1,True,Belgian Grand Prix
10,19.0,0 days 00:01:50.780000,1,True,Belgian Grand Prix
10,20.0,0 days 00:01:50.575000,1,True,Belgian Grand Prix
10,21.0,0 days 00:01:51.698000,1,True,Belgian Grand Prix
10,22.0,0 days 00:01:50.405000,1,True,Belgian Grand Prix
10,23.0,0 days 00:01:50.498000,1,True,Belgian Grand Prix
10,24.0,0 days 00:01:51.730000,1,True,Belgian Grand Prix
10,25.0,0 days 00:01:50.768000,1,True,Belgian Grand Prix
10,26.0,0 days 00:01:55.857000,1,False,Belgian Grand Prix
10,27.0,0 days 00:02:02.065000,1,False,Belgian Grand Prix
10,28.0,0 days 00:01:48.381000,1,True,Belgian Grand Prix
10,29.0,0 days 00:01:47.839000,1,True,Belgian Grand Prix
10,30.0,0 days 00:01:48.021000,1,True,Belgian Grand Prix
10,31.0,0 days 00:01:48.473000,1,True,Belgian Grand Prix
10,32.0,0 days 00:01:48.603000,1,True,Belgian Grand Prix
10,33.0,0 days 00:01:49.098000,1,True,Belgian Grand Prix
10,34.0,0 days 00:01:48.898000,1,True,Belgian Grand Prix
10,35.0,0 days 00:01:49.862000,1,True,Belgian Grand Prix
10,36.0,0 days 00:01:50.535000,1,True,Belgian Grand Prix
10,37.0,0 days 00:01:48.572000,1,True,Belgian Grand Prix
10,38.0,0 days 00:01:48.626000,1,True,Belgian Grand Prix
10,39.0,0 days 00:01:48.683000,1,True,Belgian Grand Prix
10,40.0,0 days 00:01:48.103000,1,True,Belgian Grand Prix
10,41.0,0 days 00:01:48.360000,1,True,Belgian Grand Prix
10,42.0,0 days 00:01:49.607000,1,True,Belgian Grand Prix
10,43.0,0 days 00:01:47.844000,1,True,Belgian Grand Prix
10,44.0,0 days 00:01:48.313000,2,True,Belgian Grand Prix
11,1.0,0 days 00:01:59.136000,1,False,Belgian Grand Prix
11,2.0,0 days 00:01:53.617000,1,True,Belgian Grand Prix
11,3.0,0 days 00:01:52.338000,1,True,Belgian Grand Prix
11,4.0,0 days 00:01:51.241000,1,True,Belgian Grand Prix
11,5.0,0 days 00:01:51.689000,1,True,Belgian Grand Prix
11,6.0,0 days 00:01:51.716000,1,True,Belgian Grand Prix
11,7.0,0 days 00:01:51.666000,1,True,Belgian Grand Prix
11,8.0,0 days 00:01:51.890000,1,True,Belgian Grand Prix
11,9.0,0 days 00:01:51.828000,1,True,Belgian Grand Prix
11,10.0,0 days 00:01:53.804000,24,False,Belgian Grand Prix
11,11.0,,4,False,Belgian Grand Prix
11,12.0,,4,False,Belgian Grand Prix
11,13.0,,4,False,Belgian Grand Prix
11,14.0,,4,False,Belgian Grand Prix
11,15.0,0 days 00:01:52.115000,1,False,Belgian Grand Prix
11,16.0,0 days 00:01:51.223000,1,True,Belgian Grand Prix
11,17.0,0 days 00:01:52.654000,1,True,Belgian Grand Prix
11,18.0,0 days 00:01:55.861000,1,False,Belgian Grand Prix
11,19.0,0 days 00:02:02.109000,1,False,Belgian Grand Prix
11,20.0,0 days 00:01:48.389000,1,True,Belgian Grand Prix
11,21.0,0 days 00:01:48.855000,1,True,Belgian Grand Prix
11,22.0,0 days 00:01:50.225000,1,True,Belgian Grand Prix
11,23.0,0 days 00:01:49.702000,1,True,Belgian Grand Prix
11,24.0,0 days 00:01:48.885000,1,True,Belgian Grand Prix
11,25.0,0 days 00:01:50.529000,1,True,Belgian Grand Prix
11,26.0,0 days 00:01:48.541000,1,True,Belgian Grand Prix
11,27.0,0 days 00:01:48.984000,1,True,Belgian Grand Prix
11,28.0,0 days 00:01:49.793000,1,True,Belgian Grand Prix
11,29.0,0 days 00:01:48.995000,1,True,Belgian Grand Prix
11,30.0,0 days 00:01:49.151000,1,True,Belgian Grand Prix
11,31.0,0 days 00:01:49.725000,1,True,Belgian Grand Prix
11,32.0,0 days 00:01:50.143000,1,True,Belgian Grand Prix
11,33.0,0 days 00:01:49.305000,1,True,Belgian Grand Prix
11,34.0,0 days 00:01:49.587000,1,True,Belgian Grand Prix
11,35.0,0 days 00:01:50.483000,1,True,Belgian Grand Prix
11,36.0,0 days 00:01:49.097000,1,True,Belgian Grand Prix
11,37.0,0 days 00:01:48.985000,1,True,Belgian Grand Prix
11,38.0,0 days 00:01:49.119000,1,True,Belgian Grand Prix
11,39.0,0 days 00:01:48.962000,1,True,Belgian Grand Prix
11,40.0,0 days 00:01:50.588000,1,True,Belgian Grand Prix
11,41.0,0 days 00:01:49.004000,1,True,Belgian Grand Prix
11,42.0,0 days 00:01:49.381000,1,True,Belgian Grand Prix
11,43.0,0 days 00:01:49.729000,1,True,Belgian Grand Prix
11,44.0,0 days 00:01:50.190000,2,True,Belgian Grand Prix
16,1.0,0 days 00:01:58.759000,1,False,Belgian Grand Prix
16,2.0,0 days 00:01:52.230000,1,True,Belgian Grand Prix
16,3.0,0 days 00:01:53.360000,1,True,Belgian Grand Prix
16,4.0,0 days 00:01:53.023000,1,True,Belgian Grand Prix
16,5.0,0 days 00:01:52.563000,1,True,Belgian Grand Prix
16,6.0,0 days 00:01:54.119000,1,True,Belgian Grand Prix
16,7.0,0 days 00:01:53.234000,1,True,Belgian Grand Prix
16,8.0,0 days 00:01:51.775000,1,True,Belgian Grand Prix
16,9.0,0 days 00:01:52.096000,1,True,Belgian Grand Prix
16,10.0,0 days 00:02:01.597000,24,False,Belgian Grand Prix
16,11.0,,4,False,Belgian Grand Prix
16,12.0,,4,False,Belgian Grand Prix
16,13.0,,4,False,Belgian Grand Prix
16,14.0,,4,False,Belgian Grand Prix
16,15.0,0 days 00:01:52.491000,1,False,Belgian Grand Prix
16,16.0,0 days 00:01:52.219000,1,True,Belgian Grand Prix
16,17.0,0 days 00:01:51.715000,1,True,Belgian Grand Prix
16,18.0,0 days 00:01:51.545000,1,True,Belgian Grand Prix
16,19.0,0 days 00:01:51.290000,1,True,Belgian Grand Prix
16,20.0,0 days 00:01:50.753000,1,True,Belgian Grand Prix
16,21.0,0 days 00:01:50.616000,1,True,Belgian Grand Prix
16,22.0,0 days 00:01:50.653000,1,True,Belgian Grand Prix
16,23.0,0 days 00:01:50.288000,1,True,Belgian Grand Prix
16,24.0,0 days 00:01:54.858000,1,False,Belgian Grand Prix
16,25.0,0 days 00:02:05.467000,1,False,Belgian Grand Prix
16,26.0,0 days 00:01:47.840000,1,True,Belgian Grand Prix
16,27.0,0 days 00:01:48.459000,1,True,Belgian Grand Prix
16,28.0,0 days 00:01:49.070000,1,True,Belgian Grand Prix
16,29.0,0 days 00:01:49.103000,1,True,Belgian Grand Prix
16,30.0,0 days 00:01:50.166000,1,True,Belgian Grand Prix
16,31.0,0 days 00:01:49.341000,1,True,Belgian Grand Prix
16,32.0,0 days 00:01:49.389000,1,True,Belgian Grand Prix
16,33.0,0 days 00:01:49.322000,1,True,Belgian Grand Prix
16,34.0,0 days 00:01:49.895000,1,True,Belgian Grand Prix
16,35.0,0 days 00:01:49.358000,1,True,Belgian Grand Prix
16,36.0,0 days 00:01:49.726000,1,True,Belgian Grand Prix
16,37.0,0 days 00:01:49.559000,1,True,Belgian Grand Prix
16,38.0,0 days 00:01:50.100000,1,True,Belgian Grand Prix
16,39.0,0 days 00:01:50.907000,1,True,Belgian Grand Prix
16,40.0,0 days 00:01:50.846000,1,True,Belgian Grand Prix
16,41.0,0 days 00:01:51.229000,1,True,Belgian Grand Prix
16,42.0,0 days 00:01:50.279000,1,True,Belgian Grand Prix
16,43.0,0 days 00:01:50.950000,1,True,Belgian Grand Prix
16,44.0,0 days 00:01:50.035000,2,True,Belgian Grand Prix
18,1.0,0 days 00:01:58.071000,1,False,Belgian Grand Prix
18,2.0,0 days 00:01:52.145000,1,True,Belgian Grand Prix
18,3.0,0 days 00:01:51.977000,1,True,Belgian Grand Prix
18,4.0,0 days 00:01:52.005000,1,True,Belgian Grand Prix
18,5.0,0 days 00:01:51.696000,1,True,Belgian Grand Prix
18,6.0,0 days 00:01:51.637000,1,True,Belgian Grand Prix
18,7.0,0 days 00:01:51.826000,1,True,Belgian Grand Prix
18,8.0,0 days 00:01:51.796000,1,True,Belgian Grand Prix
18,9.0,0 days 00:01:51.503000,1,True,Belgian Grand Prix
18,10.0,0 days 00:01:51.683000,24,False,Belgian Grand Prix
18,11.0,,4,False,Belgian Grand Prix
18,12.0,,4,False,Belgian Grand Prix
18,13.0,,4,False,Belgian Grand Prix
18,14.0,,4,False,Belgian Grand Prix
18,15.0,0 days 00:01:52.439000,1,False,Belgian Grand Prix
18,16.0,0 days 00:01:51.762000,1,True,Belgian Grand Prix
18,17.0,0 days 00:01:51.489000,1,True,Belgian Grand Prix
18,18.0,0 days 00:01:51.253000,1,True,Belgian Grand Prix
18,19.0,0 days 00:01:50.002000,1,True,Belgian Grand Prix
18,20.0,0 days 00:01:50.005000,1,True,Belgian Grand Prix
18,21.0,0 days 00:01:50.262000,1,True,Belgian Grand Prix
18,22.0,0 days 00:01:50.217000,1,True,Belgian Grand Prix
18,23.0,0 days 00:01:50.319000,1,True,Belgian Grand Prix
18,24.0,0 days 00:01:50.513000,1,True,Belgian Grand Prix
18,25.0,0 days 00:01:50.466000,1,True,Belgian Grand Prix
18,26.0,0 days 00:01:50.443000,1,True,Belgian Grand Prix
18,27.0,0 days 00:01:49.432000,1,True,Belgian Grand Prix
18,28.0,0 days 00:01:49.176000,1,True,Belgian Grand Prix
18,29.0,0 days 00:01:49.381000,1,True,Belgian Grand Prix
18,30.0,0 days 00:01:49.300000,1,True,Belgian Grand Prix
18,31.0,0 days 00:01:49.181000,1,True,Belgian Grand Prix
18,32.0,0 days 00:01:49.301000,1,True,Belgian Grand Prix
18,33.0,0 days 00:01:49.427000,1,True,Belgian Grand Prix
18,34.0,0 days 00:01:49.136000,1,True,Belgian Grand Prix
18,35.0,0 days 00:01:49.829000,1,True,Belgian Grand Prix
18,36.0,0 days 00:01:49.673000,1,True,Belgian Grand Prix
18,37.0,0 days 00:01:51.554000,1,True,Belgian Grand Prix
18,38.0,0 days 00:01:50.321000,1,True,Belgian Grand Prix
18,39.0,0 days 00:01:49.843000,1,True,Belgian Grand Prix
18,40.0,0 days 00:01:50.217000,1,True,Belgian Grand Prix
18,41.0,0 days 00:01:50.472000,1,True,Belgian Grand Prix
18,42.0,0 days 00:01:50.413000,1,True,Belgian Grand Prix
18,43.0,0 days 00:01:51.217000,1,True,Belgian Grand Prix
18,44.0,0 days 00:01:50.730000,2,True,Belgian Grand Prix
20,1.0,0 days 00:02:02.660000,1,False,Belgian Grand Prix
20,2.0,0 days 00:01:54.097000,1,True,Belgian Grand Prix
20,3.0,0 days 00:01:53.189000,1,True,Belgian Grand Prix
20,4.0,0 days 00:01:53.545000,1,True,Belgian Grand Prix
20,5.0,0 days 00:01:53.949000,1,True,Belgian Grand Prix
20,6.0,0 days 00:01:54.256000,1,True,Belgian Grand Prix
20,7.0,0 days 00:01:52.909000,1,True,Belgian Grand Prix
20,8.0,0 days 00:01:52.811000,1,True,Belgian Grand Prix
20,9.0,0 days 00:01:52.271000,1,True,Belgian Grand Prix
20,10.0,0 days 00:02:09.681000,24,False,Belgian Grand Prix
20,11.0,,4,False,Belgian Grand Prix
20,12.0,0 days 00:02:25.100000,4,False,Belgian Grand Prix
20,13.0,,4,False,Belgian Grand Prix
20,14.0,0 days 00:02:28.272000,4,False,Belgian Grand Prix
20,15.0,0 days 00:01:52.833000,1,False,Belgian Grand Prix
20,16.0,0 days 00:01:52.304000,1,True,Belgian Grand Prix
20,17.0,0 days 00:01:52.261000,1,True,Belgian Grand Prix
20,18.0,0 days 00:01:51.576000,1,True,Belgian Grand Prix
20,19.0,0 days 00:01:51.389000,1,True,Belgian Grand Prix
20,20.0,0 days 00:01:51.275000,1,True,Belgian Grand Prix
20,21.0,0 days 00:01:51.443000,1,True,Belgian Grand Prix
20,22.0,0 days 00:01:51.003000,1,True,Belgian Grand Prix
20,23.0,0 days 00:01:51.007000,1,True,Belgian Grand Prix
20,24.0,0 days 00:01:51.552000,1,True,Belgian Grand Prix
20,25.0,0 days 00:01:50.656000,1,True,Belgian Grand Prix
20,26.0,0 days 00:01:50.541000,1,True,Belgian Grand Prix
20,27.0,0 days 00:01:50.382000,1,True,Belgian Grand Prix
20,28.0,0 days 00:01:50.362000,1,True,Belgian Grand Prix
20,29.0,0 days 00:01:51.327000,1,True,Belgian Grand Prix
20,30.0,0 days 00:01:50.469000,1,True,Belgian Grand Prix
20,31.0,0 days 00:01:50.402000,1,True,Belgian Grand Prix
20,32.0,0 days 00:01:50.489000,1,True,Belgian Grand Prix
20,33.0,0 days 00:01:51.086000,1,True,Belgian Grand Prix
20,34.0,0 days 00:01:50.589000,1,True,Belgian Grand Prix
20,35.0,0 days 00:01:56.047000,1,False,Belgian Grand Prix
20,36.0,0 days 00:02:04.365000,1,False,Belgian Grand Prix
20,37.0,0 days 00:01:48.083000,1,True,Belgian Grand Prix
20,38.0,0 days 00:01:48.525000,1,True,Belgian Grand Prix
20,39.0,0 days 00:01:49.428000,1,True,Belgian Grand Prix
20,40.0,0 days 00:01:49.913000,1,True,Belgian Grand Prix
20,41.0,0 days 00:01:49.237000,1,True,Belgian Grand Prix
20,42.0,0 days 00:01:49.282000,1,True,Belgian Grand Prix
20,43.0,0 days 00:01:49.559000,1,True,Belgian Grand Prix
20,44.0,0 days 00:01:49.922000,2,True,Belgian Grand Prix
23,1.0,0 days 00:01:57.297000,1,False,Belgian Grand Prix
23,2.0,0 days 00:01:51.996000,1,True,Belgian Grand Prix
23,3.0,0 days 00:01:51.516000,1,True,Belgian Grand Prix
23,4.0,0 days 00:01:51.761000,1,True,Belgian Grand Prix
23,5.0,0 days 00:01:51.417000,1,True,Belgian Grand Prix
23,6.0,0 days 00:01:51.529000,1,True,Belgian Grand Prix
23,7.0,0 days 00:01:51.545000,1,True,Belgian Grand Prix
23,8.0,0 days 00:01:51.306000,1,True,Belgian Grand Prix
23,9.0,0 days 00:01:50.937000,1,True,Belgian Grand Prix
23,10.0,0 days 00:01:50.901000,24,False,Belgian Grand Prix
23,11.0,,4,False,Belgian Grand Prix
23,12.0,,4,False,Belgian Grand Prix
23,13.0,,4,False,Belgian Grand Prix
23,14.0,,4,False,Belgian Grand Prix
23,15.0,0 days 00:01:52.032000,1,False,Belgian Grand Prix
23,16.0,0 days 00:01:51.343000,1,True,Belgian Grand Prix
23,17.0,0 days 00:01:51.224000,1,True,Belgian Grand Prix
23,18.0,0 days 00:01:49.565000,1,True,Belgian Grand Prix
23,19.0,0 days 00:01:49.742000,1,True,Belgian Grand Prix
23,20.0,0 days 00:01:50.213000,1,True,Belgian Grand Prix
23,21.0,0 days 00:01:51.196000,1,True,Belgian Grand Prix
23,22.0,0 days 00:01:50.221000,1,True,Belgian Grand Prix
23,23.0,0 days 00:01:50.320000,1,True,Belgian Grand Prix
23,24.0,0 days 00:01:48.940000,1,True,Belgian Grand Prix
23,25.0,0 days 00:01:49.182000,1,True,Belgian Grand Prix
23,26.0,0 days 00:01:48.792000,1,True,Belgian Grand Prix
23,27.0,0 days 00:01:48.736000,1,True,Belgian Grand Prix
23,28.0,0 days 00:01:49.062000,1,True,Belgian Grand Prix
23,29.0,0 days 00:01:48.784000,1,True,Belgian Grand Prix
23,30.0,0 days 00:01:49.158000,1,True,Belgian Grand Prix
23,31.0,0 days 00:01:49.192000,1,True,Belgian Grand Prix
23,32.0,0 days 00:01:49.282000,1,True,Belgian Grand Prix
23,33.0,0 days 00:01:49.710000,1,True,Belgian Grand Prix
23,34.0,0 days 00:01:49.619000,1,True,Belgian Grand Prix
23,35.0,0 days 00:01:50.017000,1,True,Belgian Grand Prix
23,36.0,0 days 00:01:49.956000,1,True,Belgian Grand Prix
23,37.0,0 days 00:01:49.964000,1,True,Belgian Grand Prix
23,38.0,0 days 00:01:50.184000,1,True,Belgian Grand Prix
23,39.0,0 days 00:01:49.985000,1,True,Belgian Grand Prix
23,40.0,0 days 00:01:50.375000,1,True,Belgian Grand Prix
23,41.0,0 days 00:01:50.139000,1,True,Belgian Grand Prix
23,42.0,0 days 00:01:50.257000,1,True,Belgian Grand Prix
23,43.0,0 days 00:01:50.174000,1,True,Belgian Grand Prix
23,44.0,0 days 00:01:51.459000,2,True,Belgian Grand Prix
26,1.0,0 days 00:02:00.948000,1,False,Belgian Grand Prix
26,2.0,0 days 00:01:53.663000,1,True,Belgian Grand Prix
26,3.0,0 days 00:01:52.273000,1,True,Belgian Grand Prix
26,4.0,0 days 00:01:52.397000,1,True,Belgian Grand Prix
26,5.0,0 days 00:01:52.621000,1,True,Belgian Grand Prix
26,6.0,0 days 00:01:52.828000,1,True,Belgian Grand Prix
26,7.0,0 days 00:01:51.580000,1,True,Belgian Grand Prix
26,8.0,0 days 00:01:51.554000,1,True,Belgian Grand Prix
26,9.0,0 days 00:01:51.109000,1,True,Belgian Grand Prix
26,10.0,0 days 00:01:58.144000,24,False,Belgian Grand Prix
26,11.0,,4,False,Belgian Grand Prix
26,12.0,,4,False,Belgian Grand Prix
26,13.0,,4,False,Belgian Grand Prix
26,14.0,,4,False,Belgian Grand Prix
26,15.0,0 days 00:01:52.651000,1,False,Belgian Grand Prix
26,16.0,0 days 00:01:51.957000,1,True,Belgian Grand Prix
26,17.0,0 days 00:01:51.668000,1,True,Belgian Grand Prix
26,18.0,0 days 00:01:51.256000,1,True,Belgian Grand Prix
26,19.0,0 days 00:01:50.687000,1,True,Belgian Grand Prix
26,20.0,0 days 00:01:50.649000,1,True,Belgian Grand Prix
26,21.0,0 days 00:01:50.587000,1,True,Belgian Grand Prix
26,22.0,0 days 00:01:50.240000,1,True,Belgian Grand Prix
26,23.0,0 days 00:01:50.543000,1,True,Belgian Grand Prix
26,24.0,0 days 00:01:50.394000,1,True,Belgian Grand Prix
26,25.0,0 days 00:01:50.199000,1,True,Belgian Grand Prix
26,26.0,0 days 00:01:50.130000,1,True,Belgian Grand Prix
26,27.0,0 days 00:01:49.862000,1,True,Belgian Grand Prix
26,28.0,0 days 00:01:49.832000,1,True,Belgian Grand Prix
26,29.0,0 days 00:01:49.885000,1,True,Belgian Grand Prix
26,30.0,0 days 00:01:49.857000,1,True,Belgian Grand Prix
26,31.0,0 days 00:01:49.963000,1,True,Belgian Grand Prix
26,32.0,0 days 00:01:50.109000,1,True,Belgian Grand Prix
26,33.0,0 days 00:01:50.140000,1,True,Belgian Grand Prix
26,34.0,0 days 00:01:50.359000,1,True,Belgian Grand Prix
26,35.0,0 days 00:01:50.495000,1,True,Belgian Grand Prix
26,36.0,0 days 00:01:53.544000,1,True,Belgian Grand Prix
26,37.0,0 days 00:01:51.195000,1,True,Belgian Grand Prix
26,38.0,0 days 00:01:50.705000,1,True,Belgian Grand Prix
26,39.0,0 days 00:01:50.938000,1,True,Belgian Grand Prix
26,40.0,0 days 00:01:50.929000,1,True,Belgian Grand Prix
26,41.0,0 days 00:01:50.857000,1,True,Belgian Grand Prix
26,42.0,0 days 00:01:51.759000,1,True,Belgian Grand Prix
26,43.0,0 days 00:01:51.403000,1,True,Belgian Grand Prix
26,44.0,0 days 00:01:51.563000,2,True,Belgian Grand Prix
3,1.0,0 days 00:01:55.698000,1,False,Belgian Grand Prix
3,2.0,0 days 00:01:51.446000,1,True,Belgian Grand Prix
3,3.0,0 days 00:01:51.069000,1,True,Belgian Grand Prix
3,4.0,0 days 00:01:51.461000,1,True,Belgian Grand Prix
3,5.0,0 days 00:01:51.187000,1,True,Belgian Grand Prix
3,6.0,0 days 00:01:51.434000,1,True,Belgian Grand Prix
3,7.0,0 days 00:01:51.142000,1,True,Belgian Grand Prix
3,8.0,0 days 00:01:50.943000,1,True,Belgian Grand Prix
3,9.0,0 days 00:01:50.796000,1,True,Belgian Grand Prix
3,10.0,0 days 00:01:50.911000,2,True,Belgian Grand Prix
3,11.0,,24,False,Belgian Grand Prix
3,12.0,,4,False,Belgian Grand Prix
3,13.0,,4,False,Belgian Grand Prix
3,14.0,,4,False,Belgian Grand Prix
3,15.0,0 days 00:01:51.894000,1,False,Belgian Grand Prix
3,16.0,0 days 00:01:51.179000,1,True,Belgian Grand Prix
3,17.0,0 days 00:01:49.913000,1,True,Belgian Grand Prix
3,18.0,0 days 00:01:49.590000,1,True,Belgian Grand Prix
3,19.0,0 days 00:01:50.531000,1,True,Belgian Grand Prix
3,20.0,0 days 00:01:50.407000,1,True,Belgian Grand Prix
3,21.0,0 days 00:01:49.485000,1,True,Belgian Grand Prix
3,22.0,0 days 00:01:49.549000,1,True,Belgian Grand Prix
3,23.0,0 days 00:01:49.481000,1,True,Belgian Grand Prix
3,24.0,0 days 00:01:49.568000,1,True,Belgian Grand Prix
3,25.0,0 days 00:01:49.021000,1,True,Belgian Grand Prix
3,26.0,0 days 00:01:49.112000,1,True,Belgian Grand Prix
3,27.0,0 days 00:01:48.913000,1,True,Belgian Grand Prix
3,28.0,0 days 00:01:48.723000,1,True,Belgian Grand Prix
3,29.0,0 days 00:01:48.688000,1,True,Belgian Grand Prix
3,30.0,0 days 00:01:48.660000,1,True,Belgian Grand Prix
3,31.0,0 days 00:01:48.677000,1,True,Belgian Grand Prix
3,32.0,0 days 00:01:48.700000,1,True,Belgian Grand Prix
3,33.0,0 days 00:01:48.756000,1,True,Belgian Grand Prix
3,34.0,0 days 00:01:48.897000,1,True,Belgian Grand Prix
3,35.0,0 days 00:01:48.880000,1,True,Belgian Grand Prix
3,36.0,0 days 00:01:48.566000,1,True,Belgian Grand Prix
3,37.0,0 days 00:01:48.986000,1,True,Belgian Grand Prix
3,38.0,0 days 00:01:49.047000,1,True,Belgian Grand Prix
3,39.0,0 days 00:01:48.889000,1,True,Belgian Grand Prix
3,40.0,0 days 00:01:48.454000,1,True,Belgian Grand Prix
3,41.0,0 days 00:01:48.293000,1,True,Belgian Grand Prix
3,42.0,0 days 00:01:48.259000,1,True,Belgian Grand Prix
3,43.0,0 days 00:01:48.758000,1,True,Belgian Grand Prix
3,44.0,0 days 00:01:47.483000,1,True,Belgian Grand Prix
31,1.0,0 days 00:01:56.527000,1,False,Belgian Grand Prix
31,2.0,0 days 00:01:52.021000,1,True,Belgian Grand Prix
31,3.0,0 days 00:01:51.569000,1,True,Belgian Grand Prix
31,4.0,0 days 00:01:51.588000,1,True,Belgian Grand Prix
31,5.0,0 days 00:01:51.378000,1,True,Belgian Grand Prix
31,6.0,0 days 00:01:51.398000,1,True,Belgian Grand Prix
31,7.0,0 days 00:01:51.322000,1,True,Belgian Grand Prix
31,8.0,0 days 00:01:51.143000,1,True,Belgian Grand Prix
31,9.0,0 days 00:01:50.827000,1,True,Belgian Grand Prix
31,10.0,0 days 00:01:51.017000,24,False,Belgian Grand Prix
31,11.0,,4,False,Belgian Grand Prix
31,12.0,,4,False,Belgian Grand Prix
31,13.0,,4,False,Belgian Grand Prix
31,14.0,,4,False,Belgian Grand Prix
31,15.0,0 days 00:01:52.250000,1,False,Belgian Grand Prix
31,16.0,0 days 00:01:51.636000,1,True,Belgian Grand Prix
31,17.0,0 days 00:01:51.636000,1,True,Belgian Grand Prix
31,18.0,0 days 00:01:51.093000,1,True,Belgian Grand Prix
31,19.0,0 days 00:01:49.607000,1,True,Belgian Grand Prix
31,20.0,0 days 00:01:49.776000,1,True,Belgian Grand Prix
31,21.0,0 days 00:01:50.034000,1,True,Belgian Grand Prix
31,22.0,0 days 00:01:50.231000,1,True,Belgian Grand Prix
31,23.0,0 days 00:01:50.323000,1,True,Belgian Grand Prix
31,24.0,0 days 00:01:50.881000,1,True,Belgian Grand Prix
31,25.0,0 days 00:01:50.672000,1,True,Belgian Grand Prix
31,26.0,0 days 00:01:48.790000,1,True,Belgian Grand Prix
31,27.0,0 days 00:01:48.839000,1,True,Belgian Grand Prix
31,28.0,0 days 00:01:48.967000,1,True,Belgian Grand Prix
31,29.0,0 days 00:01:48.839000,1,True,Belgian Grand Prix
31,30.0,0 days 00:01:48.995000,1,True,Belgian Grand Prix
31,31.0,0 days 00:01:48.864000,1,True,Belgian Grand Prix
31,32.0,0 days 00:01:48.994000,1,True,Belgian Grand Prix
31,33.0,0 days 00:01:49.250000,1,True,Belgian Grand Prix
31,34.0,0 days 00:01:49.123000,1,True,Belgian Grand Prix
31,35.0,0 days 00:01:49.284000,1,True,Belgian Grand Prix
31,36.0,0 days 00:01:49.444000,1,True,Belgian Grand Prix
31,37.0,0 days 00:01:49.880000,1,True,Belgian Grand Prix
31,38.0,0 days 00:01:49.903000,1,True,Belgian Grand Prix
31,39.0,0 days 00:01:49.738000,1,True,Belgian Grand Prix
31,40.0,0 days 00:01:50.403000,1,True,Belgian Grand Prix
31,41.0,0 days 00:01:50.093000,1,True,Belgian Grand Prix
31,42.0,0 days 00:01:50.229000,1,True,Belgian Grand Prix
31,43.0,0 days 00:01:50.127000,1,True,Belgian Grand Prix
31,44.0,0 days 00:01:48.540000,2,True,Belgian Grand Prix
33,1.0,0 days 00:01:54.844000,1,False,Belgian Grand Prix
33,2.0,0 days 00:01:50.614000,1,True,Belgian Grand Prix
33,3.0,0 days 00:01:50.335000,1,True,Belgian Grand Prix
33,4.0,0 days 00:01:50.568000,1,True,Belgian Grand Prix
33,5.0,0 days 00:01:50.190000,1,True,Belgian Grand Prix
33,6.0,0 days 00:01:50.468000,1,True,Belgian Grand Prix
33,7.0,0 days 00:01:50.347000,1,True,Belgian Grand Prix
33,8.0,0 days 00:01:50.125000,1,True,Belgian Grand Prix
33,9.0,0 days 00:01:50.274000,1,True,Belgian Grand Prix
33,10.0,0 days 00:01:50.761000,2,True,Belgian Grand Prix
33,11.0,,24,False,Belgian Grand Prix
33,12.0,,4,False,Belgian Grand Prix
33,13.0,,4,False,Belgian Grand Prix
33,14.0,,4,False,Belgian Grand Prix
33,15.0,0 days 00:01:49.597000,1,False,Belgian Grand Prix
33,16.0,0 days 00:01:48.614000,1,True,Belgian Grand Prix
33,17.0,0 days 00:01:48.684000,1,True,Belgian Grand Prix
33,18.0,0 days 00:01:48.603000,1,True,Belgian Grand Prix
33,19.0,0 days 00:01:48.704000,1,True,Belgian Grand Prix
33,20.0,0 days 00:01:48.720000,1,True,Belgian Grand Prix
33,21.0,0 days 00:01:48.905000,1,True,Belgian Grand Prix
33,22.0,0 days 00:01:48.810000,1,True,Belgian Grand Prix
33,23.0,0 days 00:01:48.591000,1,True,Belgian Grand Prix
33,24.0,0 days 00:01:48.618000,1,True,Belgian Grand Prix
33,25.0,0 days 00:01:48.694000,1,True,Belgian Grand Prix
33,26.0,0 days 00:01:48.527000,1,True,Belgian Grand Prix
33,27.0,0 days 00:01:48.305000,1,True,Belgian Grand Prix
33,28.0,0 days 00:01:48.448000,1,True,Belgian Grand Prix
33,29.0,0 days 00:01:48.562000,1,True,Belgian Grand Prix
33,30.0,0 days 00:01:48.748000,1,True,Belgian Grand Prix
33,31.0,0 days 00:01:48.700000,1,True,Belgian Grand Prix
33,32.0,0 days 00:01:48.829000,1,True,Belgian Grand Prix
33,33.0,0 days 00:01:48.776000,1,True,Belgian Grand Prix
33,34.0,0 days 00:01:48.994000,1,True,Belgian Grand Prix
33,35.0,0 days 00:01:48.782000,1,True,Belgian Grand Prix
33,36.0,0 days 00:01:49.376000,1,True,Belgian Grand Prix
33,37.0,0 days 00:01:49.215000,1,True,Belgian Grand Prix
33,38.0,0 days 00:01:49.146000,1,True,Belgian Grand Prix
33,39.0,0 days 00:01:49.651000,1,True,Belgian Grand Prix
33,40.0,0 days 00:01:50.046000,1,True,Belgian Grand Prix
33,41.0,0 days 00:01:50.080000,1,True,Belgian Grand Prix
33,42.0,0 days 00:01:50.118000,1,True,Belgian Grand Prix
33,43.0,0 days 00:01:50.511000,1,True,Belgian Grand Prix
33,44.0,0 days 00:01:51.949000,1,True,Belgian Grand Prix
4,1.0,0 days 00:02:00.069000,1,False,Belgian Grand Prix
4,2.0,0 days 00:01:53.824000,1,True,Belgian Grand Prix
4,3.0,0 days 00:01:52.256000,1,True,Belgian Grand Prix
4,4.0,0 days 00:01:52.350000,1,True,Belgian Grand Prix
4,5.0,0 days 00:01:52.414000,1,True,Belgian Grand Prix
4,6.0,0 days 00:01:51.799000,1,True,Belgian Grand Prix
4,7.0,0 days 00:01:51.741000,1,True,Belgian Grand Prix
4,8.0,0 days 00:01:51.481000,1,True,Belgian Grand Prix
4,9.0,0 days 00:01:51.560000,1,True,Belgian Grand Prix
4,10.0,0 days 00:01:56.381000,24,False,Belgian Grand Prix
4,11.0,,4,False,Belgian Grand Prix
4,12.0,,4,False,Belgian Grand Prix
4,13.0,,4,False,Belgian Grand Prix
4,14.0,,4,False,Belgian Grand Prix
4,15.0,0 days 00:01:52.663000,1,False,Belgian Grand Prix
4,16.0,0 days 00:01:51.761000,1,True,Belgian Grand Prix
4,17.0,0 days 00:01:51.569000,1,True,Belgian Grand Prix
4,18.0,0 days 00:01:51.341000,1,True,Belgian Grand Prix
4,19.0,0 days 00:01:50.466000,1,True,Belgian Grand Prix
4,20.0,0 days 00:01:50.433000,1,True,Belgian Grand Prix
4,21.0,0 days 00:01:50.589000,1,True,Belgian Grand Prix
4,22.0,0 days 00:01:50.323000,1,True,Belgian Grand Prix
4,23.0,0 days 00:01:50.287000,1,True,Belgian Grand Prix
4,24.0,0 days 00:01:50.318000,1,True,Belgian Grand Prix
4,25.0,0 days 00:01:50.253000,1,True,Belgian Grand Prix
4,26.0,0 days 00:01:50.192000,1,True,Belgian Grand Prix
4,27.0,0 days 00:01:49.120000,1,True,Belgian Grand Prix
4,28.0,0 days 00:01:49.862000,1,True,Belgian Grand Prix
4,29.0,0 days 00:01:49.597000,1,True,Belgian Grand Prix
4,30.0,0 days 00:01:49.261000,1,True,Belgian Grand Prix
4,31.0,0 days 00:01:49.108000,1,True,Belgian Grand Prix
4,32.0,0 days 00:01:49.036000,1,True,Belgian Grand Prix
4,33.0,0 days 00:01:49.333000,1,True,Belgian Grand Prix
4,34.0,0 days 00:01:49.077000,1,True,Belgian Grand Prix
4,35.0,0 days 00:01:49.363000,1,True,Belgian Grand Prix
4,36.0,0 days 00:01:49.350000,1,True,Belgian Grand Prix
4,37.0,0 days 00:01:48.663000,1,True,Belgian Grand Prix
4,38.0,0 days 00:01:48.762000,1,True,Belgian Grand Prix
4,39.0,0 days 00:01:48.552000,1,True,Belgian Grand Prix
4,40.0,0 days 00:01:48.849000,1,True,Belgian Grand Prix
4,41.0,0 days 00:01:49.349000,1,True,Belgian Grand Prix
4,42.0,0 days 00:01:50.139000,1,True,Belgian Grand Prix
4,43.0,0 days 00:01:50.020000,1,True,Belgian Grand Prix
4,44.0,0 days 00:01:50.913000,2,True,Belgian Grand Prix
44,1.0,0 days 00:01:52.322000,1,False,Belgian Grand Prix
44,2.0,0 days 00:01:50.242000,1,True,Belgian Grand Prix
44,3.0,0 days 00:01:50.073000,1,True,Belgian Grand Prix
44,4.0,0 days 00:01:50.269000,1,True,Belgian Grand Prix
44,5.0,0 days 00:01:49.470000,1,True,Belgian Grand Prix
44,6.0,0 days 00:01:50.117000,1,True,Belgian Grand Prix
44,7.0,0 days 00:01:49.921000,1,True,Belgian Grand Prix
44,8.0,0 days 00:01:49.993000,1,True,Belgian Grand Prix
44,9.0,0 days 00:01:49.642000,1,True,Belgian Grand Prix
44,10.0,0 days 00:01:49.871000,1,True,Belgian Grand Prix
44,11.0,,24,False,Belgian Grand Prix
44,12.0,,4,False,Belgian Grand Prix
44,13.0,,4,False,Belgian Grand Prix
44,14.0,,4,False,Belgian Grand Prix
44,15.0,0 days 00:01:48.325000,1,False,Belgian Grand Prix
44,16.0,0 days 00:01:48.247000,1,True,Belgian Grand Prix
44,17.0,0 days 00:01:48.165000,1,True,Belgian Grand Prix
44,18.0,0 days 00:01:48.470000,1,True,Belgian Grand Prix
44,19.0,0 days 00:01:48.325000,1,True,Belgian Grand Prix
44,20.0,0 days 00:01:48.506000,1,True,Belgian Grand Prix
44,21.0,0 days 00:01:48.592000,1,True,Belgian Grand Prix
44,22.0,0 days 00:01:48.779000,1,True,Belgian Grand Prix
44,23.0,0 days 00:01:48.549000,1,True,Belgian Grand Prix
44,24.0,0 days 00:01:48.123000,1,True,Belgian Grand Prix
44,25.0,0 days 00:01:48.319000,1,True,Belgian Grand Prix
44,26.0,0 days 00:01:47.851000,1,True,Belgian Grand Prix
44,27.0,0 days 00:01:48.274000,1,True,Belgian Grand Prix
44,28.0,0 days 00:01:47.758000,1,True,Belgian Grand Prix
44,29.0,0 days 00:01:47.964000,1,True,Belgian Grand Prix
44,30.0,0 days 00:01:48.176000,1,True,Belgian Grand Prix
44,31.0,0 days 00:01:48.856000,1,True,Belgian Grand Prix
44,32.0,0 days 00:01:48.311000,1,True,Belgian Grand Prix
44,33.0,0 days 00:01:48.174000,1,True,Belgian Grand Prix
44,34.0,0 days 00:01:48.481000,1,True,Belgian Grand Prix
44,35.0,0 days 00:01:48.108000,1,True,Belgian Grand Prix
44,36.0,0 days 00:01:48.316000,1,True,Belgian Grand Prix
44,37.0,0 days 00:01:49.204000,1,True,Belgian Grand Prix
44,38.0,0 days 00:01:48.920000,1,True,Belgian Grand Prix
44,39.0,0 days 00:01:48.521000,1,True,Belgian Grand Prix
44,40.0,0 days 00:01:48.877000,1,True,Belgian Grand Prix
44,41.0,0 days 00:01:49.860000,1,True,Belgian Grand Prix
44,42.0,0 days 00:01:51.398000,1,True,Belgian Grand Prix
44,43.0,0 days 00:01:49.596000,1,True,Belgian Grand Prix
44,44.0,0 days 00:01:49.957000,1,True,Belgian Grand Prix
5,1.0,0 days 00:02:01.600000,1,False,Belgian Grand Prix
5,2.0,0 days 00:01:54.126000,1,True,Belgian Grand Prix
5,3.0,0 days 00:01:52.223000,1,True,Belgian Grand Prix
5,4.0,0 days 00:01:52.351000,1,True,Belgian Grand Prix
5,5.0,0 days 00:01:52.485000,1,True,Belgian Grand Prix
5,6.0,0 days 00:01:52.951000,1,True,Belgian Grand Prix
5,7.0,0 days 00:01:52.409000,1,True,Belgian Grand Prix
5,8.0,0 days 00:01:52.040000,1,True,Belgian Grand Prix
5,9.0,0 days 00:01:52.245000,1,True,Belgian Grand Prix
5,10.0,0 days 00:01:59.218000,24,False,Belgian Grand Prix
5,11.0,,4,False,Belgian Grand Prix
5,12.0,,4,False,Belgian Grand Prix
5,13.0,,4,False,Belgian Grand Prix
5,14.0,,4,False,Belgian Grand Prix
5,15.0,0 days 00:01:52.777000,1,False,Belgian Grand Prix
5,16.0,0 days 00:01:52.297000,1,True,Belgian Grand Prix
5,17.0,0 days 00:01:51.903000,1,True,Belgian Grand Prix
5,18.0,0 days 00:01:51.560000,1,True,Belgian Grand Prix
5,19.0,0 days 00:01:51.010000,1,True,Belgian Grand Prix
5,20.0,0 days 00:01:50.551000,1,True,Belgian Grand Prix
5,21.0,0 days 00:01:50.793000,1,True,Belgian Grand Prix
5,22.0,0 days 00:01:50.524000,1,True,Belgian Grand Prix
5,23.0,0 days 00:01:50.200000,1,True,Belgian Grand Prix
5,24.0,0 days 00:01:50.463000,1,True,Belgian Grand Prix
5,25.0,0 days 00:01:50.232000,1,True,Belgian Grand Prix
5,26.0,0 days 00:01:50.351000,1,True,Belgian Grand Prix
5,27.0,0 days 00:01:50.507000,1,True,Belgian Grand Prix
5,28.0,0 days 00:01:50.380000,1,True,Belgian Grand Prix
5,29.0,0 days 00:01:51.378000,1,True,Belgian Grand Prix
5,30.0,0 days 00:01:50.179000,1,True,Belgian Grand Prix
5,31.0,0 days 00:01:49.958000,1,True,Belgian Grand Prix
5,32.0,0 days 00:01:51.882000,1,True,Belgian Grand Prix
5,33.0,0 days 00:01:50.499000,1,True,Belgian Grand Prix
5,34.0,0 days 00:01:50.492000,1,True,Belgian Grand Prix
5,35.0,0 days 00:01:50.552000,1,True,Belgian Grand Prix
5,36.0,0 days 00:01:50.671000,1,True,Belgian Grand Prix
5,37.0,0 days 00:01:50.990000,1,True,Belgian Grand Prix
5,38.0,0 days 00:01:50.684000,1,True,Belgian Grand Prix
5,39.0,0 days 00:01:50.691000,1,True,Belgian Grand Prix
5,40.0,0 days 00:01:50.679000,1,True,Belgian Grand Prix
5,41.0,0 days 00:01:50.690000,1,True,Belgian Grand Prix
5,42.0,0 days 00:01:51.509000,1,True,Belgian Grand Prix
5,43.0,0 days 00:01:50.785000,1,True,Belgian Grand Prix
5,44.0,0 days 00:01:51.385000,2,True,Belgian Grand Prix
55,1.0,,1,False,Belgian Grand Prix
6,1.0,0 days 00:02:04.659000,1,False,Belgian Grand Prix
6,2.0,0 days 00:01:54.848000,1,True,Belgian Grand Prix
6,3.0,0 days 00:01:53.465000,1,True,Belgian Grand Prix
6,4.0,0 days 00:01:52.932000,1,True,Belgian Grand Prix
6,5.0,0 days 00:01:53.291000,1,True,Belgian Grand Prix
6,6.0,0 days 00:01:53.159000,1,True,Belgian Grand Prix
6,7.0,0 days 00:01:53.159000,1,True,Belgian Grand Prix
6,8.0,0 days 00:01:53.978000,1,True,Belgian Grand Prix
6,9.0,0 days 00:01:53.206000,1,True,Belgian Grand Prix
6,10.0,0 days 00:02:09.652000,24,False,Belgian Grand Prix
6,11.0,,4,False,Belgian Grand Prix
6,12.0,0 days 00:02:23.856000,4,False,Belgian Grand Prix
6,13.0,,4,False,Belgian Grand Prix
6,14.0,0 days 00:02:26.415000,4,False,Belgian Grand Prix
6,15.0,0 days 00:01:52.917000,1,False,Belgian Grand Prix
6,16.0,0 days 00:01:52.421000,1,True,Belgian Grand Prix
6,17.0,0 days 00:01:52.471000,1,True,Belgian Grand Prix
6,18.0,0 days 00:01:51.592000,1,True,Belgian Grand Prix
6,19.0,0 days 00:01:51.417000,1,True,Belgian Grand Prix
6,20.0,0 days 00:01:51.622000,1,True,Belgian Grand Prix
6,21.0,0 days 00:01:51.540000,1,True,Belgian Grand Prix
6,22.0,0 days 00:01:51.044000,1,True,Belgian Grand Prix
6,23.0,0 days 00:01:52.160000,1,True,Belgian Grand Prix
6,24.0,0 days 00:01:50.908000,1,True,Belgian Grand Prix
6,25.0,0 days 00:01:50.904000,1,True,Belgian Grand Prix
6,26.0,0 days 00:01:50.664000,1,True,Belgian Grand Prix
6,27.0,0 days 00:01:50.734000,1,True,Belgian Grand Prix
6,28.0,0 days 00:01:51.499000,1,True,Belgian Grand Prix
6,29.0,0 days 00:01:51.143000,1,True,Belgian Grand Prix
6,30.0,0 days 00:01:54.687000,1,False,Belgian Grand Prix
6,31.0,0 days 00:02:02.753000,1,False,Belgian Grand Prix
6,32.0,0 days 00:01:48.048000,1,True,Belgian Grand Prix
6,33.0,0 days 00:01:48.746000,1,True,Belgian Grand Prix
6,34.0,0 days 00:01:48.540000,1,True,Belgian Grand Prix
6,35.0,0 days 00:01:49.008000,1,True,Belgian Grand Prix
6,36.0,0 days 00:01:49.067000,1,True,Belgian Grand Prix
6,37.0,0 days 00:01:48.834000,1,True,Belgian Grand Prix
6,38.0,0 days 00:01:49.204000,1,True,Belgian Grand Prix
6,39.0,0 days 00:01:49.470000,1,True,Belgian Grand Prix
6,40.0,0 days 00:01:49.715000,1,True,Belgian Grand Prix
6,41.0,0 days 00:01:49.336000,1,True,Belgian Grand Prix
6,42.0,0 days 00:01:49.091000,1,True,Belgian Grand Prix
6,43.0,0 days 00:01:49.795000,1,True,Belgian Grand Prix
6,44.0,0 days 00:01:49.795000,2,True,Belgian Grand Prix
63,1.0,0 days 00:02:03.524000,1,False,Belgian Grand Prix
63,2.0,0 days 00:01:54.314000,1,True,Belgian Grand Prix
63,3.0,0 days 00:01:53.217000,1,True,Belgian Grand Prix
63,4.0,0 days 00:01:53.034000,1,True,Belgian Grand Prix
63,5.0,0 days 00:01:51.754000,1,True,Belgian Grand Prix
63,6.0,0 days 00:01:52.541000,1,True,Belgian Grand Prix
63,7.0,0 days 00:01:52.724000,1,True,Belgian Grand Prix
63,8.0,0 days 00:01:52.565000,1,True,Belgian Grand Prix
63,9.0,0 days 00:01:52.105000,1,True,Belgian Grand Prix
63,10.0,,,False,Belgian Grand Prix
7,1.0,0 days 00:02:03.357000,1,False,Belgian Grand Prix
7,2.0,0 days 00:01:53.992000,1,True,Belgian Grand Prix
7,3.0,0 days 00:01:52.884000,1,True,Belgian Grand Prix
7,4.0,0 days 00:01:51.940000,1,True,Belgian Grand Prix
7,5.0,0 days 00:01:52.223000,1,True,Belgian Grand Prix
7,6.0,0 days 00:01:52.887000,1,True,Belgian Grand Prix
7,7.0,0 days 00:01:52.997000,1,True,Belgian Grand Prix
7,8.0,0 days 00:01:52.207000,1,True,Belgian Grand Prix
7,9.0,0 days 00:01:51.843000,1,True,Belgian Grand Prix
7,10.0,0 days 00:02:03.917000,24,False,Belgian Grand Prix
7,11.0,,4,False,Belgian Grand Prix
7,12.0,,4,False,Belgian Grand Prix
7,13.0,,4,False,Belgian Grand Prix
7,14.0,,4,False,Belgian Grand Prix
7,15.0,0 days 00:01:52.758000,1,False,Belgian Grand Prix
7,16.0,0 days 00:01:51.450000,1,True,Belgian Grand Prix
7,17.0,0 days 00:01:51.731000,1,True,Belgian Grand Prix
7,18.0,0 days 00:01:51.554000,1,True,Belgian Grand Prix
7,19.0,0 days 00:01:50.662000,1,True,Belgian Grand Prix
7,20.0,0 days 00:01:50.501000,1,True,Belgian Grand Prix
7,21.0,0 days 00:01:50.637000,1,True,Belgian Grand Prix
7,22.0,0 days 00:01:50.476000,1,True,Belgian Grand Prix
7,23.0,0 days 00:01:50.215000,1,True,Belgian Grand Prix
7,24.0,0 days 00:01:50.583000,1,True,Belgian Grand Prix
7,25.0,0 days 00:01:50.198000,1,True,Belgian Grand Prix
7,26.0,0 days 00:01:50.181000,1,True,Belgian Grand Prix
7,27.0,0 days 00:01:49.897000,1,True,Belgian Grand Prix
7,28.0,0 days 00:01:49.822000,1,True,Belgian Grand Prix
7,29.0,0 days 00:01:50.117000,1,True,Belgian Grand Prix
7,30.0,0 days 00:01:49.890000,1,True,Belgian Grand Prix
7,31.0,0 days 00:01:50.018000,1,True,Belgian Grand Prix
7,32.0,0 days 00:01:50.526000,1,True,Belgian Grand Prix
7,33.0,0 days 00:01:51.548000,1,True,Belgian Grand Prix
7,34.0,0 days 00:01:51.710000,1,True,Belgian Grand Prix
7,35.0,0 days 00:01:50.508000,1,True,Belgian Grand Prix
7,36.0,0 days 00:01:50.645000,1,True,Belgian Grand Prix
7,37.0,0 days 00:01:51.345000,1,True,Belgian Grand Prix
7,38.0,0 days 00:01:50.382000,1,True,Belgian Grand Prix
7,39.0,0 days 00:01:51.470000,1,True,Belgian Grand Prix
7,40.0,0 days 00:01:50.695000,1,True,Belgian Grand Prix
7,41.0,0 days 00:01:50.520000,1,True,Belgian Grand Prix
7,42.0,0 days 00:01:51.319000,1,True,Belgian Grand Prix
7,43.0,0 days 00:01:51.418000,1,True,Belgian Grand Prix
7,44.0,0 days 00:01:51.937000,2,True,Belgian Grand Prix
77,1.0,0 days 00:01:53.738000,1,False,Belgian Grand Prix
77,2.0,0 days 00:01:50.116000,1,True,Belgian Grand Prix
77,3.0,0 days 00:01:50.243000,1,True,Belgian Grand Prix
77,4.0,0 days 00:01:49.937000,1,True,Belgian Grand Prix
77,5.0,0 days 00:01:50.001000,1,True,Belgian Grand Prix
77,6.0,0 days 00:01:50.225000,1,True,Belgian Grand Prix
77,7.0,0 days 00:01:49.920000,1,True,Belgian Grand Prix
77,8.0,0 days 00:01:49.897000,1,True,Belgian Grand Prix
77,9.0,0 days 00:01:49.820000,1,True,Belgian Grand Prix
77,10.0,0 days 00:01:50.305000,1,True,Belgian Grand Prix
77,11.0,,24,False,Belgian Grand Prix
77,12.0,,4,False,Belgian Grand Prix
77,13.0,,4,False,Belgian Grand Prix
77,14.0,,4,False,Belgian Grand Prix
77,15.0,0 days 00:01:48.824000,1,False,Belgian Grand Prix
77,16.0,0 days 00:01:48.156000,1,True,Belgian Grand Prix
77,17.0,0 days 00:01:48.481000,1,True,Belgian Grand Prix
77,18.0,0 days 00:01:49.142000,1,True,Belgian Grand Prix
77,19.0,0 days 00:01:48.752000,1,True,Belgian Grand Prix
77,20.0,0 days 00:01:48.731000,1,True,Belgian Grand Prix
77,21.0,0 days 00:01:48.850000,1,True,Belgian Grand Prix
77,22.0,0 days 00:01:48.719000,1,True,Belgian Grand Prix
77,23.0,0 days 00:01:48.538000,1,True,Belgian Grand Prix
77,24.0,0 days 00:01:48.937000,1,True,Belgian Grand Prix
77,25.0,0 days 00:01:48.407000,1,True,Belgian Grand Prix
77,26.0,0 days 00:01:48.082000,1,True,Belgian Grand Prix
77,27.0,0 days 00:01:47.983000,1,True,Belgian Grand Prix
77,28.0,0 days 00:01:48.332000,1,True,Belgian Grand Prix
77,29.0,0 days 00:01:48.129000,1,True,Belgian Grand Prix
77,30.0,0 days 00:01:48.145000,1,True,Belgian Grand Prix
77,31.0,0 days 00:01:48.595000,1,True,Belgian Grand Prix
77,32.0,0 days 00:01:48.504000,1,True,Belgian Grand Prix
77,33.0,0 days 00:01:48.457000,1,True,Belgian Grand Prix
77,34.0,0 days 00:01:48.664000,1,True,Belgian Grand Prix
77,35.0,0 days 00:01:48.687000,1,True,Belgian Grand Prix
77,36.0,0 days 00:01:48.753000,1,True,Belgian Grand Prix
77,37.0,0 days 00:01:48.894000,1,True,Belgian Grand Prix
77,38.0,0 days 00:01:48.964000,1,True,Belgian Grand Prix
77,39.0,0 days 00:01:49.051000,1,True,Belgian Grand Prix
77,40.0,0 days 00:01:49.793000,1,True,Belgian Grand Prix
77,41.0,0 days 00:01:49.881000,1,True,Belgian Grand Prix
77,42.0,0 days 00:01:49.801000,1,True,Belgian Grand Prix
77,43.0,0 days 00:01:51.094000,1,True,Belgian Grand Prix
77,44.0,0 days 00:01:51.414000,1,True,Belgian Grand Prix
8,1.0,0 days 00:02:03.895000,1,False,Belgian Grand Prix
8,2.0,0 days 00:01:54.568000,1,True,Belgian Grand Prix
8,3.0,0 days 00:01:53.520000,1,True,Belgian Grand Prix
8,4.0,0 days 00:01:53.055000,1,True,Belgian Grand Prix
8,5.0,0 days 00:01:53.040000,1,True,Belgian Grand Prix
8,6.0,0 days 00:01:51.859000,1,True,Belgian Grand Prix
8,7.0,0 days 00:01:52.380000,1,True,Belgian Grand Prix
8,8.0,0 days 00:01:52.455000,1,True,Belgian Grand Prix
8,9.0,0 days 00:01:52.333000,1,True,Belgian Grand Prix
8,10.0,0 days 00:02:06.920000,24,False,Belgian Grand Prix
8,11.0,,4,False,Belgian Grand Prix
8,12.0,,4,False,Belgian Grand Prix
8,13.0,,4,False,Belgian Grand Prix
8,14.0,0 days 00:02:29.242000,4,False,Belgian Grand Prix
8,15.0,0 days 00:01:52.823000,1,False,Belgian Grand Prix
8,16.0,0 days 00:01:51.980000,1,True,Belgian Grand Prix
8,17.0,0 days 00:01:52.230000,1,True,Belgian Grand Prix
8,18.0,0 days 00:01:51.487000,1,True,Belgian Grand Prix
8,19.0,0 days 00:01:51.261000,1,True,Belgian Grand Prix
8,20.0,0 days 00:01:51.093000,1,True,Belgian Grand Prix
8,21.0,0 days 00:01:50.952000,1,True,Belgian Grand Prix
8,22.0,0 days 00:01:50.606000,1,True,Belgian Grand Prix
8,23.0,0 days 00:01:50.466000,1,True,Belgian Grand Prix
8,24.0,0 days 00:01:51.163000,1,True,Belgian Grand Prix
8,25.0,0 days 00:01:50.618000,1,True,Belgian Grand Prix
8,26.0,0 days 00:01:51.326000,1,True,Belgian Grand Prix
8,27.0,0 days 00:01:50.445000,1,True,Belgian Grand Prix
8,28.0,0 days 00:01:50.018000,1,True,Belgian Grand Prix
8,29.0,0 days 00:01:50.336000,1,True,Belgian Grand Prix
8,30.0,0 days 00:01:51.386000,1,True,Belgian Grand Prix
8,31.0,0 days 00:01:50.243000,1,True,Belgian Grand Prix
8,32.0,0 days 00:01:50.181000,1,True,Belgian Grand Prix
8,33.0,0 days 00:01:50.584000,1,True,Belgian Grand Prix
8,34.0,0 days 00:01:50.405000,1,True,Belgian Grand Prix
8,35.0,0 days 00:01:50.416000,1,True,Belgian Grand Prix
8,36.0,0 days 00:01:50.636000,1,True,Belgian Grand Prix
8,37.0,0 days 00:01:51.147000,1,True,Belgian Grand Prix
8,38.0,0 days 00:01:50.371000,1,True,Belgian Grand Prix
8,39.0,0 days 00:01:50.915000,1,True,Belgian Grand Prix
8,40.0,0 days 00:01:50.871000,1,True,Belgian Grand Prix
8,41.0,0 days 00:01:50.836000,1,True,Belgian Grand Prix
8,42.0,0 days 00:01:50.736000,1,True,Belgian Grand Prix
8,43.0,0 days 00:01:51.061000,1,True,Belgian Grand Prix
8,44.0,0 days 00:01:52.452000,2,True,Belgian Grand Prix
99,1.0,0 days 00:02:02.147000,1,False,Belgian Grand Prix
99,2.0,0 days 00:01:54.022000,1,True,Belgian Grand Prix
99,3.0,0 days 00:01:52.768000,1,True,Belgian Grand Prix
99,4.0,0 days 00:01:52.378000,1,True,Belgian Grand Prix
99,5.0,0 days 00:01:52.614000,1,True,Belgian Grand Prix
99,6.0,0 days 00:01:52.791000,1,True,Belgian Grand Prix
99,7.0,0 days 00:01:52.711000,1,True,Belgian Grand Prix
99,8.0,0 days 00:01:52.328000,1,True,Belgian Grand Prix
99,9.0,0 days 00:01:51.793000,1,True,Belgian Grand Prix
99,10.0,,,False,Belgian Grand Prix
10,1.0,0 days 00:01:32.608000,1,False,Italian Grand Prix
10,2.0,0 days 00:01:27.139000,1,True,Italian Grand Prix
10,3.0,0 days 00:01:26.536000,1,True,Italian Grand Prix
10,4.0,0 days 00:01:26.255000,1,True,Italian Grand Prix
10,5.0,0 days 00:01:26.196000,1,True,Italian Grand Prix
10,6.0,0 days 00:01:26.364000,1,True,Italian Grand Prix
10,7.0,0 days 00:01:26.160000,1,True,Italian Grand Prix
10,8.0,0 days 00:01:26.485000,2,True,Italian Grand Prix
10,9.0,0 days 00:01:26.229000,1,True,Italian Grand Prix
10,10.0,0 days 00:01:26.157000,1,True,Italian Grand Prix
10,11.0,0 days 00:01:26.200000,1,True,Italian Grand Prix
10,12.0,0 days 00:01:26.047000,1,True,Italian Grand Prix
10,13.0,0 days 00:01:26.432000,1,True,Italian Grand Prix
10,14.0,0 days 00:01:26.308000,1,True,Italian Grand Prix
10,15.0,0 days 00:01:26.350000,1,True,Italian Grand Prix
10,16.0,0 days 00:01:26.266000,1,True,Italian Grand Prix
10,17.0,0 days 00:01:26.281000,1,True,Italian Grand Prix
10,18.0,0 days 00:01:26.519000,1,True,Italian Grand Prix
10,19.0,0 days 00:01:30.727000,2,False,Italian Grand Prix
10,20.0,0 days 00:02:14.173000,24,False,Italian Grand Prix
10,21.0,0 days 00:01:56.545000,4,False,Italian Grand Prix
10,22.0,0 days 00:01:47.466000,4,False,Italian Grand Prix
10,23.0,0 days 00:01:57.108000,4,False,Italian Grand Prix
10,24.0,0 days 00:01:26.016000,1,False,Italian Grand Prix
10,25.0,0 days 00:01:57.481000,24,False,Italian Grand Prix
10,26.0,,45,False,Italian Grand Prix
10,27.0,,1,False,Italian Grand Prix
10,28.0,0 days 00:02:19.007000,1,True,Italian Grand Prix
10,29.0,0 days 00:01:24.607000,1,True,Italian Grand Prix
10,30.0,0 days 00:01:24.707000,1,True,Italian Grand Prix
10,31.0,0 days 00:01:24.642000,1,True,Italian Grand Prix
10,32.0,0 days 00:01:24.257000,1,True,Italian Grand Prix
10,33.0,0 days 00:01:24.044000,1,True,Italian Grand Prix
10,34.0,0 days 00:01:24.037000,1,True,Italian Grand Prix
10,35.0,0 days 00:01:24.245000,1,True,Italian Grand Prix
10,36.0,0 days 00:01:24.555000,1,True,Italian Grand Prix
10,37.0,0 days 00:01:24.390000,1,True,Italian Grand Prix
10,38.0,0 days 00:01:24.341000,1,True,Italian Grand Prix
10,39.0,0 days 00:01:24.083000,1,True,Italian Grand Prix
10,40.0,0 days 00:01:24.134000,1,True,Italian Grand Prix
10,41.0,0 days 00:01:24.312000,1,True,Italian Grand Prix
10,42.0,0 days 00:01:24.325000,1,True,Italian Grand Prix
10,43.0,0 days 00:01:24.491000,1,True,Italian Grand Prix
10,44.0,0 days 00:01:24.539000,1,True,Italian Grand Prix
10,45.0,0 days 00:01:24.576000,1,True,Italian Grand Prix
10,46.0,0 days 00:01:24.404000,1,True,Italian Grand Prix
10,47.0,0 days 00:01:24.274000,1,True,Italian Grand Prix
10,48.0,0 days 00:01:24.467000,1,True,Italian Grand Prix
10,49.0,0 days 00:01:24.350000,1,True,Italian Grand Prix
10,50.0,0 days 00:01:24.367000,1,True,Italian Grand Prix
10,51.0,0 days 00:01:24.754000,1,True,Italian Grand Prix
10,52.0,0 days 00:01:25.111000,1,True,Italian Grand Prix
10,53.0,0 days 00:01:25.783000,1,True,Italian Grand Prix
55,1.0,0 days 00:01:27.292000,1,False,Italian Grand Prix
55,2.0,0 days 00:01:25.769000,1,True,Italian Grand Prix
55,3.0,0 days 00:01:25.780000,1,True,Italian Grand Prix
55,4.0,0 days 00:01:25.822000,1,True,Italian Grand Prix
55,5.0,0 days 00:01:25.811000,1,True,Italian Grand Prix
55,6.0,0 days 00:01:25.806000,1,True,Italian Grand Prix
55,7.0,0 days 00:01:25.540000,1,True,Italian Grand Prix
55,8.0,0 days 00:01:25.712000,2,True,Italian Grand Prix
55,9.0,0 days 00:01:25.675000,2,True,Italian Grand Prix
55,10.0,0 days 00:01:25.755000,1,True,Italian Grand Prix
55,11.0,0 days 00:01:25.748000,1,True,Italian Grand Prix
55,12.0,0 days 00:01:25.718000,1,True,Italian Grand Prix
55,13.0,0 days 00:01:25.921000,1,True,Italian Grand Prix
55,14.0,0 days 00:01:25.700000,1,True,Italian Grand Prix
55,15.0,0 days 00:01:25.819000,1,True,Italian Grand Prix
55,16.0,0 days 00:01:25.730000,1,True,Italian Grand Prix
55,17.0,0 days 00:01:25.632000,1,True,Italian Grand Prix
55,18.0,0 days 00:01:25.646000,1,True,Italian Grand Prix
55,19.0,0 days 00:01:25.797000,2,True,Italian Grand Prix
55,20.0,0 days 00:01:39.799000,24,False,Italian Grand Prix
55,21.0,0 days 00:02:13.681000,4,False,Italian Grand Prix
55,22.0,0 days 00:02:12.419000,4,False,Italian Grand Prix
55,23.0,0 days 00:02:11.648000,4,False,Italian Grand Prix
55,24.0,0 days 00:01:27.151000,2,False,Italian Grand Prix
55,25.0,0 days 00:01:58.312000,24,False,Italian Grand Prix
55,26.0,,45,False,Italian Grand Prix
55,27.0,,1,False,Italian Grand Prix
55,28.0,0 days 00:02:13.599000,1,True,Italian Grand Prix
55,29.0,0 days 00:01:25.111000,1,True,Italian Grand Prix
55,30.0,0 days 00:01:25.035000,1,True,Italian Grand Prix
55,31.0,0 days 00:01:24.242000,1,True,Italian Grand Prix
55,32.0,0 days 00:01:24.392000,1,True,Italian Grand Prix
55,33.0,0 days 00:01:24.461000,1,True,Italian Grand Prix
55,34.0,0 days 00:01:24.398000,1,True,Italian Grand Prix
55,35.0,0 days 00:01:24.152000,1,True,Italian Grand Prix
55,36.0,0 days 00:01:23.942000,1,True,Italian Grand Prix
55,37.0,0 days 00:01:24.278000,1,True,Italian Grand Prix
55,38.0,0 days 00:01:24.211000,1,True,Italian Grand Prix
55,39.0,0 days 00:01:23.987000,1,True,Italian Grand Prix
55,40.0,0 days 00:01:23.882000,1,True,Italian Grand Prix
55,41.0,0 days 00:01:24.071000,1,True,Italian Grand Prix
55,42.0,0 days 00:01:24.138000,1,True,Italian Grand Prix
55,43.0,0 days 00:01:24.474000,1,True,Italian Grand Prix
55,44.0,0 days 00:01:24.168000,1,True,Italian Grand Prix
55,45.0,0 days 00:01:24.219000,1,True,Italian Grand Prix
55,46.0,0 days 00:01:24.191000,1,True,Italian Grand Prix
55,47.0,0 days 00:01:24.168000,1,True,Italian Grand Prix
55,48.0,0 days 00:01:24.427000,1,True,Italian Grand Prix
55,49.0,0 days 00:01:24.286000,1,True,Italian Grand Prix
55,50.0,0 days 00:01:24.477000,1,True,Italian Grand Prix
55,51.0,0 days 00:01:24.699000,1,True,Italian Grand Prix
55,52.0,0 days 00:01:24.491000,1,True,Italian Grand Prix
55,53.0,0 days 00:01:25.311000,1,True,Italian Grand Prix
18,1.0,0 days 00:01:31.644000,1,False,Italian Grand Prix
18,2.0,0 days 00:01:26.152000,1,True,Italian Grand Prix
18,3.0,0 days 00:01:27.284000,1,True,Italian Grand Prix
18,4.0,0 days 00:01:25.988000,1,True,Italian Grand Prix
18,5.0,0 days 00:01:26.053000,1,True,Italian Grand Prix
18,6.0,0 days 00:01:26.215000,1,True,Italian Grand Prix
18,7.0,0 days 00:01:26.337000,1,True,Italian Grand Prix
18,8.0,0 days 00:01:26.225000,2,True,Italian Grand Prix
18,9.0,0 days 00:01:26.276000,1,True,Italian Grand Prix
18,10.0,0 days 00:01:25.912000,1,True,Italian Grand Prix
18,11.0,0 days 00:01:26.140000,1,True,Italian Grand Prix
18,12.0,0 days 00:01:25.856000,1,True,Italian Grand Prix
18,13.0,0 days 00:01:26.096000,1,True,Italian Grand Prix
18,14.0,0 days 00:01:26.071000,1,True,Italian Grand Prix
18,15.0,0 days 00:01:26.251000,1,True,Italian Grand Prix
18,16.0,0 days 00:01:25.977000,1,True,Italian Grand Prix
18,17.0,0 days 00:01:26.092000,1,True,Italian Grand Prix
18,18.0,0 days 00:01:25.913000,1,True,Italian Grand Prix
18,19.0,0 days 00:01:25.782000,2,True,Italian Grand Prix
18,20.0,0 days 00:01:43.654000,24,False,Italian Grand Prix
18,21.0,0 days 00:02:07.978000,4,False,Italian Grand Prix
18,22.0,0 days 00:02:09.190000,4,False,Italian Grand Prix
18,23.0,0 days 00:02:03.063000,4,False,Italian Grand Prix
18,24.0,0 days 00:01:25.553000,1,False,Italian Grand Prix
18,25.0,0 days 00:01:57.537000,24,False,Italian Grand Prix
18,26.0,,45,False,Italian Grand Prix
18,27.0,,1,False,Italian Grand Prix
18,28.0,0 days 00:02:24.316000,1,True,Italian Grand Prix
18,29.0,0 days 00:01:26.247000,1,True,Italian Grand Prix
18,30.0,0 days 00:01:25.171000,1,True,Italian Grand Prix
18,31.0,0 days 00:01:24.372000,1,True,Italian Grand Prix
18,32.0,0 days 00:01:24.460000,1,True,Italian Grand Prix
18,33.0,0 days 00:01:24.505000,1,True,Italian Grand Prix
18,34.0,0 days 00:01:25.134000,1,True,Italian Grand Prix
18,35.0,0 days 00:01:24.743000,1,True,Italian Grand Prix
18,36.0,0 days 00:01:24.045000,1,True,Italian Grand Prix
18,37.0,0 days 00:01:24.154000,1,True,Italian Grand Prix
18,38.0,0 days 00:01:24.116000,1,True,Italian Grand Prix
18,39.0,0 days 00:01:24.211000,1,True,Italian Grand Prix
18,40.0,0 days 00:01:24.050000,1,True,Italian Grand Prix
18,41.0,0 days 00:01:24.309000,1,True,Italian Grand Prix
18,42.0,0 days 00:01:23.897000,1,True,Italian Grand Prix
18,43.0,0 days 00:01:24.179000,1,True,Italian Grand Prix
18,44.0,0 days 00:01:24.328000,1,True,Italian Grand Prix
18,45.0,0 days 00:01:24.346000,1,True,Italian Grand Prix
18,46.0,0 days 00:01:24.266000,1,True,Italian Grand Prix
18,47.0,0 days 00:01:24.259000,1,True,Italian Grand Prix
18,48.0,0 days 00:01:24.692000,1,True,Italian Grand Prix
18,49.0,0 days 00:01:24.349000,1,True,Italian Grand Prix
18,50.0,0 days 00:01:24.335000,1,True,Italian Grand Prix
18,51.0,0 days 00:01:24.511000,1,True,Italian Grand Prix
18,52.0,0 days 00:01:24.866000,1,True,Italian Grand Prix
18,53.0,0 days 00:01:24.970000,1,True,Italian Grand Prix
4,1.0,0 days 00:01:28.591000,1,False,Italian Grand Prix
4,2.0,0 days 00:01:26,1,True,Italian Grand Prix
4,3.0,0 days 00:01:26.125000,1,True,Italian Grand Prix
4,4.0,0 days 00:01:25.854000,1,True,Italian Grand Prix
4,5.0,0 days 00:01:25.951000,1,True,Italian Grand Prix
4,6.0,0 days 00:01:26.204000,1,True,Italian Grand Prix
4,7.0,0 days 00:01:26.046000,1,True,Italian Grand Prix
4,8.0,0 days 00:01:26.049000,2,True,Italian Grand Prix
4,9.0,0 days 00:01:26.204000,2,True,Italian Grand Prix
4,10.0,0 days 00:01:25.703000,1,True,Italian Grand Prix
4,11.0,0 days 00:01:25.776000,1,True,Italian Grand Prix
4,12.0,0 days 00:01:25.942000,1,True,Italian Grand Prix
4,13.0,0 days 00:01:25.915000,1,True,Italian Grand Prix
4,14.0,0 days 00:01:25.913000,1,True,Italian Grand Prix
4,15.0,0 days 00:01:25.807000,1,True,Italian Grand Prix
4,16.0,0 days 00:01:25.847000,1,True,Italian Grand Prix
4,17.0,0 days 00:01:25.677000,1,True,Italian Grand Prix
4,18.0,0 days 00:01:25.724000,1,True,Italian Grand Prix
4,19.0,0 days 00:01:25.796000,2,True,Italian Grand Prix
4,20.0,0 days 00:01:41.652000,24,False,Italian Grand Prix
4,21.0,0 days 00:02:11.381000,4,False,Italian Grand Prix
4,22.0,0 days 00:02:15.263000,4,False,Italian Grand Prix
4,23.0,0 days 00:02:05.092000,4,False,Italian Grand Prix
4,24.0,0 days 00:01:27.636000,2,False,Italian Grand Prix
4,25.0,0 days 00:01:59.453000,24,False,Italian Grand Prix
4,26.0,,45,False,Italian Grand Prix
4,27.0,,1,False,Italian Grand Prix
4,28.0,0 days 00:02:13.905000,1,True,Italian Grand Prix
4,29.0,0 days 00:01:25.769000,1,True,Italian Grand Prix
4,30.0,0 days 00:01:25.190000,1,True,Italian Grand Prix
4,31.0,0 days 00:01:24.675000,1,True,Italian Grand Prix
4,32.0,0 days 00:01:24.782000,1,True,Italian Grand Prix
4,33.0,0 days 00:01:24.633000,1,True,Italian Grand Prix
4,34.0,0 days 00:01:24.736000,1,True,Italian Grand Prix
4,35.0,0 days 00:01:25.549000,1,True,Italian Grand Prix
4,36.0,0 days 00:01:24.518000,1,True,Italian Grand Prix
4,37.0,0 days 00:01:24.769000,1,True,Italian Grand Prix
4,38.0,0 days 00:01:24.526000,1,True,Italian Grand Prix
4,39.0,0 days 00:01:24.249000,1,True,Italian Grand Prix
4,40.0,0 days 00:01:24.264000,1,True,Italian Grand Prix
4,41.0,0 days 00:01:24.240000,1,True,Italian Grand Prix
4,42.0,0 days 00:01:24.441000,1,True,Italian Grand Prix
4,43.0,0 days 00:01:24.530000,1,True,Italian Grand Prix
4,44.0,0 days 00:01:24.508000,1,True,Italian Grand Prix
4,45.0,0 days 00:01:24.511000,1,True,Italian Grand Prix
4,46.0,0 days 00:01:24.321000,1,True,Italian Grand Prix
4,47.0,0 days 00:01:24.312000,1,True,Italian Grand Prix
4,48.0,0 days 00:01:24.277000,1,True,Italian Grand Prix
4,49.0,0 days 00:01:24.329000,1,True,Italian Grand Prix
4,50.0,0 days 00:01:24.232000,1,True,Italian Grand Prix
4,51.0,0 days 00:01:24.253000,1,True,Italian Grand Prix
4,52.0,0 days 00:01:24.247000,1,True,Italian Grand Prix
4,53.0,0 days 00:01:24.310000,1,True,Italian Grand Prix
77,1.0,0 days 00:01:30.934000,1,False,Italian Grand Prix
77,2.0,0 days 00:01:26.027000,1,True,Italian Grand Prix
77,3.0,0 days 00:01:25.971000,1,True,Italian Grand Prix
77,4.0,0 days 00:01:26.052000,1,True,Italian Grand Prix
77,5.0,0 days 00:01:26.119000,1,True,Italian Grand Prix
77,6.0,0 days 00:01:26.552000,1,True,Italian Grand Prix
77,7.0,0 days 00:01:26.075000,1,True,Italian Grand Prix
77,8.0,0 days 00:01:26.101000,2,True,Italian Grand Prix
77,9.0,0 days 00:01:26.130000,1,True,Italian Grand Prix
77,10.0,0 days 00:01:25.347000,1,True,Italian Grand Prix
77,11.0,0 days 00:01:26.311000,1,True,Italian Grand Prix
77,12.0,0 days 00:01:25.845000,1,True,Italian Grand Prix
77,13.0,0 days 00:01:26.377000,1,True,Italian Grand Prix
77,14.0,0 days 00:01:26.070000,1,True,Italian Grand Prix
77,15.0,0 days 00:01:26.388000,1,True,Italian Grand Prix
77,16.0,0 days 00:01:25.792000,1,True,Italian Grand Prix
77,17.0,0 days 00:01:26.018000,1,True,Italian Grand Prix
77,18.0,0 days 00:01:25.789000,1,True,Italian Grand Prix
77,19.0,0 days 00:01:25.739000,2,True,Italian Grand Prix
77,20.0,0 days 00:01:42.462000,24,False,Italian Grand Prix
77,21.0,0 days 00:02:09.652000,4,False,Italian Grand Prix
77,22.0,0 days 00:02:13.491000,4,False,Italian Grand Prix
77,23.0,0 days 00:02:03.911000,4,False,Italian Grand Prix
77,24.0,0 days 00:01:27.662000,2,False,Italian Grand Prix
77,25.0,0 days 00:01:59.515000,24,False,Italian Grand Prix
77,26.0,,45,False,Italian Grand Prix
77,27.0,,1,False,Italian Grand Prix
77,28.0,0 days 00:02:12.050000,1,True,Italian Grand Prix
77,29.0,0 days 00:01:26.085000,1,True,Italian Grand Prix
77,30.0,0 days 00:01:25.285000,1,True,Italian Grand Prix
77,31.0,0 days 00:01:24.611000,1,True,Italian Grand Prix
77,32.0,0 days 00:01:24.777000,1,True,Italian Grand Prix
77,33.0,0 days 00:01:24.659000,1,True,Italian Grand Prix
77,34.0,0 days 00:01:24.782000,1,True,Italian Grand Prix
77,35.0,0 days 00:01:25.505000,1,True,Italian Grand Prix
77,36.0,0 days 00:01:25.300000,1,True,Italian Grand Prix
77,37.0,0 days 00:01:24.194000,1,True,Italian Grand Prix
77,38.0,0 days 00:01:24.632000,1,True,Italian Grand Prix
77,39.0,0 days 00:01:24.482000,1,True,Italian Grand Prix
77,40.0,0 days 00:01:24.121000,1,True,Italian Grand Prix
77,41.0,0 days 00:01:24.032000,1,True,Italian Grand Prix
77,42.0,0 days 00:01:24.405000,1,True,Italian Grand Prix
77,43.0,0 days 00:01:24.440000,1,True,Italian Grand Prix
77,44.0,0 days 00:01:24.429000,1,True,Italian Grand Prix
77,45.0,0 days 00:01:24.665000,1,True,Italian Grand Prix
77,46.0,0 days 00:01:24.246000,1,True,Italian Grand Prix
77,47.0,0 days 00:01:24.445000,1,True,Italian Grand Prix
77,48.0,0 days 00:01:24.649000,1,True,Italian Grand Prix
77,49.0,0 days 00:01:24.452000,1,True,Italian Grand Prix
77,50.0,0 days 00:01:23.997000,1,True,Italian Grand Prix
77,51.0,0 days 00:01:23.961000,1,True,Italian Grand Prix
77,52.0,0 days 00:01:24.075000,1,True,Italian Grand Prix
77,53.0,0 days 00:01:24.688000,1,True,Italian Grand Prix
3,1.0,0 days 00:01:30.222000,1,False,Italian Grand Prix
3,2.0,0 days 00:01:26.185000,1,True,Italian Grand Prix
3,3.0,0 days 00:01:25.976000,1,True,Italian Grand Prix
3,4.0,0 days 00:01:25.983000,1,True,Italian Grand Prix
3,5.0,0 days 00:01:26.308000,1,True,Italian Grand Prix
3,6.0,0 days 00:01:26.064000,1,True,Italian Grand Prix
3,7.0,0 days 00:01:26.153000,1,True,Italian Grand Prix
3,8.0,0 days 00:01:26.008000,2,True,Italian Grand Prix
3,9.0,0 days 00:01:26.178000,2,True,Italian Grand Prix
3,10.0,0 days 00:01:25.761000,1,True,Italian Grand Prix
3,11.0,0 days 00:01:25.823000,1,True,Italian Grand Prix
3,12.0,0 days 00:01:25.990000,1,True,Italian Grand Prix
3,13.0,0 days 00:01:26.079000,1,True,Italian Grand Prix
3,14.0,0 days 00:01:26.113000,1,True,Italian Grand Prix
3,15.0,0 days 00:01:26.147000,1,True,Italian Grand Prix
3,16.0,0 days 00:01:26.123000,1,True,Italian Grand Prix
3,17.0,0 days 00:01:25.474000,1,True,Italian Grand Prix
3,18.0,0 days 00:01:25.682000,1,True,Italian Grand Prix
3,19.0,0 days 00:01:25.644000,2,True,Italian Grand Prix
3,20.0,0 days 00:01:41.805000,24,False,Italian Grand Prix
3,21.0,0 days 00:02:11.125000,4,False,Italian Grand Prix
3,22.0,0 days 00:02:13.747000,4,False,Italian Grand Prix
3,23.0,0 days 00:02:05.316000,4,False,Italian Grand Prix
3,24.0,0 days 00:01:27.928000,2,False,Italian Grand Prix
3,25.0,0 days 00:02:00.373000,24,False,Italian Grand Prix
3,26.0,,45,False,Italian Grand Prix
3,27.0,,1,False,Italian Grand Prix
3,28.0,0 days 00:02:08.417000,1,True,Italian Grand Prix
3,29.0,0 days 00:01:26.084000,1,True,Italian Grand Prix
3,30.0,0 days 00:01:25.244000,1,True,Italian Grand Prix
3,31.0,0 days 00:01:25.034000,1,True,Italian Grand Prix
3,32.0,0 days 00:01:24.686000,1,True,Italian Grand Prix
3,33.0,0 days 00:01:24.575000,1,True,Italian Grand Prix
3,34.0,0 days 00:01:24.679000,1,True,Italian Grand Prix
3,35.0,0 days 00:01:25.394000,1,True,Italian Grand Prix
3,36.0,0 days 00:01:25.512000,1,True,Italian Grand Prix
3,37.0,0 days 00:01:25.252000,1,True,Italian Grand Prix
3,38.0,0 days 00:01:23.898000,1,True,Italian Grand Prix
3,39.0,0 days 00:01:24.403000,1,True,Italian Grand Prix
3,40.0,0 days 00:01:24.167000,1,True,Italian Grand Prix
3,41.0,0 days 00:01:24.129000,1,True,Italian Grand Prix
3,42.0,0 days 00:01:25.232000,1,True,Italian Grand Prix
3,43.0,0 days 00:01:24.407000,1,True,Italian Grand Prix
3,44.0,0 days 00:01:24.100000,1,True,Italian Grand Prix
3,45.0,0 days 00:01:24.922000,1,True,Italian Grand Prix
3,46.0,0 days 00:01:23.929000,1,True,Italian Grand Prix
3,47.0,0 days 00:01:24.245000,1,True,Italian Grand Prix
3,48.0,0 days 00:01:24.237000,1,True,Italian Grand Prix
3,49.0,0 days 00:01:24.257000,1,True,Italian Grand Prix
3,50.0,0 days 00:01:24.297000,1,True,Italian Grand Prix
3,51.0,0 days 00:01:23.963000,1,True,Italian Grand Prix
3,52.0,0 days 00:01:24.392000,1,True,Italian Grand Prix
3,53.0,0 days 00:01:24.571000,1,True,Italian Grand Prix
44,1.0,0 days 00:01:25.914000,1,False,Italian Grand Prix
44,2.0,0 days 00:01:25.265000,1,True,Italian Grand Prix
44,3.0,0 days 00:01:25.539000,1,True,Italian Grand Prix
44,4.0,0 days 00:01:25.372000,1,True,Italian Grand Prix
44,5.0,0 days 00:01:25.541000,1,True,Italian Grand Prix
44,6.0,0 days 00:01:24.890000,1,True,Italian Grand Prix
44,7.0,0 days 00:01:25.074000,1,True,Italian Grand Prix
44,8.0,0 days 00:01:25.006000,2,True,Italian Grand Prix
44,9.0,0 days 00:01:25.470000,2,True,Italian Grand Prix
44,10.0,0 days 00:01:24.928000,1,True,Italian Grand Prix
44,11.0,0 days 00:01:24.852000,1,True,Italian Grand Prix
44,12.0,0 days 00:01:25.225000,1,True,Italian Grand Prix
44,13.0,0 days 00:01:25.077000,1,True,Italian Grand Prix
44,14.0,0 days 00:01:24.995000,1,True,Italian Grand Prix
44,15.0,0 days 00:01:24.915000,1,True,Italian Grand Prix
44,16.0,0 days 00:01:24.626000,1,True,Italian Grand Prix
44,17.0,0 days 00:01:24.894000,1,True,Italian Grand Prix
44,18.0,0 days 00:01:24.768000,1,True,Italian Grand Prix
44,19.0,0 days 00:01:24.795000,1,True,Italian Grand Prix
44,20.0,0 days 00:01:36.982000,24,False,Italian Grand Prix
44,21.0,,4,False,Italian Grand Prix
44,22.0,0 days 00:02:09.960000,4,False,Italian Grand Prix
44,23.0,0 days 00:02:09.173000,4,False,Italian Grand Prix
44,24.0,0 days 00:01:23.504000,1,False,Italian Grand Prix
44,25.0,0 days 00:01:59.828000,24,False,Italian Grand Prix
44,26.0,,45,False,Italian Grand Prix
44,27.0,,1,False,Italian Grand Prix
44,28.0,0 days 00:02:25.356000,1,False,Italian Grand Prix
44,29.0,0 days 00:01:52.230000,1,False,Italian Grand Prix
44,30.0,0 days 00:01:23.765000,1,True,Italian Grand Prix
44,31.0,0 days 00:01:23.464000,1,True,Italian Grand Prix
44,32.0,0 days 00:01:22.901000,1,True,Italian Grand Prix
44,33.0,0 days 00:01:22.955000,1,True,Italian Grand Prix
44,34.0,0 days 00:01:22.746000,1,True,Italian Grand Prix
44,35.0,0 days 00:01:23.549000,1,True,Italian Grand Prix
44,36.0,0 days 00:01:23.334000,1,True,Italian Grand Prix
44,37.0,0 days 00:01:24.384000,1,True,Italian Grand Prix
44,38.0,0 days 00:01:25.073000,1,True,Italian Grand Prix
44,39.0,0 days 00:01:24.850000,1,True,Italian Grand Prix
44,40.0,0 days 00:01:24.456000,1,True,Italian Grand Prix
44,41.0,0 days 00:01:24.844000,1,True,Italian Grand Prix
44,42.0,0 days 00:01:23.777000,1,True,Italian Grand Prix
44,43.0,0 days 00:01:23.374000,1,True,Italian Grand Prix
44,44.0,0 days 00:01:24.559000,1,True,Italian Grand Prix
44,45.0,0 days 00:01:24.384000,1,True,Italian Grand Prix
44,46.0,0 days 00:01:25.315000,1,True,Italian Grand Prix
44,47.0,0 days 00:01:24.110000,1,True,Italian Grand Prix
44,48.0,0 days 00:01:24.231000,1,True,Italian Grand Prix
44,49.0,0 days 00:01:22.908000,1,True,Italian Grand Prix
44,50.0,0 days 00:01:24.110000,1,True,Italian Grand Prix
44,51.0,0 days 00:01:23.743000,1,True,Italian Grand Prix
44,52.0,0 days 00:01:23.446000,1,True,Italian Grand Prix
44,53.0,0 days 00:01:24.182000,1,True,Italian Grand Prix
31,1.0,0 days 00:01:32.119000,1,False,Italian Grand Prix
31,2.0,0 days 00:01:27.003000,1,True,Italian Grand Prix
31,3.0,0 days 00:01:26.564000,1,True,Italian Grand Prix
31,4.0,0 days 00:01:26.116000,1,True,Italian Grand Prix
31,5.0,0 days 00:01:26.217000,1,True,Italian Grand Prix
31,6.0,0 days 00:01:26.124000,1,True,Italian Grand Prix
31,7.0,0 days 00:01:26.276000,1,True,Italian Grand Prix
31,8.0,0 days 00:01:26.374000,2,True,Italian Grand Prix
31,9.0,0 days 00:01:26.364000,1,True,Italian Grand Prix
31,10.0,0 days 00:01:26.042000,1,True,Italian Grand Prix
31,11.0,0 days 00:01:26.082000,1,True,Italian Grand Prix
31,12.0,0 days 00:01:25.992000,1,True,Italian Grand Prix
31,13.0,0 days 00:01:26.033000,1,True,Italian Grand Prix
31,14.0,0 days 00:01:26.177000,1,True,Italian Grand Prix
31,15.0,0 days 00:01:26.325000,1,True,Italian Grand Prix
31,16.0,0 days 00:01:26.123000,1,True,Italian Grand Prix
31,17.0,0 days 00:01:26.062000,1,True,Italian Grand Prix
31,18.0,0 days 00:01:26.049000,1,True,Italian Grand Prix
31,19.0,0 days 00:01:26.323000,2,True,Italian Grand Prix
31,20.0,0 days 00:01:45.791000,24,False,Italian Grand Prix
31,21.0,0 days 00:02:04.860000,4,False,Italian Grand Prix
31,22.0,0 days 00:02:15.968000,4,False,Italian Grand Prix
31,23.0,0 days 00:02:00.155000,4,False,Italian Grand Prix
31,24.0,0 days 00:01:27.649000,24,False,Italian Grand Prix
31,25.0,0 days 00:02:02.384000,4,False,Italian Grand Prix
31,26.0,,45,False,Italian Grand Prix
31,27.0,,1,False,Italian Grand Prix
31,28.0,0 days 00:02:03.904000,1,True,Italian Grand Prix
31,29.0,0 days 00:01:26.462000,1,True,Italian Grand Prix
31,30.0,0 days 00:01:25.492000,1,True,Italian Grand Prix
31,31.0,0 days 00:01:25.037000,1,True,Italian Grand Prix
31,32.0,0 days 00:01:24.831000,1,True,Italian Grand Prix
31,33.0,0 days 00:01:24.658000,1,True,Italian Grand Prix
31,34.0,0 days 00:01:24.616000,1,True,Italian Grand Prix
31,35.0,0 days 00:01:24.835000,1,True,Italian Grand Prix
31,36.0,0 days 00:01:25.620000,1,True,Italian Grand Prix
31,37.0,0 days 00:01:25.591000,1,True,Italian Grand Prix
31,38.0,0 days 00:01:24.969000,1,True,Italian Grand Prix
31,39.0,0 days 00:01:24.848000,1,True,Italian Grand Prix
31,40.0,0 days 00:01:25.273000,1,True,Italian Grand Prix
31,41.0,0 days 00:01:25.304000,1,True,Italian Grand Prix
31,42.0,0 days 00:01:25.157000,1,True,Italian Grand Prix
31,43.0,0 days 00:01:24.878000,1,True,Italian Grand Prix
31,44.0,0 days 00:01:24.635000,1,True,Italian Grand Prix
31,45.0,0 days 00:01:24.701000,1,True,Italian Grand Prix
31,46.0,0 days 00:01:24.699000,1,True,Italian Grand Prix
31,47.0,0 days 00:01:24.699000,1,True,Italian Grand Prix
31,48.0,0 days 00:01:24.744000,1,True,Italian Grand Prix
31,49.0,0 days 00:01:24.748000,1,True,Italian Grand Prix
31,50.0,0 days 00:01:24.607000,1,True,Italian Grand Prix
31,51.0,0 days 00:01:24.684000,1,True,Italian Grand Prix
31,52.0,0 days 00:01:24.490000,1,True,Italian Grand Prix
31,53.0,0 days 00:01:26,1,True,Italian Grand Prix
26,1.0,0 days 00:01:33.274000,1,False,Italian Grand Prix
26,2.0,0 days 00:01:27.353000,1,True,Italian Grand Prix
26,3.0,0 days 00:01:26.602000,1,True,Italian Grand Prix
26,4.0,0 days 00:01:26.181000,1,True,Italian Grand Prix
26,5.0,0 days 00:01:26.080000,1,True,Italian Grand Prix
26,6.0,0 days 00:01:26.175000,1,True,Italian Grand Prix
26,7.0,0 days 00:01:26.202000,1,True,Italian Grand Prix
26,8.0,0 days 00:01:26.309000,2,True,Italian Grand Prix
26,9.0,0 days 00:01:26.685000,1,True,Italian Grand Prix
26,10.0,0 days 00:01:26.194000,1,True,Italian Grand Prix
26,11.0,0 days 00:01:26.183000,1,True,Italian Grand Prix
26,12.0,0 days 00:01:26.103000,1,True,Italian Grand Prix
26,13.0,0 days 00:01:26.209000,1,True,Italian Grand Prix
26,14.0,0 days 00:01:26.232000,1,True,Italian Grand Prix
26,15.0,0 days 00:01:26.448000,1,True,Italian Grand Prix
26,16.0,0 days 00:01:26.358000,1,True,Italian Grand Prix
26,17.0,0 days 00:01:26.183000,1,True,Italian Grand Prix
26,18.0,0 days 00:01:26.424000,1,True,Italian Grand Prix
26,19.0,0 days 00:01:26.894000,2,True,Italian Grand Prix
26,20.0,0 days 00:01:47.228000,24,False,Italian Grand Prix
26,21.0,0 days 00:02:01.971000,4,False,Italian Grand Prix
26,22.0,0 days 00:02:14.530000,4,False,Italian Grand Prix
26,23.0,0 days 00:01:59.872000,4,False,Italian Grand Prix
26,24.0,0 days 00:01:27.579000,24,False,Italian Grand Prix
26,25.0,0 days 00:02:03.764000,4,False,Italian Grand Prix
26,26.0,,45,False,Italian Grand Prix
26,27.0,,1,False,Italian Grand Prix
26,28.0,0 days 00:02:02.677000,1,True,Italian Grand Prix
26,29.0,0 days 00:01:26.469000,1,True,Italian Grand Prix
26,30.0,0 days 00:01:25.480000,1,True,Italian Grand Prix
26,31.0,0 days 00:01:25.052000,1,True,Italian Grand Prix
26,32.0,0 days 00:01:24.816000,1,True,Italian Grand Prix
26,33.0,0 days 00:01:24.601000,1,True,Italian Grand Prix
26,34.0,0 days 00:01:24.783000,1,True,Italian Grand Prix
26,35.0,0 days 00:01:24.953000,1,True,Italian Grand Prix
26,36.0,0 days 00:01:25.371000,1,True,Italian Grand Prix
26,37.0,0 days 00:01:25.620000,1,True,Italian Grand Prix
26,38.0,0 days 00:01:25.154000,1,True,Italian Grand Prix
26,39.0,0 days 00:01:24.929000,1,True,Italian Grand Prix
26,40.0,0 days 00:01:25.075000,1,True,Italian Grand Prix
26,41.0,0 days 00:01:25.395000,1,True,Italian Grand Prix
26,42.0,0 days 00:01:25.286000,1,True,Italian Grand Prix
26,43.0,0 days 00:01:26.108000,1,True,Italian Grand Prix
26,44.0,0 days 00:01:24.479000,1,True,Italian Grand Prix
26,45.0,0 days 00:01:24.654000,1,True,Italian Grand Prix
26,46.0,0 days 00:01:24.632000,1,True,Italian Grand Prix
26,47.0,0 days 00:01:24.566000,1,True,Italian Grand Prix
26,48.0,0 days 00:01:24.703000,1,True,Italian Grand Prix
26,49.0,0 days 00:01:24.780000,1,True,Italian Grand Prix
26,50.0,0 days 00:01:24.749000,1,True,Italian Grand Prix
26,51.0,0 days 00:01:26.357000,1,True,Italian Grand Prix
26,52.0,0 days 00:01:25.034000,1,True,Italian Grand Prix
26,53.0,0 days 00:01:25.452000,1,True,Italian Grand Prix
11,1.0,0 days 00:01:29.372000,1,False,Italian Grand Prix
11,2.0,0 days 00:01:26.136000,1,True,Italian Grand Prix
11,3.0,0 days 00:01:25.889000,1,True,Italian Grand Prix
11,4.0,0 days 00:01:26.019000,1,True,Italian Grand Prix
11,5.0,0 days 00:01:26.423000,1,True,Italian Grand Prix
11,6.0,0 days 00:01:26.025000,1,True,Italian Grand Prix
11,7.0,0 days 00:01:25.733000,1,True,Italian Grand Prix
11,8.0,0 days 00:01:25.821000,2,True,Italian Grand Prix
11,9.0,0 days 00:01:26.612000,2,True,Italian Grand Prix
11,10.0,0 days 00:01:25.715000,1,True,Italian Grand Prix
11,11.0,0 days 00:01:25.921000,1,True,Italian Grand Prix
11,12.0,0 days 00:01:26.134000,1,True,Italian Grand Prix
11,13.0,0 days 00:01:25.980000,1,True,Italian Grand Prix
11,14.0,0 days 00:01:26.043000,1,True,Italian Grand Prix
11,15.0,0 days 00:01:26.026000,1,True,Italian Grand Prix
11,16.0,0 days 00:01:25.869000,1,True,Italian Grand Prix
11,17.0,0 days 00:01:25.775000,1,True,Italian Grand Prix
11,18.0,0 days 00:01:25.470000,1,True,Italian Grand Prix
11,19.0,0 days 00:01:25.596000,2,True,Italian Grand Prix
11,20.0,0 days 00:01:41.203000,24,False,Italian Grand Prix
11,21.0,0 days 00:02:11.256000,4,False,Italian Grand Prix
11,22.0,0 days 00:02:14.803000,4,False,Italian Grand Prix
11,23.0,0 days 00:02:06.769000,4,False,Italian Grand Prix
11,24.0,0 days 00:01:29.775000,24,False,Italian Grand Prix
11,25.0,0 days 00:02:03.207000,4,False,Italian Grand Prix
11,26.0,,45,False,Italian Grand Prix
11,27.0,,1,False,Italian Grand Prix
11,28.0,0 days 00:02:02.131000,1,True,Italian Grand Prix
11,29.0,0 days 00:01:26.391000,1,True,Italian Grand Prix
11,30.0,0 days 00:01:25.626000,1,True,Italian Grand Prix
11,31.0,0 days 00:01:24.839000,1,True,Italian Grand Prix
11,32.0,0 days 00:01:24.820000,1,True,Italian Grand Prix
11,33.0,0 days 00:01:24.836000,1,True,Italian Grand Prix
11,34.0,0 days 00:01:24.556000,1,True,Italian Grand Prix
11,35.0,0 days 00:01:25.058000,1,True,Italian Grand Prix
11,36.0,0 days 00:01:25.189000,1,True,Italian Grand Prix
11,37.0,0 days 00:01:25.312000,1,True,Italian Grand Prix
11,38.0,0 days 00:01:25.676000,1,True,Italian Grand Prix
11,39.0,0 days 00:01:24.728000,1,True,Italian Grand Prix
11,40.0,0 days 00:01:25.062000,1,True,Italian Grand Prix
11,41.0,0 days 00:01:25.315000,1,True,Italian Grand Prix
11,42.0,0 days 00:01:25.599000,1,True,Italian Grand Prix
11,43.0,0 days 00:01:25.962000,1,True,Italian Grand Prix
11,44.0,0 days 00:01:25.547000,1,True,Italian Grand Prix
11,45.0,0 days 00:01:25.523000,1,True,Italian Grand Prix
11,46.0,0 days 00:01:24.922000,1,True,Italian Grand Prix
11,47.0,0 days 00:01:24.464000,1,True,Italian Grand Prix
11,48.0,0 days 00:01:24.487000,1,True,Italian Grand Prix
11,49.0,0 days 00:01:25.490000,1,True,Italian Grand Prix
11,50.0,0 days 00:01:24.336000,1,True,Italian Grand Prix
11,51.0,0 days 00:01:24.821000,1,True,Italian Grand Prix
11,52.0,0 days 00:01:24.632000,1,True,Italian Grand Prix
11,53.0,0 days 00:01:25.416000,1,True,Italian Grand Prix
6,1.0,0 days 00:01:37.259000,1,False,Italian Grand Prix
6,2.0,0 days 00:01:29.052000,1,True,Italian Grand Prix
6,3.0,0 days 00:01:28.069000,1,True,Italian Grand Prix
6,4.0,0 days 00:01:27.537000,1,True,Italian Grand Prix
6,5.0,0 days 00:01:27.599000,1,True,Italian Grand Prix
6,6.0,0 days 00:01:27.485000,1,True,Italian Grand Prix
6,7.0,0 days 00:01:27.335000,1,True,Italian Grand Prix
6,8.0,0 days 00:01:27.001000,2,True,Italian Grand Prix
6,9.0,0 days 00:01:27.178000,1,True,Italian Grand Prix
6,10.0,0 days 00:01:26.433000,1,True,Italian Grand Prix
6,11.0,0 days 00:01:26.487000,1,True,Italian Grand Prix
6,12.0,0 days 00:01:26.515000,1,True,Italian Grand Prix
6,13.0,0 days 00:01:26.551000,1,True,Italian Grand Prix
6,14.0,0 days 00:01:26.833000,1,True,Italian Grand Prix
6,15.0,0 days 00:01:26.520000,1,True,Italian Grand Prix
6,16.0,0 days 00:01:30.872000,1,False,Italian Grand Prix
6,17.0,0 days 00:01:48.068000,1,False,Italian Grand Prix
6,18.0,0 days 00:01:26.132000,1,True,Italian Grand Prix
6,19.0,0 days 00:01:26.418000,24,False,Italian Grand Prix
6,20.0,0 days 00:01:59.685000,4,False,Italian Grand Prix
6,21.0,0 days 00:01:46.240000,4,False,Italian Grand Prix
6,22.0,0 days 00:01:37.594000,4,False,Italian Grand Prix
6,23.0,0 days 00:01:55.314000,4,False,Italian Grand Prix
6,24.0,0 days 00:01:29.279000,2,False,Italian Grand Prix
6,25.0,0 days 00:02:00.295000,24,False,Italian Grand Prix
6,26.0,,45,False,Italian Grand Prix
6,27.0,,1,False,Italian Grand Prix
6,28.0,0 days 00:02:10.291000,1,True,Italian Grand Prix
6,29.0,0 days 00:01:27.610000,1,True,Italian Grand Prix
6,30.0,0 days 00:01:25.990000,1,True,Italian Grand Prix
6,31.0,0 days 00:01:25.302000,1,True,Italian Grand Prix
6,32.0,0 days 00:01:25.054000,1,True,Italian Grand Prix
6,33.0,0 days 00:01:25.029000,1,True,Italian Grand Prix
6,34.0,0 days 00:01:25.300000,1,True,Italian Grand Prix
6,35.0,0 days 00:01:25.382000,1,True,Italian Grand Prix
6,36.0,0 days 00:01:25.452000,1,True,Italian Grand Prix
6,37.0,0 days 00:01:25.208000,1,True,Italian Grand Prix
6,38.0,0 days 00:01:25.080000,1,True,Italian Grand Prix
6,39.0,0 days 00:01:24.999000,1,True,Italian Grand Prix
6,40.0,0 days 00:01:25.122000,1,True,Italian Grand Prix
6,41.0,0 days 00:01:25.356000,1,True,Italian Grand Prix
6,42.0,0 days 00:01:25.197000,1,True,Italian Grand Prix
6,43.0,0 days 00:01:25.059000,1,True,Italian Grand Prix
6,44.0,0 days 00:01:25.094000,1,True,Italian Grand Prix
6,45.0,0 days 00:01:26.571000,1,True,Italian Grand Prix
6,46.0,0 days 00:01:25.835000,1,True,Italian Grand Prix
6,47.0,0 days 00:01:25.388000,1,True,Italian Grand Prix
6,48.0,0 days 00:01:25.669000,1,True,Italian Grand Prix
6,49.0,0 days 00:01:25.487000,1,True,Italian Grand Prix
6,50.0,0 days 00:01:25.926000,1,True,Italian Grand Prix
6,51.0,0 days 00:01:26.705000,1,True,Italian Grand Prix
6,52.0,0 days 00:01:25.647000,1,True,Italian Grand Prix
6,53.0,0 days 00:01:25.345000,1,True,Italian Grand Prix
8,1.0,0 days 00:01:35.429000,1,False,Italian Grand Prix
8,2.0,0 days 00:01:28.613000,1,True,Italian Grand Prix
8,3.0,0 days 00:01:27.270000,1,True,Italian Grand Prix
8,4.0,0 days 00:01:27.145000,1,True,Italian Grand Prix
8,5.0,0 days 00:01:26.662000,1,True,Italian Grand Prix
8,6.0,0 days 00:01:27.137000,1,True,Italian Grand Prix
8,7.0,0 days 00:01:26.733000,1,True,Italian Grand Prix
8,8.0,0 days 00:01:26.846000,2,True,Italian Grand Prix
8,9.0,0 days 00:01:26.803000,1,True,Italian Grand Prix
8,10.0,0 days 00:01:26.446000,1,True,Italian Grand Prix
8,11.0,0 days 00:01:26.624000,1,True,Italian Grand Prix
8,12.0,0 days 00:01:26.790000,1,True,Italian Grand Prix
8,13.0,0 days 00:01:26.664000,1,True,Italian Grand Prix
8,14.0,0 days 00:01:26.984000,1,True,Italian Grand Prix
8,15.0,0 days 00:01:26.395000,1,True,Italian Grand Prix
8,16.0,0 days 00:01:26.392000,1,True,Italian Grand Prix
8,17.0,0 days 00:01:26.682000,1,True,Italian Grand Prix
8,18.0,0 days 00:01:26.764000,1,True,Italian Grand Prix
8,19.0,0 days 00:01:27.098000,2,True,Italian Grand Prix
8,20.0,0 days 00:01:49.843000,24,False,Italian Grand Prix
8,21.0,0 days 00:01:57.173000,4,False,Italian Grand Prix
8,22.0,0 days 00:02:06.512000,4,False,Italian Grand Prix
8,23.0,0 days 00:01:59.923000,4,False,Italian Grand Prix
8,24.0,0 days 00:01:28.896000,24,False,Italian Grand Prix
8,25.0,0 days 00:02:05.217000,4,False,Italian Grand Prix
8,26.0,,45,False,Italian Grand Prix
8,27.0,,1,False,Italian Grand Prix
8,28.0,0 days 00:01:56.960000,1,True,Italian Grand Prix
8,29.0,0 days 00:01:26.862000,1,True,Italian Grand Prix
8,30.0,0 days 00:01:26.154000,1,True,Italian Grand Prix
8,31.0,0 days 00:01:25.440000,1,True,Italian Grand Prix
8,32.0,0 days 00:01:25.491000,1,True,Italian Grand Prix
8,33.0,0 days 00:01:25.842000,1,True,Italian Grand Prix
8,34.0,0 days 00:01:26.004000,1,True,Italian Grand Prix
8,35.0,0 days 00:01:25.581000,1,True,Italian Grand Prix
8,36.0,0 days 00:01:25.206000,1,True,Italian Grand Prix
8,37.0,0 days 00:01:24.993000,1,True,Italian Grand Prix
8,38.0,0 days 00:01:25.071000,1,True,Italian Grand Prix
8,39.0,0 days 00:01:24.866000,1,True,Italian Grand Prix
8,40.0,0 days 00:01:25.968000,1,True,Italian Grand Prix
8,41.0,0 days 00:01:25.751000,1,True,Italian Grand Prix
8,42.0,0 days 00:01:26.478000,1,True,Italian Grand Prix
8,43.0,0 days 00:01:25.192000,1,True,Italian Grand Prix
8,44.0,0 days 00:01:25.226000,1,True,Italian Grand Prix
8,45.0,0 days 00:01:25.348000,1,True,Italian Grand Prix
8,46.0,0 days 00:01:25.079000,1,True,Italian Grand Prix
8,47.0,0 days 00:01:24.955000,1,True,Italian Grand Prix
8,48.0,0 days 00:01:24.785000,1,True,Italian Grand Prix
8,49.0,0 days 00:01:25.956000,1,True,Italian Grand Prix
8,50.0,0 days 00:01:25.344000,1,True,Italian Grand Prix
8,51.0,0 days 00:01:26.161000,1,True,Italian Grand Prix
8,52.0,0 days 00:01:26.180000,1,True,Italian Grand Prix
8,53.0,0 days 00:01:25.462000,1,True,Italian Grand Prix
7,1.0,0 days 00:01:33.635000,1,False,Italian Grand Prix
7,2.0,0 days 00:01:27.629000,1,True,Italian Grand Prix
7,3.0,0 days 00:01:26.820000,1,True,Italian Grand Prix
7,4.0,0 days 00:01:26.318000,1,True,Italian Grand Prix
7,5.0,0 days 00:01:26.468000,1,True,Italian Grand Prix
7,6.0,0 days 00:01:26.218000,1,True,Italian Grand Prix
7,7.0,0 days 00:01:26.331000,1,True,Italian Grand Prix
7,8.0,0 days 00:01:26.453000,2,True,Italian Grand Prix
7,9.0,0 days 00:01:26.418000,1,True,Italian Grand Prix
7,10.0,0 days 00:01:26.110000,1,True,Italian Grand Prix
7,11.0,0 days 00:01:26.404000,1,True,Italian Grand Prix
7,12.0,0 days 00:01:26.215000,1,True,Italian Grand Prix
7,13.0,0 days 00:01:26.387000,1,True,Italian Grand Prix
7,14.0,0 days 00:01:26.189000,1,True,Italian Grand Prix
7,15.0,0 days 00:01:26.291000,1,True,Italian Grand Prix
7,16.0,0 days 00:01:26.492000,1,True,Italian Grand Prix
7,17.0,0 days 00:01:26.341000,1,True,Italian Grand Prix
7,18.0,0 days 00:01:30.683000,1,False,Italian Grand Prix
7,19.0,0 days 00:01:46.392000,2,False,Italian Grand Prix
7,20.0,0 days 00:01:54.667000,24,False,Italian Grand Prix
7,21.0,0 days 00:01:58.974000,4,False,Italian Grand Prix
7,22.0,0 days 00:01:44.371000,4,False,Italian Grand Prix
7,23.0,0 days 00:01:55.684000,4,False,Italian Grand Prix
7,24.0,0 days 00:01:27.134000,2,False,Italian Grand Prix
7,25.0,0 days 00:01:57.398000,24,False,Italian Grand Prix
7,26.0,,45,False,Italian Grand Prix
7,27.0,,1,False,Italian Grand Prix
7,28.0,0 days 00:02:17.830000,1,True,Italian Grand Prix
7,29.0,0 days 00:01:24.835000,1,True,Italian Grand Prix
7,30.0,0 days 00:01:24.955000,1,True,Italian Grand Prix
7,31.0,0 days 00:01:25.064000,1,True,Italian Grand Prix
7,32.0,0 days 00:01:24.856000,1,True,Italian Grand Prix
7,33.0,0 days 00:01:24.926000,1,True,Italian Grand Prix
7,34.0,0 days 00:01:26.295000,1,True,Italian Grand Prix
7,35.0,0 days 00:01:26.632000,1,True,Italian Grand Prix
7,36.0,0 days 00:01:25.851000,1,True,Italian Grand Prix
7,37.0,0 days 00:01:26.169000,1,True,Italian Grand Prix
7,38.0,0 days 00:01:25.642000,1,True,Italian Grand Prix
7,39.0,0 days 00:01:25.034000,1,True,Italian Grand Prix
7,40.0,0 days 00:01:25.200000,1,True,Italian Grand Prix
7,41.0,0 days 00:01:25.263000,1,True,Italian Grand Prix
7,42.0,0 days 00:01:25.312000,1,True,Italian Grand Prix
7,43.0,0 days 00:01:27.247000,1,True,Italian Grand Prix
7,44.0,0 days 00:01:25.988000,1,True,Italian Grand Prix
7,45.0,0 days 00:01:25.729000,1,True,Italian Grand Prix
7,46.0,0 days 00:01:27.555000,1,True,Italian Grand Prix
7,47.0,0 days 00:01:25.676000,1,True,Italian Grand Prix
7,48.0,0 days 00:01:25.509000,1,True,Italian Grand Prix
7,49.0,0 days 00:01:25.891000,1,True,Italian Grand Prix
7,50.0,0 days 00:01:25.828000,1,True,Italian Grand Prix
7,51.0,0 days 00:01:26.924000,1,True,Italian Grand Prix
7,52.0,0 days 00:01:27.447000,1,True,Italian Grand Prix
7,53.0,0 days 00:01:27.243000,1,True,Italian Grand Prix
63,1.0,0 days 00:01:36.445000,1,False,Italian Grand Prix
63,2.0,0 days 00:01:29.298000,1,True,Italian Grand Prix
63,3.0,0 days 00:01:27.399000,1,True,Italian Grand Prix
63,4.0,0 days 00:01:27.331000,1,True,Italian Grand Prix
63,5.0,0 days 00:01:27.639000,1,True,Italian Grand Prix
63,6.0,0 days 00:01:27.370000,1,True,Italian Grand Prix
63,7.0,0 days 00:01:27.045000,1,True,Italian Grand Prix
63,8.0,0 days 00:01:26.696000,2,True,Italian Grand Prix
63,9.0,0 days 00:01:26.423000,1,True,Italian Grand Prix
63,10.0,0 days 00:01:26.315000,1,True,Italian Grand Prix
63,11.0,0 days 00:01:26.794000,1,True,Italian Grand Prix
63,12.0,0 days 00:01:26.565000,1,True,Italian Grand Prix
63,13.0,0 days 00:01:26.334000,1,True,Italian Grand Prix
63,14.0,0 days 00:01:26.310000,1,True,Italian Grand Prix
63,15.0,0 days 00:01:27.017000,1,True,Italian Grand Prix
63,16.0,0 days 00:01:26.475000,1,True,Italian Grand Prix
63,17.0,0 days 00:01:26.560000,1,True,Italian Grand Prix
63,18.0,0 days 00:01:26.498000,1,True,Italian Grand Prix
63,19.0,0 days 00:01:26.308000,2,True,Italian Grand Prix
63,20.0,0 days 00:01:51.022000,24,False,Italian Grand Prix
63,21.0,0 days 00:01:56.998000,4,False,Italian Grand Prix
63,22.0,0 days 00:02:04.514000,4,False,Italian Grand Prix
63,23.0,0 days 00:01:58.970000,4,False,Italian Grand Prix
63,24.0,0 days 00:01:28.503000,24,False,Italian Grand Prix
63,25.0,0 days 00:02:04.397000,4,False,Italian Grand Prix
63,26.0,,45,False,Italian Grand Prix
63,27.0,,1,False,Italian Grand Prix
63,28.0,0 days 00:02:00.963000,1,True,Italian Grand Prix
63,29.0,0 days 00:01:27.271000,1,True,Italian Grand Prix
63,30.0,0 days 00:01:26.607000,1,True,Italian Grand Prix
63,31.0,0 days 00:01:24.861000,1,True,Italian Grand Prix
63,32.0,0 days 00:01:25.098000,1,True,Italian Grand Prix
63,33.0,0 days 00:01:25.808000,1,True,Italian Grand Prix
63,34.0,0 days 00:01:26.140000,1,True,Italian Grand Prix
63,35.0,0 days 00:01:25.658000,1,True,Italian Grand Prix
63,36.0,0 days 00:01:25.347000,1,True,Italian Grand Prix
63,37.0,0 days 00:01:25.124000,1,True,Italian Grand Prix
63,38.0,0 days 00:01:25.032000,1,True,Italian Grand Prix
63,39.0,0 days 00:01:24.421000,1,True,Italian Grand Prix
63,40.0,0 days 00:01:26.342000,1,True,Italian Grand Prix
63,41.0,0 days 00:01:26.287000,1,True,Italian Grand Prix
63,42.0,0 days 00:01:25.864000,1,True,Italian Grand Prix
63,43.0,0 days 00:01:25.492000,1,True,Italian Grand Prix
63,44.0,0 days 00:01:25.360000,1,True,Italian Grand Prix
63,45.0,0 days 00:01:25.181000,1,True,Italian Grand Prix
63,46.0,0 days 00:01:25.164000,1,True,Italian Grand Prix
63,47.0,0 days 00:01:25.192000,1,True,Italian Grand Prix
63,48.0,0 days 00:01:24.962000,1,True,Italian Grand Prix
63,49.0,0 days 00:01:25.112000,1,True,Italian Grand Prix
63,50.0,0 days 00:01:25.184000,1,True,Italian Grand Prix
63,51.0,0 days 00:01:26.584000,1,True,Italian Grand Prix
63,52.0,0 days 00:01:26.098000,1,True,Italian Grand Prix
63,53.0,0 days 00:01:26.137000,1,True,Italian Grand Prix
23,1.0,0 days 00:01:34.938000,1,False,Italian Grand Prix
23,2.0,0 days 00:01:28.308000,1,True,Italian Grand Prix
23,3.0,0 days 00:01:26.964000,1,True,Italian Grand Prix
23,4.0,0 days 00:01:26.472000,1,True,Italian Grand Prix
23,5.0,0 days 00:01:26.159000,1,True,Italian Grand Prix
23,6.0,0 days 00:01:26.590000,1,True,Italian Grand Prix
23,7.0,0 days 00:01:26.732000,1,True,Italian Grand Prix
23,8.0,0 days 00:01:26.376000,2,True,Italian Grand Prix
23,9.0,0 days 00:01:26.798000,1,True,Italian Grand Prix
23,10.0,0 days 00:01:26.697000,1,True,Italian Grand Prix
23,11.0,0 days 00:01:26.745000,1,True,Italian Grand Prix
23,12.0,0 days 00:01:26.273000,1,True,Italian Grand Prix
23,13.0,0 days 00:01:26.382000,1,True,Italian Grand Prix
23,14.0,0 days 00:01:26.530000,1,True,Italian Grand Prix
23,15.0,0 days 00:01:26.510000,1,True,Italian Grand Prix
23,16.0,0 days 00:01:26.407000,1,True,Italian Grand Prix
23,17.0,0 days 00:01:26.535000,1,True,Italian Grand Prix
23,18.0,0 days 00:01:25.826000,1,True,Italian Grand Prix
23,19.0,0 days 00:01:26.167000,2,True,Italian Grand Prix
23,20.0,0 days 00:01:48.383000,24,False,Italian Grand Prix
23,21.0,0 days 00:01:58.471000,4,False,Italian Grand Prix
23,22.0,0 days 00:02:12.273000,4,False,Italian Grand Prix
23,23.0,0 days 00:02:00.478000,4,False,Italian Grand Prix
23,24.0,0 days 00:01:28.148000,24,False,Italian Grand Prix
23,25.0,0 days 00:02:05.099000,4,False,Italian Grand Prix
23,26.0,,45,False,Italian Grand Prix
23,27.0,,1,False,Italian Grand Prix
23,28.0,0 days 00:01:59.895000,1,True,Italian Grand Prix
23,29.0,0 days 00:01:27.314000,1,True,Italian Grand Prix
23,30.0,0 days 00:01:26.687000,1,True,Italian Grand Prix
23,31.0,0 days 00:01:25.012000,1,True,Italian Grand Prix
23,32.0,0 days 00:01:25.181000,1,True,Italian Grand Prix
23,33.0,0 days 00:01:25.699000,1,True,Italian Grand Prix
23,34.0,0 days 00:01:26.008000,1,True,Italian Grand Prix
23,35.0,0 days 00:01:25.607000,1,True,Italian Grand Prix
23,36.0,0 days 00:01:25.781000,1,True,Italian Grand Prix
23,37.0,0 days 00:01:25.142000,1,True,Italian Grand Prix
23,38.0,0 days 00:01:25.054000,1,True,Italian Grand Prix
23,39.0,0 days 00:01:24.888000,1,True,Italian Grand Prix
23,40.0,0 days 00:01:26.464000,1,True,Italian Grand Prix
23,41.0,0 days 00:01:25.441000,1,True,Italian Grand Prix
23,42.0,0 days 00:01:25.949000,1,True,Italian Grand Prix
23,43.0,0 days 00:01:25.523000,1,True,Italian Grand Prix
23,44.0,0 days 00:01:25.722000,1,True,Italian Grand Prix
23,45.0,0 days 00:01:25.433000,1,True,Italian Grand Prix
23,46.0,0 days 00:01:25.188000,1,True,Italian Grand Prix
23,47.0,0 days 00:01:25.049000,1,True,Italian Grand Prix
23,48.0,0 days 00:01:24.926000,1,True,Italian Grand Prix
23,49.0,0 days 00:01:25.002000,1,True,Italian Grand Prix
23,50.0,0 days 00:01:25.030000,1,True,Italian Grand Prix
23,51.0,0 days 00:01:26.631000,1,True,Italian Grand Prix
23,52.0,0 days 00:01:25.921000,1,True,Italian Grand Prix
23,53.0,0 days 00:01:25.864000,1,True,Italian Grand Prix
99,1.0,0 days 00:01:34.388000,1,False,Italian Grand Prix
99,2.0,0 days 00:01:28.219000,1,True,Italian Grand Prix
99,3.0,0 days 00:01:27.114000,1,True,Italian Grand Prix
99,4.0,0 days 00:01:27.834000,1,True,Italian Grand Prix
99,5.0,0 days 00:01:26.385000,1,True,Italian Grand Prix
99,6.0,0 days 00:01:26.631000,1,True,Italian Grand Prix
99,7.0,0 days 00:01:26.613000,1,True,Italian Grand Prix
99,8.0,0 days 00:01:26.496000,2,True,Italian Grand Prix
99,9.0,0 days 00:01:26.742000,1,True,Italian Grand Prix
99,10.0,0 days 00:01:26.683000,1,True,Italian Grand Prix
99,11.0,0 days 00:01:26.719000,1,True,Italian Grand Prix
99,12.0,0 days 00:01:26.566000,1,True,Italian Grand Prix
99,13.0,0 days 00:01:26.664000,1,True,Italian Grand Prix
99,14.0,0 days 00:01:26.619000,1,True,Italian Grand Prix
99,15.0,0 days 00:01:26.757000,1,True,Italian Grand Prix
99,16.0,0 days 00:01:26.523000,1,True,Italian Grand Prix
99,17.0,0 days 00:01:27.155000,1,True,Italian Grand Prix
99,18.0,0 days 00:01:26.524000,1,True,Italian Grand Prix
99,19.0,0 days 00:01:26.623000,2,True,Italian Grand Prix
99,20.0,0 days 00:01:52.074000,24,False,Italian Grand Prix
99,21.0,0 days 00:02:14.369000,4,False,Italian Grand Prix
99,22.0,0 days 00:01:46.855000,4,False,Italian Grand Prix
99,23.0,0 days 00:01:56.623000,4,False,Italian Grand Prix
99,24.0,0 days 00:01:27.887000,2,False,Italian Grand Prix
99,25.0,0 days 00:01:57.955000,24,False,Italian Grand Prix
99,26.0,,45,False,Italian Grand Prix
99,27.0,,1,False,Italian Grand Prix
99,28.0,0 days 00:02:16.861000,1,False,Italian Grand Prix
99,29.0,0 days 00:01:25.496000,1,True,Italian Grand Prix
99,30.0,0 days 00:01:29.629000,1,False,Italian Grand Prix
99,31.0,0 days 00:01:52.567000,1,False,Italian Grand Prix
99,32.0,0 days 00:01:25.338000,1,True,Italian Grand Prix
99,33.0,0 days 00:01:25.252000,1,True,Italian Grand Prix
99,34.0,0 days 00:01:25.101000,1,True,Italian Grand Prix
99,35.0,0 days 00:01:25.590000,1,True,Italian Grand Prix
99,36.0,0 days 00:01:25.729000,1,True,Italian Grand Prix
99,37.0,0 days 00:01:25.773000,1,True,Italian Grand Prix
99,38.0,0 days 00:01:25.518000,1,True,Italian Grand Prix
99,39.0,0 days 00:01:25.322000,1,True,Italian Grand Prix
99,40.0,0 days 00:01:25.005000,1,True,Italian Grand Prix
99,41.0,0 days 00:01:25.494000,1,True,Italian Grand Prix
99,42.0,0 days 00:01:25.086000,1,True,Italian Grand Prix
99,43.0,0 days 00:01:24.856000,1,True,Italian Grand Prix
99,44.0,0 days 00:01:25.040000,1,True,Italian Grand Prix
99,45.0,0 days 00:01:25.191000,1,True,Italian Grand Prix
99,46.0,0 days 00:01:24.937000,1,True,Italian Grand Prix
99,47.0,0 days 00:01:25.116000,1,True,Italian Grand Prix
99,48.0,0 days 00:01:25.203000,1,True,Italian Grand Prix
99,49.0,0 days 00:01:25.088000,1,True,Italian Grand Prix
99,50.0,0 days 00:01:25.509000,1,True,Italian Grand Prix
99,51.0,0 days 00:01:25.489000,1,True,Italian Grand Prix
99,52.0,0 days 00:01:25.814000,1,True,Italian Grand Prix
99,53.0,0 days 00:01:26.004000,1,True,Italian Grand Prix
33,1.0,0 days 00:01:31.365000,1,False,Italian Grand Prix
33,2.0,0 days 00:01:26.762000,1,True,Italian Grand Prix
33,3.0,0 days 00:01:25.744000,1,True,Italian Grand Prix
33,4.0,0 days 00:01:25.862000,1,True,Italian Grand Prix
33,5.0,0 days 00:01:25.962000,1,True,Italian Grand Prix
33,6.0,0 days 00:01:26.589000,1,True,Italian Grand Prix
33,7.0,0 days 00:01:26.095000,1,True,Italian Grand Prix
33,8.0,0 days 00:01:26.269000,2,True,Italian Grand Prix
33,9.0,0 days 00:01:26.208000,1,True,Italian Grand Prix
33,10.0,0 days 00:01:25.539000,1,True,Italian Grand Prix
33,11.0,0 days 00:01:25.770000,1,True,Italian Grand Prix
33,12.0,0 days 00:01:25.902000,1,True,Italian Grand Prix
33,13.0,0 days 00:01:26.537000,1,True,Italian Grand Prix
33,14.0,0 days 00:01:25.933000,1,True,Italian Grand Prix
33,15.0,0 days 00:01:26.279000,1,True,Italian Grand Prix
33,16.0,0 days 00:01:25.983000,1,True,Italian Grand Prix
33,17.0,0 days 00:01:25.955000,1,True,Italian Grand Prix
33,18.0,0 days 00:01:25.851000,1,True,Italian Grand Prix
33,19.0,0 days 00:01:26.285000,2,True,Italian Grand Prix
33,20.0,0 days 00:01:42.806000,24,False,Italian Grand Prix
33,21.0,0 days 00:02:08.928000,4,False,Italian Grand Prix
33,22.0,0 days 00:02:13.034000,4,False,Italian Grand Prix
33,23.0,0 days 00:02:05.006000,4,False,Italian Grand Prix
33,24.0,0 days 00:01:27.525000,2,False,Italian Grand Prix
33,25.0,0 days 00:02:00.818000,24,False,Italian Grand Prix
33,26.0,,45,False,Italian Grand Prix
33,27.0,,1,False,Italian Grand Prix
33,28.0,0 days 00:02:08.026000,1,True,Italian Grand Prix
33,29.0,0 days 00:01:28.033000,1,True,Italian Grand Prix
33,30.0,0 days 00:01:30.133000,1,False,Italian Grand Prix
16,1.0,0 days 00:01:34.071000,1,False,Italian Grand Prix
16,2.0,0 days 00:01:28.003000,1,True,Italian Grand Prix
16,3.0,0 days 00:01:26.925000,1,True,Italian Grand Prix
16,4.0,0 days 00:01:26.623000,1,True,Italian Grand Prix
16,5.0,0 days 00:01:26.354000,1,True,Italian Grand Prix
16,6.0,0 days 00:01:26.545000,1,True,Italian Grand Prix
16,7.0,0 days 00:01:26.527000,1,True,Italian Grand Prix
16,8.0,0 days 00:01:26.623000,2,True,Italian Grand Prix
16,9.0,0 days 00:01:26.752000,1,True,Italian Grand Prix
16,10.0,0 days 00:01:26.405000,1,True,Italian Grand Prix
16,11.0,0 days 00:01:26.409000,1,True,Italian Grand Prix
16,12.0,0 days 00:01:26.377000,1,True,Italian Grand Prix
16,13.0,0 days 00:01:26.557000,1,True,Italian Grand Prix
16,14.0,0 days 00:01:26.709000,1,True,Italian Grand Prix
16,15.0,0 days 00:01:26.721000,1,True,Italian Grand Prix
16,16.0,0 days 00:01:26.779000,1,True,Italian Grand Prix
16,17.0,0 days 00:01:33.330000,1,False,Italian Grand Prix
16,18.0,0 days 00:01:47.411000,1,False,Italian Grand Prix
16,19.0,0 days 00:01:26.026000,2,True,Italian Grand Prix
16,20.0,0 days 00:01:55.933000,24,False,Italian Grand Prix
16,21.0,0 days 00:01:57.406000,4,False,Italian Grand Prix
16,22.0,0 days 00:01:37.614000,4,False,Italian Grand Prix
16,23.0,0 days 00:01:55.578000,4,False,Italian Grand Prix
16,24.0,,245,False,Italian Grand Prix
20,1.0,0 days 00:01:40.100000,1,False,Italian Grand Prix
20,2.0,0 days 00:02:02.657000,1,False,Italian Grand Prix
20,3.0,0 days 00:01:26.816000,1,True,Italian Grand Prix
20,4.0,0 days 00:01:26.010000,1,True,Italian Grand Prix
20,5.0,0 days 00:01:26.163000,1,True,Italian Grand Prix
20,6.0,0 days 00:01:27.393000,1,True,Italian Grand Prix
20,7.0,0 days 00:01:26.269000,1,True,Italian Grand Prix
20,8.0,0 days 00:01:26.107000,2,True,Italian Grand Prix
20,9.0,0 days 00:01:25.941000,1,True,Italian Grand Prix
20,10.0,0 days 00:01:25.787000,1,True,Italian Grand Prix
20,11.0,0 days 00:01:25.982000,1,True,Italian Grand Prix
20,12.0,0 days 00:01:26.022000,1,True,Italian Grand Prix
20,13.0,0 days 00:01:26.053000,1,True,Italian Grand Prix
20,14.0,0 days 00:01:25.931000,1,True,Italian Grand Prix
20,15.0,0 days 00:01:26.100000,1,True,Italian Grand Prix
20,16.0,0 days 00:01:26.296000,1,True,Italian Grand Prix
20,17.0,0 days 00:01:26.225000,1,True,Italian Grand Prix
20,18.0,,24,False,Italian Grand Prix
5,1.0,0 days 00:01:37.087000,1,False,Italian Grand Prix
5,2.0,0 days 00:01:27.933000,1,True,Italian Grand Prix
5,3.0,0 days 00:01:27.646000,1,True,Italian Grand Prix
5,4.0,0 days 00:01:27.107000,1,True,Italian Grand Prix
5,5.0,0 days 00:01:28.320000,1,True,Italian Grand Prix
5,6.0,0 days 00:02:20.757000,1,False,Italian Grand Prix
10,1.0,,24,False,Tuscan Grand Prix
11,1.0,0 days 00:01:57.098000,24,False,Tuscan Grand Prix
11,2.0,0 days 00:02:25.389000,4,False,Tuscan Grand Prix
11,3.0,0 days 00:02:17.193000,4,False,Tuscan Grand Prix
11,4.0,0 days 00:02:14.942000,4,False,Tuscan Grand Prix
11,5.0,0 days 00:02:12.602000,4,False,Tuscan Grand Prix
11,6.0,0 days 00:02:17.360000,4,False,Tuscan Grand Prix
11,7.0,0 days 00:02:09.425000,24,False,Tuscan Grand Prix
11,8.0,,45,False,Tuscan Grand Prix
11,9.0,,1,False,Tuscan Grand Prix
11,10.0,0 days 00:01:27.526000,1,True,Tuscan Grand Prix
11,11.0,0 days 00:01:23.762000,1,True,Tuscan Grand Prix
11,12.0,0 days 00:01:24.230000,1,True,Tuscan Grand Prix
11,13.0,0 days 00:01:23.875000,1,True,Tuscan Grand Prix
11,14.0,0 days 00:01:23.793000,1,True,Tuscan Grand Prix
11,15.0,0 days 00:01:25.014000,1,True,Tuscan Grand Prix
11,16.0,0 days 00:01:24.279000,1,True,Tuscan Grand Prix
11,17.0,0 days 00:01:24.202000,1,True,Tuscan Grand Prix
11,18.0,0 days 00:01:25.413000,1,True,Tuscan Grand Prix
11,19.0,0 days 00:01:24.282000,1,True,Tuscan Grand Prix
11,20.0,0 days 00:01:24.837000,1,True,Tuscan Grand Prix
11,21.0,0 days 00:01:24.373000,1,True,Tuscan Grand Prix
11,22.0,0 days 00:01:24.546000,1,True,Tuscan Grand Prix
11,23.0,0 days 00:01:25.151000,1,True,Tuscan Grand Prix
11,24.0,0 days 00:01:24.699000,1,True,Tuscan Grand Prix
11,25.0,0 days 00:01:25.114000,1,True,Tuscan Grand Prix
11,26.0,0 days 00:01:25.305000,1,True,Tuscan Grand Prix
11,27.0,0 days 00:01:25.559000,1,True,Tuscan Grand Prix
11,28.0,0 days 00:01:44.649000,1,False,Tuscan Grand Prix
11,29.0,0 days 00:01:26.963000,1,False,Tuscan Grand Prix
11,30.0,0 days 00:01:22.111000,1,True,Tuscan Grand Prix
11,31.0,0 days 00:01:23.150000,1,True,Tuscan Grand Prix
11,32.0,0 days 00:01:23.284000,1,True,Tuscan Grand Prix
11,33.0,0 days 00:01:23.271000,1,True,Tuscan Grand Prix
11,34.0,0 days 00:01:22.922000,1,True,Tuscan Grand Prix
11,35.0,0 days 00:01:22.814000,1,True,Tuscan Grand Prix
11,36.0,0 days 00:01:23.623000,1,True,Tuscan Grand Prix
11,37.0,0 days 00:01:22.988000,1,True,Tuscan Grand Prix
11,38.0,0 days 00:01:22.873000,1,True,Tuscan Grand Prix
11,39.0,0 days 00:01:22.657000,1,True,Tuscan Grand Prix
11,40.0,0 days 00:01:23.133000,1,True,Tuscan Grand Prix
11,41.0,0 days 00:01:22.670000,1,True,Tuscan Grand Prix
11,42.0,0 days 00:01:22.618000,1,True,Tuscan Grand Prix
11,43.0,0 days 00:01:53.975000,24,False,Tuscan Grand Prix
11,44.0,0 days 00:01:50.473000,4,False,Tuscan Grand Prix
11,45.0,,45,False,Tuscan Grand Prix
11,46.0,,1,False,Tuscan Grand Prix
11,47.0,0 days 00:01:25.772000,1,True,Tuscan Grand Prix
11,48.0,0 days 00:01:21.827000,1,True,Tuscan Grand Prix
11,49.0,0 days 00:01:21.352000,1,True,Tuscan Grand Prix
11,50.0,0 days 00:01:21.083000,1,True,Tuscan Grand Prix
11,51.0,0 days 00:01:21.492000,1,True,Tuscan Grand Prix
11,52.0,0 days 00:01:21.456000,1,True,Tuscan Grand Prix
11,53.0,0 days 00:01:21.556000,1,True,Tuscan Grand Prix
11,54.0,0 days 00:01:21.620000,1,True,Tuscan Grand Prix
11,55.0,0 days 00:01:21.222000,1,True,Tuscan Grand Prix
11,56.0,0 days 00:01:21.120000,1,True,Tuscan Grand Prix
11,57.0,0 days 00:01:21.236000,1,True,Tuscan Grand Prix
11,58.0,0 days 00:01:21.200000,1,True,Tuscan Grand Prix
11,59.0,0 days 00:01:20.632000,1,True,Tuscan Grand Prix
16,1.0,0 days 00:01:51.398000,24,False,Tuscan Grand Prix
16,2.0,0 days 00:02:26.424000,4,False,Tuscan Grand Prix
16,3.0,0 days 00:02:16.385000,4,False,Tuscan Grand Prix
16,4.0,0 days 00:02:15.131000,4,False,Tuscan Grand Prix
16,5.0,0 days 00:02:13.400000,4,False,Tuscan Grand Prix
16,6.0,0 days 00:02:20.751000,4,False,Tuscan Grand Prix
16,7.0,0 days 00:02:04.466000,24,False,Tuscan Grand Prix
16,8.0,,45,False,Tuscan Grand Prix
16,9.0,,1,False,Tuscan Grand Prix
16,10.0,0 days 00:01:26.608000,1,True,Tuscan Grand Prix
16,11.0,0 days 00:01:23.692000,1,True,Tuscan Grand Prix
16,12.0,0 days 00:01:23.631000,1,True,Tuscan Grand Prix
16,13.0,0 days 00:01:23.491000,1,True,Tuscan Grand Prix
16,14.0,0 days 00:01:24.153000,1,True,Tuscan Grand Prix
16,15.0,0 days 00:01:24.096000,1,True,Tuscan Grand Prix
16,16.0,0 days 00:01:24.390000,1,True,Tuscan Grand Prix
16,17.0,0 days 00:01:24.457000,1,True,Tuscan Grand Prix
16,18.0,0 days 00:01:25.338000,1,True,Tuscan Grand Prix
16,19.0,0 days 00:01:25.738000,1,True,Tuscan Grand Prix
16,20.0,0 days 00:01:26.026000,1,True,Tuscan Grand Prix
16,21.0,0 days 00:01:44.937000,1,False,Tuscan Grand Prix
16,22.0,0 days 00:01:30.690000,1,False,Tuscan Grand Prix
16,23.0,0 days 00:01:24.083000,1,True,Tuscan Grand Prix
16,24.0,0 days 00:01:24.285000,1,True,Tuscan Grand Prix
16,25.0,0 days 00:01:25.001000,1,True,Tuscan Grand Prix
16,26.0,0 days 00:01:23.698000,1,True,Tuscan Grand Prix
16,27.0,0 days 00:01:24.165000,1,True,Tuscan Grand Prix
16,28.0,0 days 00:01:24.718000,1,True,Tuscan Grand Prix
16,29.0,0 days 00:01:24.574000,1,True,Tuscan Grand Prix
16,30.0,0 days 00:01:25.442000,1,True,Tuscan Grand Prix
16,31.0,0 days 00:01:24.327000,1,True,Tuscan Grand Prix
16,32.0,0 days 00:01:23.930000,1,True,Tuscan Grand Prix
16,33.0,0 days 00:01:26.030000,1,True,Tuscan Grand Prix
16,34.0,0 days 00:01:23.973000,1,True,Tuscan Grand Prix
16,35.0,0 days 00:01:23.862000,1,True,Tuscan Grand Prix
16,36.0,0 days 00:01:23.488000,1,True,Tuscan Grand Prix
16,37.0,0 days 00:01:42.659000,1,False,Tuscan Grand Prix
16,38.0,0 days 00:01:28.418000,1,False,Tuscan Grand Prix
16,39.0,0 days 00:01:22.506000,1,True,Tuscan Grand Prix
16,40.0,0 days 00:01:22.695000,1,True,Tuscan Grand Prix
16,41.0,0 days 00:01:22.827000,1,True,Tuscan Grand Prix
16,42.0,0 days 00:01:23.342000,2,True,Tuscan Grand Prix
16,43.0,0 days 00:01:47.675000,24,False,Tuscan Grand Prix
16,44.0,0 days 00:01:49.406000,4,False,Tuscan Grand Prix
16,45.0,,45,False,Tuscan Grand Prix
16,46.0,,1,False,Tuscan Grand Prix
16,47.0,0 days 00:01:29.573000,1,True,Tuscan Grand Prix
16,48.0,0 days 00:01:22.942000,1,True,Tuscan Grand Prix
16,49.0,0 days 00:01:22.717000,1,True,Tuscan Grand Prix
16,50.0,0 days 00:01:21.229000,1,True,Tuscan Grand Prix
16,51.0,0 days 00:01:22.079000,1,True,Tuscan Grand Prix
16,52.0,0 days 00:01:22.146000,1,True,Tuscan Grand Prix
16,53.0,0 days 00:01:22.218000,1,True,Tuscan Grand Prix
16,54.0,0 days 00:01:22.203000,1,True,Tuscan Grand Prix
16,55.0,0 days 00:01:21.889000,1,True,Tuscan Grand Prix
16,56.0,0 days 00:01:21.653000,1,True,Tuscan Grand Prix
16,57.0,0 days 00:01:21.936000,1,True,Tuscan Grand Prix
16,58.0,0 days 00:01:21.236000,1,True,Tuscan Grand Prix
16,59.0,0 days 00:01:21.994000,1,True,Tuscan Grand Prix
18,1.0,0 days 00:01:53.996000,24,False,Tuscan Grand Prix
18,2.0,0 days 00:02:25.696000,4,False,Tuscan Grand Prix
18,3.0,0 days 00:02:17.382000,4,False,Tuscan Grand Prix
18,4.0,0 days 00:02:14.242000,4,False,Tuscan Grand Prix
18,5.0,0 days 00:02:13.467000,4,False,Tuscan Grand Prix
18,6.0,0 days 00:02:18.951000,4,False,Tuscan Grand Prix
18,7.0,0 days 00:02:07.138000,24,False,Tuscan Grand Prix
18,8.0,,45,False,Tuscan Grand Prix
18,9.0,,1,False,Tuscan Grand Prix
18,10.0,0 days 00:01:26.695000,1,True,Tuscan Grand Prix
18,11.0,0 days 00:01:24.052000,1,True,Tuscan Grand Prix
18,12.0,0 days 00:01:23.888000,1,True,Tuscan Grand Prix
18,13.0,0 days 00:01:23.332000,1,True,Tuscan Grand Prix
18,14.0,0 days 00:01:24.125000,1,True,Tuscan Grand Prix
18,15.0,0 days 00:01:23.885000,1,True,Tuscan Grand Prix
18,16.0,0 days 00:01:24.507000,1,True,Tuscan Grand Prix
18,17.0,0 days 00:01:24.194000,1,True,Tuscan Grand Prix
18,18.0,0 days 00:01:23.259000,1,True,Tuscan Grand Prix
18,19.0,0 days 00:01:23.637000,1,True,Tuscan Grand Prix
18,20.0,0 days 00:01:23.623000,1,True,Tuscan Grand Prix
18,21.0,0 days 00:01:23.821000,1,True,Tuscan Grand Prix
18,22.0,0 days 00:01:23.815000,1,True,Tuscan Grand Prix
18,23.0,0 days 00:01:23.760000,1,True,Tuscan Grand Prix
18,24.0,0 days 00:01:23.919000,1,True,Tuscan Grand Prix
18,25.0,0 days 00:01:24.078000,1,True,Tuscan Grand Prix
18,26.0,0 days 00:01:24.070000,1,True,Tuscan Grand Prix
18,27.0,0 days 00:01:24.301000,1,True,Tuscan Grand Prix
18,28.0,0 days 00:01:24.222000,1,True,Tuscan Grand Prix
18,29.0,0 days 00:01:24.649000,1,True,Tuscan Grand Prix
18,30.0,0 days 00:01:41.836000,1,False,Tuscan Grand Prix
18,31.0,0 days 00:01:28.311000,1,False,Tuscan Grand Prix
18,32.0,0 days 00:01:23.117000,1,True,Tuscan Grand Prix
18,33.0,0 days 00:01:23.153000,1,True,Tuscan Grand Prix
18,34.0,0 days 00:01:23.238000,1,True,Tuscan Grand Prix
18,35.0,0 days 00:01:23.021000,1,True,Tuscan Grand Prix
18,36.0,0 days 00:01:23.034000,1,True,Tuscan Grand Prix
18,37.0,0 days 00:01:22.739000,1,True,Tuscan Grand Prix
18,38.0,0 days 00:01:22.323000,1,True,Tuscan Grand Prix
18,39.0,0 days 00:01:22.399000,1,True,Tuscan Grand Prix
18,40.0,0 days 00:01:22.544000,1,True,Tuscan Grand Prix
18,41.0,0 days 00:01:22.176000,1,True,Tuscan Grand Prix
18,42.0,0 days 00:01:22.068000,1,True,Tuscan Grand Prix
18,43.0,,,False,Tuscan Grand Prix
20,1.0,0 days 00:02:08.433000,24,False,Tuscan Grand Prix
20,2.0,0 days 00:02:22.262000,4,False,Tuscan Grand Prix
20,3.0,0 days 00:02:17.241000,4,False,Tuscan Grand Prix
20,4.0,0 days 00:02:13.812000,4,False,Tuscan Grand Prix
20,5.0,0 days 00:02:14.825000,4,False,Tuscan Grand Prix
20,6.0,,,False,Tuscan Grand Prix
23,1.0,0 days 00:01:52.724000,24,False,Tuscan Grand Prix
23,2.0,0 days 00:02:25.960000,4,False,Tuscan Grand Prix
23,3.0,0 days 00:02:16.967000,4,False,Tuscan Grand Prix
23,4.0,0 days 00:02:14.650000,4,False,Tuscan Grand Prix
23,5.0,0 days 00:02:13.442000,4,False,Tuscan Grand Prix
23,6.0,0 days 00:02:19.882000,4,False,Tuscan Grand Prix
23,7.0,0 days 00:02:06.021000,24,False,Tuscan Grand Prix
23,8.0,,45,False,Tuscan Grand Prix
23,9.0,,1,False,Tuscan Grand Prix
23,10.0,0 days 00:01:29.369000,1,True,Tuscan Grand Prix
23,11.0,0 days 00:01:24.054000,1,True,Tuscan Grand Prix
23,12.0,0 days 00:01:24.049000,1,True,Tuscan Grand Prix
23,13.0,0 days 00:01:23.966000,1,True,Tuscan Grand Prix
23,14.0,0 days 00:01:23.793000,1,True,Tuscan Grand Prix
23,15.0,0 days 00:01:23.917000,1,True,Tuscan Grand Prix
23,16.0,0 days 00:01:24.336000,1,True,Tuscan Grand Prix
23,17.0,0 days 00:01:24.072000,1,True,Tuscan Grand Prix
23,18.0,0 days 00:01:23.390000,1,True,Tuscan Grand Prix
23,19.0,0 days 00:01:24.621000,1,True,Tuscan Grand Prix
23,20.0,0 days 00:01:23.206000,1,True,Tuscan Grand Prix
23,21.0,0 days 00:01:23.787000,1,True,Tuscan Grand Prix
23,22.0,0 days 00:01:23.628000,1,True,Tuscan Grand Prix
23,23.0,0 days 00:01:23.899000,1,True,Tuscan Grand Prix
23,24.0,0 days 00:01:23.732000,1,True,Tuscan Grand Prix
23,25.0,0 days 00:01:23.779000,1,True,Tuscan Grand Prix
23,26.0,0 days 00:01:24.076000,1,True,Tuscan Grand Prix
23,27.0,0 days 00:01:23.927000,1,True,Tuscan Grand Prix
23,28.0,0 days 00:01:23.675000,1,True,Tuscan Grand Prix
23,29.0,0 days 00:01:24.459000,1,True,Tuscan Grand Prix
23,30.0,0 days 00:01:24.313000,1,True,Tuscan Grand Prix
23,31.0,0 days 00:01:25.240000,1,True,Tuscan Grand Prix
23,32.0,0 days 00:01:40.967000,1,False,Tuscan Grand Prix
23,33.0,0 days 00:01:28.884000,1,False,Tuscan Grand Prix
23,34.0,0 days 00:01:22.119000,1,True,Tuscan Grand Prix
23,35.0,0 days 00:01:22.684000,1,True,Tuscan Grand Prix
23,36.0,0 days 00:01:22.314000,1,True,Tuscan Grand Prix
23,37.0,0 days 00:01:21.917000,1,True,Tuscan Grand Prix
23,38.0,0 days 00:01:22.562000,1,True,Tuscan Grand Prix
23,39.0,0 days 00:01:21.756000,1,True,Tuscan Grand Prix
23,40.0,0 days 00:01:22.154000,1,True,Tuscan Grand Prix
23,41.0,0 days 00:01:22.242000,1,True,Tuscan Grand Prix
23,42.0,0 days 00:01:22.038000,1,True,Tuscan Grand Prix
23,43.0,0 days 00:01:50.967000,24,False,Tuscan Grand Prix
23,44.0,0 days 00:01:50.321000,4,False,Tuscan Grand Prix
23,45.0,,45,False,Tuscan Grand Prix
23,46.0,,1,False,Tuscan Grand Prix
23,47.0,0 days 00:01:25.553000,1,True,Tuscan Grand Prix
23,48.0,0 days 00:01:20.854000,1,True,Tuscan Grand Prix
23,49.0,0 days 00:01:21.037000,1,True,Tuscan Grand Prix
23,50.0,0 days 00:01:20.464000,1,True,Tuscan Grand Prix
23,51.0,0 days 00:01:20.039000,1,True,Tuscan Grand Prix
23,52.0,0 days 00:01:20.642000,1,True,Tuscan Grand Prix
23,53.0,0 days 00:01:20.830000,1,True,Tuscan Grand Prix
23,54.0,0 days 00:01:20.977000,1,True,Tuscan Grand Prix
23,55.0,0 days 00:01:20.665000,1,True,Tuscan Grand Prix
23,56.0,0 days 00:01:20.830000,1,True,Tuscan Grand Prix
23,57.0,0 days 00:01:20.774000,1,True,Tuscan Grand Prix
23,58.0,0 days 00:01:20.180000,1,True,Tuscan Grand Prix
23,59.0,0 days 00:01:21.273000,1,True,Tuscan Grand Prix
26,1.0,0 days 00:02:02.355000,24,False,Tuscan Grand Prix
26,2.0,0 days 00:02:24.130000,4,False,Tuscan Grand Prix
26,3.0,0 days 00:02:17.237000,4,False,Tuscan Grand Prix
26,4.0,0 days 00:02:14.702000,4,False,Tuscan Grand Prix
26,5.0,0 days 00:02:12.980000,4,False,Tuscan Grand Prix
26,6.0,0 days 00:02:13.715000,4,False,Tuscan Grand Prix
26,7.0,0 days 00:02:12.074000,24,False,Tuscan Grand Prix
26,8.0,,45,False,Tuscan Grand Prix
26,9.0,,1,False,Tuscan Grand Prix
26,10.0,0 days 00:01:30.149000,1,True,Tuscan Grand Prix
26,11.0,0 days 00:01:25.065000,1,True,Tuscan Grand Prix
26,12.0,0 days 00:01:24.182000,1,True,Tuscan Grand Prix
26,13.0,0 days 00:01:24.505000,1,True,Tuscan Grand Prix
26,14.0,0 days 00:01:24.835000,1,True,Tuscan Grand Prix
26,15.0,0 days 00:01:24.220000,1,True,Tuscan Grand Prix
26,16.0,0 days 00:01:24.222000,1,True,Tuscan Grand Prix
26,17.0,0 days 00:01:24.695000,1,True,Tuscan Grand Prix
26,18.0,0 days 00:01:24.453000,1,True,Tuscan Grand Prix
26,19.0,0 days 00:01:24.285000,1,True,Tuscan Grand Prix
26,20.0,0 days 00:01:24.311000,1,True,Tuscan Grand Prix
26,21.0,0 days 00:01:25.001000,1,True,Tuscan Grand Prix
26,22.0,0 days 00:01:24.437000,1,True,Tuscan Grand Prix
26,23.0,0 days 00:01:24.765000,1,True,Tuscan Grand Prix
26,24.0,0 days 00:01:25.354000,1,True,Tuscan Grand Prix
26,25.0,0 days 00:01:25.223000,1,True,Tuscan Grand Prix
26,26.0,0 days 00:01:24.951000,1,True,Tuscan Grand Prix
26,27.0,0 days 00:01:25.205000,1,True,Tuscan Grand Prix
26,28.0,0 days 00:01:25.689000,1,True,Tuscan Grand Prix
26,29.0,0 days 00:01:43.589000,1,False,Tuscan Grand Prix
26,30.0,0 days 00:01:30.827000,1,False,Tuscan Grand Prix
26,31.0,0 days 00:01:23.516000,1,True,Tuscan Grand Prix
26,32.0,0 days 00:01:23.016000,1,True,Tuscan Grand Prix
26,33.0,0 days 00:01:23.047000,1,True,Tuscan Grand Prix
26,34.0,0 days 00:01:23.226000,1,True,Tuscan Grand Prix
26,35.0,0 days 00:01:23.086000,1,True,Tuscan Grand Prix
26,36.0,0 days 00:01:22.589000,1,True,Tuscan Grand Prix
26,37.0,0 days 00:01:24.531000,1,True,Tuscan Grand Prix
26,38.0,0 days 00:01:23.553000,1,True,Tuscan Grand Prix
26,39.0,0 days 00:01:23.890000,1,True,Tuscan Grand Prix
26,40.0,0 days 00:01:23.538000,1,True,Tuscan Grand Prix
26,41.0,0 days 00:01:23.354000,1,True,Tuscan Grand Prix
26,42.0,0 days 00:01:23.405000,1,True,Tuscan Grand Prix
26,43.0,0 days 00:01:59.157000,24,False,Tuscan Grand Prix
26,44.0,0 days 00:01:51.464000,4,False,Tuscan Grand Prix
26,45.0,,45,False,Tuscan Grand Prix
26,46.0,,1,False,Tuscan Grand Prix
26,47.0,0 days 00:01:27.634000,1,True,Tuscan Grand Prix
26,48.0,0 days 00:01:22.451000,1,True,Tuscan Grand Prix
26,49.0,0 days 00:01:21.529000,1,True,Tuscan Grand Prix
26,50.0,0 days 00:01:21.749000,1,True,Tuscan Grand Prix
26,51.0,0 days 00:01:21.458000,1,True,Tuscan Grand Prix
26,52.0,0 days 00:01:21.631000,1,True,Tuscan Grand Prix
26,53.0,0 days 00:01:21.682000,1,True,Tuscan Grand Prix
26,54.0,0 days 00:01:21.670000,1,True,Tuscan Grand Prix
26,55.0,0 days 00:01:21.490000,1,True,Tuscan Grand Prix
26,56.0,0 days 00:01:21.524000,1,True,Tuscan Grand Prix
26,57.0,0 days 00:01:21.468000,1,True,Tuscan Grand Prix
26,58.0,0 days 00:01:21.588000,1,True,Tuscan Grand Prix
26,59.0,0 days 00:01:21.594000,1,True,Tuscan Grand Prix
3,1.0,0 days 00:01:56.335000,24,False,Tuscan Grand Prix
3,2.0,0 days 00:02:24.786000,4,False,Tuscan Grand Prix
3,3.0,0 days 00:02:17.351000,4,False,Tuscan Grand Prix
3,4.0,0 days 00:02:15.385000,4,False,Tuscan Grand Prix
3,5.0,0 days 00:02:12.873000,4,False,Tuscan Grand Prix
3,6.0,0 days 00:02:17.585000,4,False,Tuscan Grand Prix
3,7.0,0 days 00:02:07.885000,24,False,Tuscan Grand Prix
3,8.0,,45,False,Tuscan Grand Prix
3,9.0,,1,False,Tuscan Grand Prix
3,10.0,0 days 00:01:28.423000,1,True,Tuscan Grand Prix
3,11.0,0 days 00:01:24.163000,1,True,Tuscan Grand Prix
3,12.0,0 days 00:01:23.778000,1,True,Tuscan Grand Prix
3,13.0,0 days 00:01:24.037000,1,True,Tuscan Grand Prix
3,14.0,0 days 00:01:23.356000,1,True,Tuscan Grand Prix
3,15.0,0 days 00:01:23.508000,1,True,Tuscan Grand Prix
3,16.0,0 days 00:01:23.999000,1,True,Tuscan Grand Prix
3,17.0,0 days 00:01:24.128000,1,True,Tuscan Grand Prix
3,18.0,0 days 00:01:24.270000,1,True,Tuscan Grand Prix
3,19.0,0 days 00:01:23.372000,1,True,Tuscan Grand Prix
3,20.0,0 days 00:01:23.710000,1,True,Tuscan Grand Prix
3,21.0,0 days 00:01:23.744000,1,True,Tuscan Grand Prix
3,22.0,0 days 00:01:23.464000,1,True,Tuscan Grand Prix
3,23.0,0 days 00:01:23.614000,1,True,Tuscan Grand Prix
3,24.0,0 days 00:01:23.590000,1,True,Tuscan Grand Prix
3,25.0,0 days 00:01:24.374000,1,True,Tuscan Grand Prix
3,26.0,0 days 00:01:24.049000,1,True,Tuscan Grand Prix
3,27.0,0 days 00:01:41.016000,1,False,Tuscan Grand Prix
3,28.0,0 days 00:01:26.729000,1,False,Tuscan Grand Prix
3,29.0,0 days 00:01:24.891000,1,True,Tuscan Grand Prix
3,30.0,0 days 00:01:23.257000,1,True,Tuscan Grand Prix
3,31.0,0 days 00:01:23.555000,1,True,Tuscan Grand Prix
3,32.0,0 days 00:01:23.662000,1,True,Tuscan Grand Prix
3,33.0,0 days 00:01:23.211000,1,True,Tuscan Grand Prix
3,34.0,0 days 00:01:23.264000,1,True,Tuscan Grand Prix
3,35.0,0 days 00:01:23.213000,1,True,Tuscan Grand Prix
3,36.0,0 days 00:01:23.137000,1,True,Tuscan Grand Prix
3,37.0,0 days 00:01:22.952000,1,True,Tuscan Grand Prix
3,38.0,0 days 00:01:22.503000,1,True,Tuscan Grand Prix
3,39.0,0 days 00:01:22.213000,1,True,Tuscan Grand Prix
3,40.0,0 days 00:01:22.591000,1,True,Tuscan Grand Prix
3,41.0,0 days 00:01:22.483000,1,True,Tuscan Grand Prix
3,42.0,0 days 00:01:22.152000,1,True,Tuscan Grand Prix
3,43.0,0 days 00:01:47.997000,24,False,Tuscan Grand Prix
3,44.0,0 days 00:01:50.108000,4,False,Tuscan Grand Prix
3,45.0,,45,False,Tuscan Grand Prix
3,46.0,,1,False,Tuscan Grand Prix
3,47.0,0 days 00:01:24.727000,1,True,Tuscan Grand Prix
3,48.0,0 days 00:01:21.530000,1,True,Tuscan Grand Prix
3,49.0,0 days 00:01:20.712000,1,True,Tuscan Grand Prix
3,50.0,0 days 00:01:20.856000,1,True,Tuscan Grand Prix
3,51.0,0 days 00:01:22.229000,1,True,Tuscan Grand Prix
3,52.0,0 days 00:01:21.333000,1,True,Tuscan Grand Prix
3,53.0,0 days 00:01:21.138000,1,True,Tuscan Grand Prix
3,54.0,0 days 00:01:20.919000,1,True,Tuscan Grand Prix
3,55.0,0 days 00:01:20.656000,1,True,Tuscan Grand Prix
3,56.0,0 days 00:01:20.628000,1,True,Tuscan Grand Prix
3,57.0,0 days 00:01:20.426000,1,True,Tuscan Grand Prix
3,58.0,0 days 00:01:20.643000,1,True,Tuscan Grand Prix
3,59.0,0 days 00:01:21.096000,1,True,Tuscan Grand Prix
31,1.0,0 days 00:02:03.478000,24,False,Tuscan Grand Prix
31,2.0,0 days 00:02:23.856000,4,False,Tuscan Grand Prix
31,3.0,0 days 00:02:17.987000,4,False,Tuscan Grand Prix
31,4.0,0 days 00:02:14.439000,4,False,Tuscan Grand Prix
31,5.0,0 days 00:02:13.705000,4,False,Tuscan Grand Prix
31,6.0,0 days 00:02:11.793000,4,False,Tuscan Grand Prix
31,7.0,0 days 00:02:13.823000,24,False,Tuscan Grand Prix
31,8.0,,45,False,Tuscan Grand Prix
33,1.0,,24,False,Tuscan Grand Prix
4,1.0,0 days 00:01:59.936000,24,False,Tuscan Grand Prix
4,2.0,0 days 00:02:24.371000,4,False,Tuscan Grand Prix
4,3.0,0 days 00:02:17.331000,4,False,Tuscan Grand Prix
4,4.0,0 days 00:02:14.602000,4,False,Tuscan Grand Prix
4,5.0,0 days 00:02:12.713000,4,False,Tuscan Grand Prix
4,6.0,0 days 00:02:15.809000,4,False,Tuscan Grand Prix
4,7.0,0 days 00:02:10.596000,24,False,Tuscan Grand Prix
4,8.0,,45,False,Tuscan Grand Prix
4,9.0,,1,False,Tuscan Grand Prix
4,10.0,0 days 00:01:29.731000,1,True,Tuscan Grand Prix
4,11.0,0 days 00:01:24.739000,1,True,Tuscan Grand Prix
4,12.0,0 days 00:01:23.851000,1,True,Tuscan Grand Prix
4,13.0,0 days 00:01:24.469000,1,True,Tuscan Grand Prix
4,14.0,0 days 00:01:24.415000,1,True,Tuscan Grand Prix
4,15.0,0 days 00:01:24.197000,1,True,Tuscan Grand Prix
4,16.0,0 days 00:01:24.285000,1,True,Tuscan Grand Prix
4,17.0,0 days 00:01:24.314000,1,True,Tuscan Grand Prix
4,18.0,0 days 00:01:24.438000,1,True,Tuscan Grand Prix
4,19.0,0 days 00:01:24.554000,1,True,Tuscan Grand Prix
4,20.0,0 days 00:01:24.548000,1,True,Tuscan Grand Prix
4,21.0,0 days 00:01:24.704000,1,True,Tuscan Grand Prix
4,22.0,0 days 00:01:24.042000,1,True,Tuscan Grand Prix
4,23.0,0 days 00:01:24.437000,1,True,Tuscan Grand Prix
4,24.0,0 days 00:01:24.636000,1,True,Tuscan Grand Prix
4,25.0,0 days 00:01:24.958000,1,True,Tuscan Grand Prix
4,26.0,0 days 00:01:25.119000,1,True,Tuscan Grand Prix
4,27.0,0 days 00:01:24.868000,1,True,Tuscan Grand Prix
4,28.0,0 days 00:01:24.258000,1,True,Tuscan Grand Prix
4,29.0,0 days 00:01:44.423000,1,False,Tuscan Grand Prix
4,30.0,0 days 00:01:29.431000,1,False,Tuscan Grand Prix
4,31.0,0 days 00:01:23.202000,1,True,Tuscan Grand Prix
4,32.0,0 days 00:01:23.407000,1,True,Tuscan Grand Prix
4,33.0,0 days 00:01:23.067000,1,True,Tuscan Grand Prix
4,34.0,0 days 00:01:23.021000,1,True,Tuscan Grand Prix
4,35.0,0 days 00:01:23.299000,1,True,Tuscan Grand Prix
4,36.0,0 days 00:01:22.784000,1,True,Tuscan Grand Prix
4,37.0,0 days 00:01:22.583000,1,True,Tuscan Grand Prix
4,38.0,0 days 00:01:22.978000,1,True,Tuscan Grand Prix
4,39.0,0 days 00:01:22.886000,1,True,Tuscan Grand Prix
4,40.0,0 days 00:01:22.641000,1,True,Tuscan Grand Prix
4,41.0,0 days 00:01:22.878000,1,True,Tuscan Grand Prix
4,42.0,0 days 00:01:22.698000,1,True,Tuscan Grand Prix
4,43.0,0 days 00:01:57.116000,24,False,Tuscan Grand Prix
4,44.0,0 days 00:01:52.604000,4,False,Tuscan Grand Prix
4,45.0,,45,False,Tuscan Grand Prix
4,46.0,,1,False,Tuscan Grand Prix
4,47.0,0 days 00:01:26.604000,1,True,Tuscan Grand Prix
4,48.0,0 days 00:01:22.581000,1,True,Tuscan Grand Prix
4,49.0,0 days 00:01:21.645000,1,True,Tuscan Grand Prix
4,50.0,0 days 00:01:21.291000,1,True,Tuscan Grand Prix
4,51.0,0 days 00:01:21.491000,1,True,Tuscan Grand Prix
4,52.0,0 days 00:01:21.443000,1,True,Tuscan Grand Prix
4,53.0,0 days 00:01:21.526000,1,True,Tuscan Grand Prix
4,54.0,0 days 00:01:21.594000,1,True,Tuscan Grand Prix
4,55.0,0 days 00:01:21.322000,1,True,Tuscan Grand Prix
4,56.0,0 days 00:01:21.236000,1,True,Tuscan Grand Prix
4,57.0,0 days 00:01:21.419000,1,True,Tuscan Grand Prix
4,58.0,0 days 00:01:21.269000,1,True,Tuscan Grand Prix
4,59.0,0 days 00:01:21.198000,1,True,Tuscan Grand Prix
44,1.0,0 days 00:01:50.341000,24,False,Tuscan Grand Prix
44,2.0,0 days 00:02:26.653000,4,False,Tuscan Grand Prix
44,3.0,0 days 00:02:16.551000,4,False,Tuscan Grand Prix
44,4.0,0 days 00:02:14.621000,4,False,Tuscan Grand Prix
44,5.0,0 days 00:02:13.693000,4,False,Tuscan Grand Prix
44,6.0,0 days 00:02:21.511000,4,False,Tuscan Grand Prix
44,7.0,0 days 00:02:03.336000,24,False,Tuscan Grand Prix
44,8.0,,45,False,Tuscan Grand Prix
44,9.0,,1,False,Tuscan Grand Prix
44,10.0,0 days 00:01:23.370000,1,True,Tuscan Grand Prix
44,11.0,0 days 00:01:22.549000,1,True,Tuscan Grand Prix
44,12.0,0 days 00:01:22.376000,1,True,Tuscan Grand Prix
44,13.0,0 days 00:01:23.064000,1,True,Tuscan Grand Prix
44,14.0,0 days 00:01:23.293000,1,True,Tuscan Grand Prix
44,15.0,0 days 00:01:23.231000,1,True,Tuscan Grand Prix
44,16.0,0 days 00:01:22.997000,1,True,Tuscan Grand Prix
44,17.0,0 days 00:01:23.013000,1,True,Tuscan Grand Prix
44,18.0,0 days 00:01:23.683000,1,True,Tuscan Grand Prix
44,19.0,0 days 00:01:22.919000,1,True,Tuscan Grand Prix
44,20.0,0 days 00:01:23.200000,1,True,Tuscan Grand Prix
44,21.0,0 days 00:01:22.818000,1,True,Tuscan Grand Prix
44,22.0,0 days 00:01:23.668000,1,True,Tuscan Grand Prix
44,23.0,0 days 00:01:23.243000,1,True,Tuscan Grand Prix
44,24.0,0 days 00:01:22.994000,1,True,Tuscan Grand Prix
44,25.0,0 days 00:01:23.283000,1,True,Tuscan Grand Prix
44,26.0,0 days 00:01:23.425000,1,True,Tuscan Grand Prix
44,27.0,0 days 00:01:23.316000,1,True,Tuscan Grand Prix
44,28.0,0 days 00:01:23.112000,1,True,Tuscan Grand Prix
44,29.0,0 days 00:01:23.137000,1,True,Tuscan Grand Prix
44,30.0,0 days 00:01:23.074000,1,True,Tuscan Grand Prix
44,31.0,0 days 00:01:22.914000,1,True,Tuscan Grand Prix
44,32.0,0 days 00:01:40.016000,1,False,Tuscan Grand Prix
44,33.0,0 days 00:01:28.882000,1,False,Tuscan Grand Prix
44,34.0,0 days 00:01:22.104000,1,True,Tuscan Grand Prix
44,35.0,0 days 00:01:22.261000,1,True,Tuscan Grand Prix
44,36.0,0 days 00:01:22.453000,1,True,Tuscan Grand Prix
44,37.0,0 days 00:01:22.015000,1,True,Tuscan Grand Prix
44,38.0,0 days 00:01:22.099000,1,True,Tuscan Grand Prix
44,39.0,0 days 00:01:22.305000,1,True,Tuscan Grand Prix
44,40.0,0 days 00:01:22.499000,1,True,Tuscan Grand Prix
44,41.0,0 days 00:01:22.301000,1,True,Tuscan Grand Prix
44,42.0,0 days 00:01:22.354000,1,True,Tuscan Grand Prix
44,43.0,0 days 00:01:21.965000,24,False,Tuscan Grand Prix
44,44.0,0 days 00:02:06.887000,4,False,Tuscan Grand Prix
44,45.0,,45,False,Tuscan Grand Prix
44,46.0,,1,False,Tuscan Grand Prix
44,47.0,0 days 00:01:24.056000,1,True,Tuscan Grand Prix
44,48.0,0 days 00:01:20.072000,1,True,Tuscan Grand Prix
44,49.0,0 days 00:01:20.153000,1,True,Tuscan Grand Prix
44,50.0,0 days 00:01:20.655000,1,True,Tuscan Grand Prix
44,51.0,0 days 00:01:19.647000,1,True,Tuscan Grand Prix
44,52.0,0 days 00:01:21.451000,1,True,Tuscan Grand Prix
44,53.0,0 days 00:01:20.775000,1,True,Tuscan Grand Prix
44,54.0,0 days 00:01:20.655000,1,True,Tuscan Grand Prix
44,55.0,0 days 00:01:20.662000,1,True,Tuscan Grand Prix
44,56.0,0 days 00:01:20.518000,1,True,Tuscan Grand Prix
44,57.0,0 days 00:01:20.146000,1,True,Tuscan Grand Prix
44,58.0,0 days 00:01:18.833000,1,True,Tuscan Grand Prix
44,59.0,0 days 00:01:19.338000,1,True,Tuscan Grand Prix
5,1.0,0 days 00:02:46.818000,24,False,Tuscan Grand Prix
5,2.0,0 days 00:01:52.400000,4,False,Tuscan Grand Prix
5,3.0,0 days 00:02:15.684000,4,False,Tuscan Grand Prix
5,4.0,0 days 00:02:16.774000,4,False,Tuscan Grand Prix
5,5.0,0 days 00:02:12.292000,4,False,Tuscan Grand Prix
5,6.0,0 days 00:02:07.016000,42,False,Tuscan Grand Prix
5,7.0,0 days 00:02:11.088000,24,False,Tuscan Grand Prix
5,8.0,,45,False,Tuscan Grand Prix
5,9.0,,1,False,Tuscan Grand Prix
5,10.0,0 days 00:01:32.463000,1,True,Tuscan Grand Prix
5,11.0,0 days 00:01:25.273000,1,True,Tuscan Grand Prix
5,12.0,0 days 00:01:25.268000,1,True,Tuscan Grand Prix
5,13.0,0 days 00:01:25.211000,1,True,Tuscan Grand Prix
5,14.0,0 days 00:01:25.304000,1,True,Tuscan Grand Prix
5,15.0,0 days 00:01:25.063000,1,True,Tuscan Grand Prix
5,16.0,0 days 00:01:24.538000,1,True,Tuscan Grand Prix
5,17.0,0 days 00:01:24.611000,1,True,Tuscan Grand Prix
5,18.0,0 days 00:01:24.820000,1,True,Tuscan Grand Prix
5,19.0,0 days 00:01:24.983000,1,True,Tuscan Grand Prix
5,20.0,0 days 00:01:24.908000,1,True,Tuscan Grand Prix
5,21.0,0 days 00:01:25.064000,1,True,Tuscan Grand Prix
5,22.0,0 days 00:01:25.511000,1,True,Tuscan Grand Prix
5,23.0,0 days 00:01:25.679000,1,True,Tuscan Grand Prix
5,24.0,0 days 00:01:25.683000,1,True,Tuscan Grand Prix
5,25.0,0 days 00:01:25.626000,1,True,Tuscan Grand Prix
5,26.0,0 days 00:01:25.756000,1,True,Tuscan Grand Prix
5,27.0,0 days 00:01:25.863000,1,True,Tuscan Grand Prix
5,28.0,0 days 00:01:44.436000,1,False,Tuscan Grand Prix
5,29.0,0 days 00:01:30.303000,1,False,Tuscan Grand Prix
5,30.0,0 days 00:01:24.194000,1,True,Tuscan Grand Prix
5,31.0,0 days 00:01:24.017000,1,True,Tuscan Grand Prix
5,32.0,0 days 00:01:24.076000,1,True,Tuscan Grand Prix
5,33.0,0 days 00:01:24.235000,1,True,Tuscan Grand Prix
5,34.0,0 days 00:01:23.708000,1,True,Tuscan Grand Prix
5,35.0,0 days 00:01:24.224000,1,True,Tuscan Grand Prix
5,36.0,0 days 00:01:23.942000,1,True,Tuscan Grand Prix
5,37.0,0 days 00:01:23.998000,1,True,Tuscan Grand Prix
5,38.0,0 days 00:01:23.755000,1,True,Tuscan Grand Prix
5,39.0,0 days 00:01:24.103000,1,True,Tuscan Grand Prix
5,40.0,0 days 00:01:24.271000,1,True,Tuscan Grand Prix
5,41.0,0 days 00:01:24.048000,1,True,Tuscan Grand Prix
5,42.0,0 days 00:01:24.308000,2,True,Tuscan Grand Prix
5,43.0,0 days 00:02:02.831000,24,False,Tuscan Grand Prix
5,44.0,0 days 00:01:51.197000,4,False,Tuscan Grand Prix
5,45.0,,45,False,Tuscan Grand Prix
5,46.0,,1,False,Tuscan Grand Prix
5,47.0,0 days 00:01:30.026000,1,True,Tuscan Grand Prix
5,48.0,0 days 00:01:23.368000,1,True,Tuscan Grand Prix
5,49.0,0 days 00:01:22.909000,1,True,Tuscan Grand Prix
5,50.0,0 days 00:01:22.500000,1,True,Tuscan Grand Prix
5,51.0,0 days 00:01:21.968000,1,True,Tuscan Grand Prix
5,52.0,0 days 00:01:22.081000,1,True,Tuscan Grand Prix
5,53.0,0 days 00:01:22.013000,1,True,Tuscan Grand Prix
5,54.0,0 days 00:01:22.349000,1,True,Tuscan Grand Prix
5,55.0,0 days 00:01:21.902000,1,True,Tuscan Grand Prix
5,56.0,0 days 00:01:21.643000,1,True,Tuscan Grand Prix
5,57.0,0 days 00:01:21.781000,1,True,Tuscan Grand Prix
5,58.0,0 days 00:01:21.454000,1,True,Tuscan Grand Prix
5,59.0,0 days 00:01:21.202000,1,True,Tuscan Grand Prix
55,1.0,0 days 00:02:18.942000,24,False,Tuscan Grand Prix
55,2.0,0 days 00:02:15.826000,4,False,Tuscan Grand Prix
55,3.0,0 days 00:02:16.430000,4,False,Tuscan Grand Prix
55,4.0,0 days 00:02:14.153000,4,False,Tuscan Grand Prix
55,5.0,0 days 00:02:14.103000,4,False,Tuscan Grand Prix
55,6.0,,,False,Tuscan Grand Prix
6,1.0,0 days 00:02:09.418000,24,False,Tuscan Grand Prix
6,2.0,0 days 00:02:22.833000,4,False,Tuscan Grand Prix
6,3.0,0 days 00:02:17.245000,4,False,Tuscan Grand Prix
6,4.0,0 days 00:02:13.727000,4,False,Tuscan Grand Prix
6,5.0,0 days 00:02:14.383000,4,False,Tuscan Grand Prix
6,6.0,0 days 00:02:11.365000,42,False,Tuscan Grand Prix
6,7.0,,,False,Tuscan Grand Prix
63,1.0,0 days 00:02:04.620000,24,False,Tuscan Grand Prix
63,2.0,0 days 00:02:24.480000,4,False,Tuscan Grand Prix
63,3.0,0 days 00:02:17.132000,4,False,Tuscan Grand Prix
63,4.0,0 days 00:02:14.898000,4,False,Tuscan Grand Prix
63,5.0,0 days 00:02:13.501000,4,False,Tuscan Grand Prix
63,6.0,0 days 00:02:10.896000,4,False,Tuscan Grand Prix
63,7.0,0 days 00:02:14.695000,24,False,Tuscan Grand Prix
63,8.0,,45,False,Tuscan Grand Prix
63,9.0,,1,False,Tuscan Grand Prix
63,10.0,0 days 00:01:31.259000,1,True,Tuscan Grand Prix
63,11.0,0 days 00:01:25.350000,1,True,Tuscan Grand Prix
63,12.0,0 days 00:01:24.867000,1,True,Tuscan Grand Prix
63,13.0,0 days 00:01:24.800000,1,True,Tuscan Grand Prix
63,14.0,0 days 00:01:25.007000,1,True,Tuscan Grand Prix
63,15.0,0 days 00:01:24.890000,1,True,Tuscan Grand Prix
63,16.0,0 days 00:01:24.851000,1,True,Tuscan Grand Prix
63,17.0,0 days 00:01:25.358000,1,True,Tuscan Grand Prix
63,18.0,0 days 00:01:25.030000,1,True,Tuscan Grand Prix
63,19.0,0 days 00:01:24.710000,1,True,Tuscan Grand Prix
63,20.0,0 days 00:01:24.773000,1,True,Tuscan Grand Prix
63,21.0,0 days 00:01:25.200000,1,True,Tuscan Grand Prix
63,22.0,0 days 00:01:25.252000,1,True,Tuscan Grand Prix
63,23.0,0 days 00:01:25.511000,1,True,Tuscan Grand Prix
63,24.0,0 days 00:01:25.099000,1,True,Tuscan Grand Prix
63,25.0,0 days 00:01:25.406000,1,True,Tuscan Grand Prix
63,26.0,0 days 00:01:25.895000,1,True,Tuscan Grand Prix
63,27.0,0 days 00:01:25.396000,1,True,Tuscan Grand Prix
63,28.0,0 days 00:01:25.932000,1,True,Tuscan Grand Prix
63,29.0,0 days 00:01:43.575000,1,False,Tuscan Grand Prix
63,30.0,0 days 00:01:28.429000,1,False,Tuscan Grand Prix
63,31.0,0 days 00:01:23.235000,1,True,Tuscan Grand Prix
63,32.0,0 days 00:01:24.114000,1,True,Tuscan Grand Prix
63,33.0,0 days 00:01:24.200000,1,True,Tuscan Grand Prix
63,34.0,0 days 00:01:24.368000,1,True,Tuscan Grand Prix
63,35.0,0 days 00:01:24.312000,1,True,Tuscan Grand Prix
63,36.0,0 days 00:01:23.773000,1,True,Tuscan Grand Prix
63,37.0,0 days 00:01:23.795000,1,True,Tuscan Grand Prix
63,38.0,0 days 00:01:23.924000,1,True,Tuscan Grand Prix
63,39.0,0 days 00:01:24.308000,1,True,Tuscan Grand Prix
63,40.0,0 days 00:01:24.512000,1,True,Tuscan Grand Prix
63,41.0,0 days 00:01:24.022000,1,True,Tuscan Grand Prix
63,42.0,0 days 00:01:24.215000,2,True,Tuscan Grand Prix
63,43.0,0 days 00:02:03.974000,24,False,Tuscan Grand Prix
63,44.0,0 days 00:01:51.740000,4,False,Tuscan Grand Prix
63,45.0,,45,False,Tuscan Grand Prix
63,46.0,,1,False,Tuscan Grand Prix
63,47.0,0 days 00:01:29.994000,1,True,Tuscan Grand Prix
63,48.0,0 days 00:01:23.823000,1,True,Tuscan Grand Prix
63,49.0,0 days 00:01:23.267000,1,True,Tuscan Grand Prix
63,50.0,0 days 00:01:22.327000,1,True,Tuscan Grand Prix
63,51.0,0 days 00:01:23.001000,1,True,Tuscan Grand Prix
63,52.0,0 days 00:01:21.766000,1,True,Tuscan Grand Prix
63,53.0,0 days 00:01:21.789000,1,True,Tuscan Grand Prix
63,54.0,0 days 00:01:22.081000,1,True,Tuscan Grand Prix
63,55.0,0 days 00:01:21.960000,1,True,Tuscan Grand Prix
63,56.0,0 days 00:01:22.432000,1,True,Tuscan Grand Prix
63,57.0,0 days 00:01:21.730000,1,True,Tuscan Grand Prix
63,58.0,0 days 00:01:21.645000,1,True,Tuscan Grand Prix
63,59.0,0 days 00:01:21.715000,1,True,Tuscan Grand Prix
7,1.0,0 days 00:02:35.829000,24,False,Tuscan Grand Prix
7,2.0,0 days 00:02:00.769000,4,False,Tuscan Grand Prix
7,3.0,0 days 00:02:17.105000,4,False,Tuscan Grand Prix
7,4.0,0 days 00:02:15.592000,4,False,Tuscan Grand Prix
7,5.0,0 days 00:02:13.244000,4,False,Tuscan Grand Prix
7,6.0,0 days 00:02:08.229000,42,False,Tuscan Grand Prix
7,7.0,0 days 00:02:10.389000,24,False,Tuscan Grand Prix
7,8.0,,45,False,Tuscan Grand Prix
7,9.0,,1,False,Tuscan Grand Prix
7,10.0,0 days 00:01:30.841000,1,True,Tuscan Grand Prix
7,11.0,0 days 00:01:25.652000,1,True,Tuscan Grand Prix
7,12.0,0 days 00:01:25.945000,1,True,Tuscan Grand Prix
7,13.0,0 days 00:01:25.371000,1,True,Tuscan Grand Prix
7,14.0,0 days 00:01:25.255000,1,True,Tuscan Grand Prix
7,15.0,0 days 00:01:25.260000,1,True,Tuscan Grand Prix
7,16.0,0 days 00:01:26.576000,1,True,Tuscan Grand Prix
7,17.0,0 days 00:01:25.159000,1,True,Tuscan Grand Prix
7,18.0,0 days 00:01:24.885000,1,True,Tuscan Grand Prix
7,19.0,0 days 00:01:25.205000,1,True,Tuscan Grand Prix
7,20.0,0 days 00:01:25.060000,1,True,Tuscan Grand Prix
7,21.0,0 days 00:01:25.372000,1,True,Tuscan Grand Prix
7,22.0,0 days 00:01:25.106000,1,True,Tuscan Grand Prix
7,23.0,0 days 00:01:25.345000,1,True,Tuscan Grand Prix
7,24.0,0 days 00:01:25.561000,1,True,Tuscan Grand Prix
7,25.0,0 days 00:01:25.409000,1,True,Tuscan Grand Prix
7,26.0,0 days 00:01:25.562000,1,True,Tuscan Grand Prix
7,27.0,0 days 00:01:53.875000,1,False,Tuscan Grand Prix
7,28.0,0 days 00:01:35.110000,1,False,Tuscan Grand Prix
7,29.0,0 days 00:01:24.055000,1,True,Tuscan Grand Prix
7,30.0,0 days 00:01:25.179000,1,True,Tuscan Grand Prix
7,31.0,0 days 00:01:23.618000,1,True,Tuscan Grand Prix
7,32.0,0 days 00:01:24.133000,1,True,Tuscan Grand Prix
7,33.0,0 days 00:01:23.955000,1,True,Tuscan Grand Prix
7,34.0,0 days 00:01:23.797000,1,True,Tuscan Grand Prix
7,35.0,0 days 00:01:23.985000,1,True,Tuscan Grand Prix
7,36.0,0 days 00:01:23.673000,1,True,Tuscan Grand Prix
7,37.0,0 days 00:01:23.361000,1,True,Tuscan Grand Prix
7,38.0,0 days 00:01:23.285000,1,True,Tuscan Grand Prix
7,39.0,0 days 00:01:23.761000,1,True,Tuscan Grand Prix
7,40.0,0 days 00:01:24.353000,1,True,Tuscan Grand Prix
7,41.0,0 days 00:01:25.590000,1,True,Tuscan Grand Prix
7,42.0,0 days 00:01:48.127000,24,False,Tuscan Grand Prix
7,43.0,0 days 00:01:51.500000,4,False,Tuscan Grand Prix
7,44.0,,45,False,Tuscan Grand Prix
7,45.0,,5,False,Tuscan Grand Prix
7,46.0,,1,False,Tuscan Grand Prix
7,47.0,0 days 00:01:27.808000,1,True,Tuscan Grand Prix
7,48.0,0 days 00:01:22.830000,1,True,Tuscan Grand Prix
7,49.0,0 days 00:01:22.156000,1,True,Tuscan Grand Prix
7,50.0,0 days 00:01:21.925000,1,True,Tuscan Grand Prix
7,51.0,0 days 00:01:21.815000,1,True,Tuscan Grand Prix
7,52.0,0 days 00:01:22.068000,1,True,Tuscan Grand Prix
7,53.0,0 days 00:01:21.910000,1,True,Tuscan Grand Prix
7,54.0,0 days 00:01:21.858000,1,True,Tuscan Grand Prix
7,55.0,0 days 00:01:21.930000,1,True,Tuscan Grand Prix
7,56.0,0 days 00:01:21.407000,1,True,Tuscan Grand Prix
7,57.0,0 days 00:01:21.752000,1,True,Tuscan Grand Prix
7,58.0,0 days 00:01:21.371000,1,True,Tuscan Grand Prix
7,59.0,0 days 00:01:21.164000,1,True,Tuscan Grand Prix
77,1.0,0 days 00:01:46.834000,24,False,Tuscan Grand Prix
77,2.0,0 days 00:02:28.572000,4,False,Tuscan Grand Prix
77,3.0,0 days 00:02:17.078000,4,False,Tuscan Grand Prix
77,4.0,0 days 00:02:13.468000,4,False,Tuscan Grand Prix
77,5.0,0 days 00:02:14.247000,4,False,Tuscan Grand Prix
77,6.0,0 days 00:02:22.886000,4,False,Tuscan Grand Prix
77,7.0,0 days 00:02:01.252000,24,False,Tuscan Grand Prix
77,8.0,,45,False,Tuscan Grand Prix
77,9.0,,1,False,Tuscan Grand Prix
77,10.0,0 days 00:01:24.937000,1,True,Tuscan Grand Prix
77,11.0,0 days 00:01:22.435000,1,True,Tuscan Grand Prix
77,12.0,0 days 00:01:23.268000,1,True,Tuscan Grand Prix
77,13.0,0 days 00:01:22.798000,1,True,Tuscan Grand Prix
77,14.0,0 days 00:01:23.064000,1,True,Tuscan Grand Prix
77,15.0,0 days 00:01:23.201000,1,True,Tuscan Grand Prix
77,16.0,0 days 00:01:22.896000,1,True,Tuscan Grand Prix
77,17.0,0 days 00:01:23.450000,1,True,Tuscan Grand Prix
77,18.0,0 days 00:01:23.282000,1,True,Tuscan Grand Prix
77,19.0,0 days 00:01:23.136000,1,True,Tuscan Grand Prix
77,20.0,0 days 00:01:23.205000,1,True,Tuscan Grand Prix
77,21.0,0 days 00:01:23.162000,1,True,Tuscan Grand Prix
77,22.0,0 days 00:01:23.331000,1,True,Tuscan Grand Prix
77,23.0,0 days 00:01:23.231000,1,True,Tuscan Grand Prix
77,24.0,0 days 00:01:23.229000,1,True,Tuscan Grand Prix
77,25.0,0 days 00:01:23.172000,1,True,Tuscan Grand Prix
77,26.0,0 days 00:01:23.752000,1,True,Tuscan Grand Prix
77,27.0,0 days 00:01:23.380000,1,True,Tuscan Grand Prix
77,28.0,0 days 00:01:23.535000,1,True,Tuscan Grand Prix
77,29.0,0 days 00:01:24.805000,1,True,Tuscan Grand Prix
77,30.0,0 days 00:01:24.521000,1,True,Tuscan Grand Prix
77,31.0,0 days 00:01:43.260000,1,False,Tuscan Grand Prix
77,32.0,0 days 00:01:27.993000,1,False,Tuscan Grand Prix
77,33.0,0 days 00:01:21.874000,1,True,Tuscan Grand Prix
77,34.0,0 days 00:01:21.799000,1,True,Tuscan Grand Prix
77,35.0,0 days 00:01:21.916000,1,True,Tuscan Grand Prix
77,36.0,0 days 00:01:22.393000,1,True,Tuscan Grand Prix
77,37.0,0 days 00:01:22.076000,1,True,Tuscan Grand Prix
77,38.0,0 days 00:01:22.208000,1,True,Tuscan Grand Prix
77,39.0,0 days 00:01:22.278000,1,True,Tuscan Grand Prix
77,40.0,0 days 00:01:22.448000,1,True,Tuscan Grand Prix
77,41.0,0 days 00:01:22.147000,1,True,Tuscan Grand Prix
77,42.0,0 days 00:01:21.915000,1,True,Tuscan Grand Prix
77,43.0,0 days 00:01:42.623000,24,False,Tuscan Grand Prix
77,44.0,0 days 00:01:52.694000,4,False,Tuscan Grand Prix
77,45.0,,45,False,Tuscan Grand Prix
77,46.0,,1,False,Tuscan Grand Prix
77,47.0,0 days 00:01:24.991000,1,True,Tuscan Grand Prix
77,48.0,0 days 00:01:19.752000,1,True,Tuscan Grand Prix
77,49.0,0 days 00:01:21.001000,1,True,Tuscan Grand Prix
77,50.0,0 days 00:01:20.578000,1,True,Tuscan Grand Prix
77,51.0,0 days 00:01:20.596000,1,True,Tuscan Grand Prix
77,52.0,0 days 00:01:21.213000,1,True,Tuscan Grand Prix
77,53.0,0 days 00:01:19.432000,1,True,Tuscan Grand Prix
77,54.0,0 days 00:01:20.941000,1,True,Tuscan Grand Prix
77,55.0,0 days 00:01:20.757000,1,True,Tuscan Grand Prix
77,56.0,0 days 00:01:20.250000,1,True,Tuscan Grand Prix
77,57.0,0 days 00:01:20.054000,1,True,Tuscan Grand Prix
77,58.0,0 days 00:01:19.561000,1,True,Tuscan Grand Prix
77,59.0,0 days 00:01:22.214000,1,True,Tuscan Grand Prix
8,1.0,0 days 00:02:38.359000,24,False,Tuscan Grand Prix
8,2.0,0 days 00:01:57.221000,4,False,Tuscan Grand Prix
8,3.0,0 days 00:02:17.211000,4,False,Tuscan Grand Prix
8,4.0,0 days 00:02:14.294000,4,False,Tuscan Grand Prix
8,5.0,0 days 00:02:14.068000,4,False,Tuscan Grand Prix
8,6.0,0 days 00:02:10.396000,42,False,Tuscan Grand Prix
8,7.0,0 days 00:02:19.256000,24,False,Tuscan Grand Prix
8,8.0,,45,False,Tuscan Grand Prix
8,9.0,,1,False,Tuscan Grand Prix
8,10.0,0 days 00:01:31.999000,1,True,Tuscan Grand Prix
8,11.0,0 days 00:01:26.648000,1,True,Tuscan Grand Prix
8,12.0,0 days 00:01:25.495000,1,True,Tuscan Grand Prix
8,13.0,0 days 00:01:25.447000,1,True,Tuscan Grand Prix
8,14.0,0 days 00:01:25.559000,1,True,Tuscan Grand Prix
8,15.0,0 days 00:01:25.560000,1,True,Tuscan Grand Prix
8,16.0,0 days 00:01:25.537000,1,True,Tuscan Grand Prix
8,17.0,0 days 00:01:25.864000,1,True,Tuscan Grand Prix
8,18.0,0 days 00:01:26.083000,1,True,Tuscan Grand Prix
8,19.0,0 days 00:01:25.681000,1,True,Tuscan Grand Prix
8,20.0,0 days 00:01:25.733000,1,True,Tuscan Grand Prix
8,21.0,0 days 00:01:25.627000,1,True,Tuscan Grand Prix
8,22.0,0 days 00:01:25.676000,1,True,Tuscan Grand Prix
8,23.0,0 days 00:01:25.930000,1,True,Tuscan Grand Prix
8,24.0,0 days 00:01:25.613000,1,True,Tuscan Grand Prix
8,25.0,0 days 00:01:26.012000,1,True,Tuscan Grand Prix
8,26.0,0 days 00:01:27.007000,1,True,Tuscan Grand Prix
8,27.0,0 days 00:01:26.063000,1,True,Tuscan Grand Prix
8,28.0,0 days 00:01:44.416000,1,False,Tuscan Grand Prix
8,29.0,0 days 00:01:32.229000,1,False,Tuscan Grand Prix
8,30.0,0 days 00:01:24.662000,1,True,Tuscan Grand Prix
8,31.0,0 days 00:01:24.652000,1,True,Tuscan Grand Prix
8,32.0,0 days 00:01:24.532000,1,True,Tuscan Grand Prix
8,33.0,0 days 00:01:24.558000,1,True,Tuscan Grand Prix
8,34.0,0 days 00:01:26.389000,1,True,Tuscan Grand Prix
8,35.0,0 days 00:01:24.717000,1,True,Tuscan Grand Prix
8,36.0,0 days 00:01:24.678000,1,True,Tuscan Grand Prix
8,37.0,0 days 00:01:26.816000,1,True,Tuscan Grand Prix
8,38.0,0 days 00:01:24.483000,1,True,Tuscan Grand Prix
8,39.0,0 days 00:01:26.907000,1,True,Tuscan Grand Prix
8,40.0,0 days 00:01:24.951000,1,True,Tuscan Grand Prix
8,41.0,0 days 00:01:24.346000,1,True,Tuscan Grand Prix
8,42.0,0 days 00:01:47.445000,24,False,Tuscan Grand Prix
8,43.0,0 days 00:01:51.092000,4,False,Tuscan Grand Prix
8,44.0,,45,False,Tuscan Grand Prix
8,45.0,,5,False,Tuscan Grand Prix
8,46.0,,1,False,Tuscan Grand Prix
8,47.0,0 days 00:01:28.490000,1,True,Tuscan Grand Prix
8,48.0,0 days 00:01:22.879000,1,True,Tuscan Grand Prix
8,49.0,0 days 00:01:23.268000,1,True,Tuscan Grand Prix
8,50.0,0 days 00:01:23.431000,1,True,Tuscan Grand Prix
8,51.0,0 days 00:01:24.177000,1,True,Tuscan Grand Prix
8,52.0,0 days 00:01:24.264000,1,True,Tuscan Grand Prix
8,53.0,0 days 00:01:23.511000,1,True,Tuscan Grand Prix
8,54.0,0 days 00:01:23.339000,1,True,Tuscan Grand Prix
8,55.0,0 days 00:01:23.148000,1,True,Tuscan Grand Prix
8,56.0,0 days 00:01:22.708000,1,True,Tuscan Grand Prix
8,57.0,0 days 00:01:22.676000,1,True,Tuscan Grand Prix
8,58.0,0 days 00:01:22.755000,1,True,Tuscan Grand Prix
8,59.0,0 days 00:01:22.263000,1,True,Tuscan Grand Prix
99,1.0,0 days 00:02:10.612000,24,False,Tuscan Grand Prix
99,2.0,0 days 00:02:23.099000,4,False,Tuscan Grand Prix
99,3.0,0 days 00:02:16.806000,4,False,Tuscan Grand Prix
99,4.0,0 days 00:02:13.809000,4,False,Tuscan Grand Prix
99,5.0,0 days 00:02:14.220000,4,False,Tuscan Grand Prix
99,6.0,,,False,Tuscan Grand Prix
77,1.0,0 days 00:02:08.585000,24,False,Russian Grand Prix
77,2.0,,4,False,Russian Grand Prix
77,3.0,,4,False,Russian Grand Prix
77,4.0,,4,False,Russian Grand Prix
77,5.0,,4,False,Russian Grand Prix
77,6.0,0 days 00:01:40.702000,1,False,Russian Grand Prix
77,7.0,0 days 00:01:41.480000,1,True,Russian Grand Prix
77,8.0,0 days 00:01:41.179000,1,True,Russian Grand Prix
77,9.0,0 days 00:01:41.341000,1,True,Russian Grand Prix
77,10.0,0 days 00:01:41.431000,1,True,Russian Grand Prix
77,11.0,0 days 00:01:41.237000,1,True,Russian Grand Prix
77,12.0,0 days 00:01:41.233000,1,True,Russian Grand Prix
77,13.0,0 days 00:01:41.044000,1,True,Russian Grand Prix
77,14.0,0 days 00:01:40.307000,1,True,Russian Grand Prix
77,15.0,0 days 00:01:40.059000,1,True,Russian Grand Prix
77,16.0,0 days 00:01:39.727000,1,True,Russian Grand Prix
77,17.0,0 days 00:01:39.439000,1,True,Russian Grand Prix
77,18.0,0 days 00:01:39.375000,1,True,Russian Grand Prix
77,19.0,0 days 00:01:39.569000,1,True,Russian Grand Prix
77,20.0,0 days 00:01:39.221000,1,True,Russian Grand Prix
77,21.0,0 days 00:01:39.081000,1,True,Russian Grand Prix
77,22.0,0 days 00:01:39.667000,1,True,Russian Grand Prix
77,23.0,0 days 00:01:39.403000,1,True,Russian Grand Prix
77,24.0,0 days 00:01:39.168000,1,True,Russian Grand Prix
77,25.0,0 days 00:01:39.520000,1,True,Russian Grand Prix
77,26.0,0 days 00:01:44.581000,1,False,Russian Grand Prix
77,27.0,0 days 00:02:00.330000,1,False,Russian Grand Prix
77,28.0,0 days 00:01:37.861000,1,True,Russian Grand Prix
77,29.0,0 days 00:01:38.606000,1,True,Russian Grand Prix
77,30.0,0 days 00:01:38.264000,1,True,Russian Grand Prix
77,31.0,0 days 00:01:38.611000,1,True,Russian Grand Prix
77,32.0,0 days 00:01:38.669000,1,True,Russian Grand Prix
77,33.0,0 days 00:01:38.880000,1,True,Russian Grand Prix
77,34.0,0 days 00:01:38.404000,1,True,Russian Grand Prix
77,35.0,0 days 00:01:37.807000,1,True,Russian Grand Prix
77,36.0,0 days 00:01:39.019000,1,True,Russian Grand Prix
77,37.0,0 days 00:01:39.506000,1,True,Russian Grand Prix
77,38.0,0 days 00:01:39.527000,1,True,Russian Grand Prix
77,39.0,0 days 00:01:38.755000,1,True,Russian Grand Prix
77,40.0,0 days 00:01:38.630000,1,True,Russian Grand Prix
77,41.0,0 days 00:01:38.521000,1,True,Russian Grand Prix
77,42.0,0 days 00:01:38.669000,1,True,Russian Grand Prix
77,43.0,0 days 00:01:53.109000,67,False,Russian Grand Prix
77,44.0,0 days 00:01:38.617000,1,True,Russian Grand Prix
77,45.0,0 days 00:01:38.770000,1,True,Russian Grand Prix
77,46.0,0 days 00:01:38.641000,1,True,Russian Grand Prix
77,47.0,0 days 00:01:38.818000,1,True,Russian Grand Prix
77,48.0,0 days 00:01:39.006000,1,True,Russian Grand Prix
77,49.0,0 days 00:01:38.977000,1,True,Russian Grand Prix
77,50.0,0 days 00:01:40.312000,1,True,Russian Grand Prix
77,51.0,0 days 00:01:37.030000,1,True,Russian Grand Prix
77,52.0,0 days 00:01:37.724000,1,True,Russian Grand Prix
77,53.0,0 days 00:01:37.637000,1,True,Russian Grand Prix
33,1.0,0 days 00:02:09.668000,24,False,Russian Grand Prix
33,2.0,,4,False,Russian Grand Prix
33,3.0,,4,False,Russian Grand Prix
33,4.0,,4,False,Russian Grand Prix
33,5.0,,4,False,Russian Grand Prix
33,6.0,0 days 00:01:41.375000,1,False,Russian Grand Prix
33,7.0,0 days 00:01:41.520000,1,True,Russian Grand Prix
33,8.0,0 days 00:01:41.262000,1,True,Russian Grand Prix
33,9.0,0 days 00:01:41.085000,1,True,Russian Grand Prix
33,10.0,0 days 00:01:41.289000,1,True,Russian Grand Prix
33,11.0,0 days 00:01:41.418000,1,True,Russian Grand Prix
33,12.0,0 days 00:01:41.437000,1,True,Russian Grand Prix
33,13.0,0 days 00:01:40.881000,1,True,Russian Grand Prix
33,14.0,0 days 00:01:40.897000,1,True,Russian Grand Prix
33,15.0,0 days 00:01:40.646000,1,True,Russian Grand Prix
33,16.0,0 days 00:01:40.299000,1,True,Russian Grand Prix
33,17.0,0 days 00:01:40.252000,1,True,Russian Grand Prix
33,18.0,0 days 00:01:40.070000,1,True,Russian Grand Prix
33,19.0,0 days 00:01:39.941000,1,True,Russian Grand Prix
33,20.0,0 days 00:01:40.012000,1,True,Russian Grand Prix
33,21.0,0 days 00:01:39.920000,1,True,Russian Grand Prix
33,22.0,0 days 00:01:40.113000,1,True,Russian Grand Prix
33,23.0,0 days 00:01:40.266000,1,True,Russian Grand Prix
33,24.0,0 days 00:01:40.510000,1,True,Russian Grand Prix
33,25.0,0 days 00:01:45.264000,1,False,Russian Grand Prix
33,26.0,0 days 00:02:00.406000,1,False,Russian Grand Prix
33,27.0,0 days 00:01:39.287000,1,True,Russian Grand Prix
33,28.0,0 days 00:01:39.584000,1,True,Russian Grand Prix
33,29.0,0 days 00:01:39.155000,1,True,Russian Grand Prix
33,30.0,0 days 00:01:38.997000,1,True,Russian Grand Prix
33,31.0,0 days 00:01:38.481000,1,True,Russian Grand Prix
33,32.0,0 days 00:01:38.598000,1,True,Russian Grand Prix
33,33.0,0 days 00:01:38.734000,1,True,Russian Grand Prix
33,34.0,0 days 00:01:38.735000,1,True,Russian Grand Prix
33,35.0,0 days 00:01:38.520000,1,True,Russian Grand Prix
33,36.0,0 days 00:01:38.729000,1,True,Russian Grand Prix
33,37.0,0 days 00:01:38.432000,1,True,Russian Grand Prix
33,38.0,0 days 00:01:38.496000,1,True,Russian Grand Prix
33,39.0,0 days 00:01:38.811000,1,True,Russian Grand Prix
33,40.0,0 days 00:01:39.087000,1,True,Russian Grand Prix
33,41.0,0 days 00:01:38.690000,1,True,Russian Grand Prix
33,42.0,0 days 00:01:39.175000,1,True,Russian Grand Prix
33,43.0,0 days 00:01:51.959000,67,False,Russian Grand Prix
33,44.0,0 days 00:01:38.376000,1,True,Russian Grand Prix
33,45.0,0 days 00:01:38.226000,1,True,Russian Grand Prix
33,46.0,0 days 00:01:38.173000,1,True,Russian Grand Prix
33,47.0,0 days 00:01:37.852000,1,True,Russian Grand Prix
33,48.0,0 days 00:01:37.715000,1,True,Russian Grand Prix
33,49.0,0 days 00:01:38.527000,1,True,Russian Grand Prix
33,50.0,0 days 00:01:38.705000,1,True,Russian Grand Prix
33,51.0,0 days 00:01:39.482000,1,True,Russian Grand Prix
33,52.0,0 days 00:01:37.793000,1,True,Russian Grand Prix
33,53.0,0 days 00:01:37.332000,1,True,Russian Grand Prix
44,1.0,0 days 00:02:07.166000,24,False,Russian Grand Prix
44,2.0,,4,False,Russian Grand Prix
44,3.0,,4,False,Russian Grand Prix
44,4.0,,4,False,Russian Grand Prix
44,5.0,,4,False,Russian Grand Prix
44,6.0,0 days 00:01:40.056000,1,False,Russian Grand Prix
44,7.0,0 days 00:01:41.341000,1,True,Russian Grand Prix
44,8.0,0 days 00:01:40.879000,1,True,Russian Grand Prix
44,9.0,0 days 00:01:41.725000,1,True,Russian Grand Prix
44,10.0,0 days 00:01:41.062000,1,True,Russian Grand Prix
44,11.0,0 days 00:01:41.521000,1,True,Russian Grand Prix
44,12.0,0 days 00:01:41.269000,1,True,Russian Grand Prix
44,13.0,0 days 00:01:40.760000,1,True,Russian Grand Prix
44,14.0,0 days 00:01:39.773000,1,True,Russian Grand Prix
44,15.0,0 days 00:01:39.693000,1,True,Russian Grand Prix
44,16.0,0 days 00:01:44.935000,1,False,Russian Grand Prix
44,17.0,0 days 00:02:12.717000,1,False,Russian Grand Prix
44,18.0,0 days 00:01:40.452000,1,True,Russian Grand Prix
44,19.0,0 days 00:01:39.835000,1,True,Russian Grand Prix
44,20.0,0 days 00:01:40.130000,1,True,Russian Grand Prix
44,21.0,0 days 00:01:40.148000,1,True,Russian Grand Prix
44,22.0,0 days 00:01:40.044000,1,True,Russian Grand Prix
44,23.0,0 days 00:01:39.830000,1,True,Russian Grand Prix
44,24.0,0 days 00:01:39.848000,1,True,Russian Grand Prix
44,25.0,0 days 00:01:39.717000,1,True,Russian Grand Prix
44,26.0,0 days 00:01:39.785000,1,True,Russian Grand Prix
44,27.0,0 days 00:01:39.798000,1,True,Russian Grand Prix
44,28.0,0 days 00:01:40.048000,1,True,Russian Grand Prix
44,29.0,0 days 00:01:40.019000,1,True,Russian Grand Prix
44,30.0,0 days 00:01:40.144000,1,True,Russian Grand Prix
44,31.0,0 days 00:01:39.348000,1,True,Russian Grand Prix
44,32.0,0 days 00:01:39.305000,1,True,Russian Grand Prix
44,33.0,0 days 00:01:39.095000,1,True,Russian Grand Prix
44,34.0,0 days 00:01:38.814000,1,True,Russian Grand Prix
44,35.0,0 days 00:01:38.698000,1,True,Russian Grand Prix
44,36.0,0 days 00:01:38.880000,1,True,Russian Grand Prix
44,37.0,0 days 00:01:38.809000,1,True,Russian Grand Prix
44,38.0,0 days 00:01:38.229000,1,True,Russian Grand Prix
44,39.0,0 days 00:01:38.311000,1,True,Russian Grand Prix
44,40.0,0 days 00:01:38.340000,1,True,Russian Grand Prix
44,41.0,0 days 00:01:38.484000,1,True,Russian Grand Prix
44,42.0,0 days 00:01:38.657000,1,True,Russian Grand Prix
44,43.0,0 days 00:01:51.662000,67,False,Russian Grand Prix
44,44.0,0 days 00:01:40,1,True,Russian Grand Prix
44,45.0,0 days 00:01:38.191000,1,True,Russian Grand Prix
44,46.0,0 days 00:01:38.430000,1,True,Russian Grand Prix
44,47.0,0 days 00:01:38.201000,1,True,Russian Grand Prix
44,48.0,0 days 00:01:38.075000,1,True,Russian Grand Prix
44,49.0,0 days 00:01:38.764000,1,True,Russian Grand Prix
44,50.0,0 days 00:01:38.538000,1,True,Russian Grand Prix
44,51.0,0 days 00:01:39.680000,1,True,Russian Grand Prix
44,52.0,0 days 00:01:38.640000,1,True,Russian Grand Prix
44,53.0,0 days 00:01:40.336000,1,True,Russian Grand Prix
11,1.0,0 days 00:02:13.978000,24,False,Russian Grand Prix
11,2.0,,4,False,Russian Grand Prix
11,3.0,,4,False,Russian Grand Prix
11,4.0,,4,False,Russian Grand Prix
11,5.0,,4,False,Russian Grand Prix
11,6.0,0 days 00:01:42.104000,1,False,Russian Grand Prix
11,7.0,0 days 00:01:41.810000,1,True,Russian Grand Prix
11,8.0,0 days 00:01:41.234000,1,True,Russian Grand Prix
11,9.0,0 days 00:01:41.507000,1,True,Russian Grand Prix
11,10.0,0 days 00:01:41.582000,1,True,Russian Grand Prix
11,11.0,0 days 00:01:41.561000,1,True,Russian Grand Prix
11,12.0,0 days 00:01:41.501000,1,True,Russian Grand Prix
11,13.0,0 days 00:01:41.702000,1,True,Russian Grand Prix
11,14.0,0 days 00:01:42.114000,1,True,Russian Grand Prix
11,15.0,0 days 00:01:42.580000,1,True,Russian Grand Prix
11,16.0,0 days 00:01:40.371000,1,True,Russian Grand Prix
11,17.0,0 days 00:01:40.529000,1,True,Russian Grand Prix
11,18.0,0 days 00:01:40.859000,1,True,Russian Grand Prix
11,19.0,0 days 00:01:40.979000,1,True,Russian Grand Prix
11,20.0,0 days 00:01:45.629000,1,False,Russian Grand Prix
11,21.0,0 days 00:02:00.325000,1,False,Russian Grand Prix
11,22.0,0 days 00:01:39.755000,1,True,Russian Grand Prix
11,23.0,0 days 00:01:39.872000,1,True,Russian Grand Prix
11,24.0,0 days 00:01:39.721000,1,True,Russian Grand Prix
11,25.0,0 days 00:01:39.646000,1,True,Russian Grand Prix
11,26.0,0 days 00:01:40.736000,1,True,Russian Grand Prix
11,27.0,0 days 00:01:40.065000,1,True,Russian Grand Prix
11,28.0,0 days 00:01:40.555000,1,True,Russian Grand Prix
11,29.0,0 days 00:01:40.022000,1,True,Russian Grand Prix
11,30.0,0 days 00:01:39.976000,1,True,Russian Grand Prix
11,31.0,0 days 00:01:39.913000,1,True,Russian Grand Prix
11,32.0,0 days 00:01:39.670000,1,True,Russian Grand Prix
11,33.0,0 days 00:01:39.119000,1,True,Russian Grand Prix
11,34.0,0 days 00:01:39.376000,1,True,Russian Grand Prix
11,35.0,0 days 00:01:39.284000,1,True,Russian Grand Prix
11,36.0,0 days 00:01:39.447000,1,True,Russian Grand Prix
11,37.0,0 days 00:01:38.964000,1,True,Russian Grand Prix
11,38.0,0 days 00:01:39.404000,1,True,Russian Grand Prix
11,39.0,0 days 00:01:39.176000,1,True,Russian Grand Prix
11,40.0,0 days 00:01:38.811000,1,True,Russian Grand Prix
11,41.0,0 days 00:01:38.746000,1,True,Russian Grand Prix
11,42.0,0 days 00:01:38.670000,1,True,Russian Grand Prix
11,43.0,0 days 00:01:51.194000,67,False,Russian Grand Prix
11,44.0,0 days 00:01:39.008000,1,True,Russian Grand Prix
11,45.0,0 days 00:01:38.820000,1,True,Russian Grand Prix
11,46.0,0 days 00:01:39.229000,1,True,Russian Grand Prix
11,47.0,0 days 00:01:38.807000,1,True,Russian Grand Prix
11,48.0,0 days 00:01:38.152000,1,True,Russian Grand Prix
11,49.0,0 days 00:01:38.381000,1,True,Russian Grand Prix
11,50.0,0 days 00:01:38.228000,1,True,Russian Grand Prix
11,51.0,0 days 00:01:38.530000,1,True,Russian Grand Prix
11,52.0,0 days 00:01:38.141000,1,True,Russian Grand Prix
11,53.0,0 days 00:01:39.505000,1,True,Russian Grand Prix
3,1.0,0 days 00:02:12.360000,24,False,Russian Grand Prix
3,2.0,,4,False,Russian Grand Prix
3,3.0,,4,False,Russian Grand Prix
3,4.0,,4,False,Russian Grand Prix
3,5.0,,4,False,Russian Grand Prix
3,6.0,0 days 00:01:42.025000,1,False,Russian Grand Prix
3,7.0,0 days 00:01:41.799000,1,True,Russian Grand Prix
3,8.0,0 days 00:01:41.288000,1,True,Russian Grand Prix
3,9.0,0 days 00:01:41.432000,1,True,Russian Grand Prix
3,10.0,0 days 00:01:41.554000,1,True,Russian Grand Prix
3,11.0,0 days 00:01:41.534000,1,True,Russian Grand Prix
3,12.0,0 days 00:01:41.454000,1,True,Russian Grand Prix
3,13.0,0 days 00:01:41.770000,1,True,Russian Grand Prix
3,14.0,0 days 00:01:42.322000,1,True,Russian Grand Prix
3,15.0,0 days 00:01:49.549000,1,False,Russian Grand Prix
3,16.0,0 days 00:02:02.018000,1,False,Russian Grand Prix
3,17.0,0 days 00:01:41.173000,1,True,Russian Grand Prix
3,18.0,0 days 00:01:41.271000,1,True,Russian Grand Prix
3,19.0,0 days 00:01:41.816000,1,True,Russian Grand Prix
3,20.0,0 days 00:01:40.816000,1,True,Russian Grand Prix
3,21.0,0 days 00:01:40.746000,1,True,Russian Grand Prix
3,22.0,0 days 00:01:40.902000,1,True,Russian Grand Prix
3,23.0,0 days 00:01:40.884000,1,True,Russian Grand Prix
3,24.0,0 days 00:01:41.112000,1,True,Russian Grand Prix
3,25.0,0 days 00:01:41.123000,1,True,Russian Grand Prix
3,26.0,0 days 00:01:40.750000,1,True,Russian Grand Prix
3,27.0,0 days 00:01:41.513000,1,True,Russian Grand Prix
3,28.0,0 days 00:01:40.022000,1,True,Russian Grand Prix
3,29.0,0 days 00:01:40.121000,1,True,Russian Grand Prix
3,30.0,0 days 00:01:39.658000,1,True,Russian Grand Prix
3,31.0,0 days 00:01:39.500000,1,True,Russian Grand Prix
3,32.0,0 days 00:01:39.539000,1,True,Russian Grand Prix
3,33.0,0 days 00:01:39.374000,1,True,Russian Grand Prix
3,34.0,0 days 00:01:39.105000,1,True,Russian Grand Prix
3,35.0,0 days 00:01:39.286000,1,True,Russian Grand Prix
3,36.0,0 days 00:01:39.332000,1,True,Russian Grand Prix
3,37.0,0 days 00:01:39.224000,1,True,Russian Grand Prix
3,38.0,0 days 00:01:39.019000,1,True,Russian Grand Prix
3,39.0,0 days 00:01:39.336000,1,True,Russian Grand Prix
3,40.0,0 days 00:01:39.224000,1,True,Russian Grand Prix
3,41.0,0 days 00:01:38.935000,1,True,Russian Grand Prix
3,42.0,0 days 00:01:40.934000,6,False,Russian Grand Prix
3,43.0,0 days 00:01:50.451000,67,False,Russian Grand Prix
3,44.0,0 days 00:01:39.207000,1,True,Russian Grand Prix
3,45.0,0 days 00:01:38.777000,1,True,Russian Grand Prix
3,46.0,0 days 00:01:38.946000,1,True,Russian Grand Prix
3,47.0,0 days 00:01:38.611000,1,True,Russian Grand Prix
3,48.0,0 days 00:01:39.014000,1,True,Russian Grand Prix
3,49.0,0 days 00:01:40.431000,1,True,Russian Grand Prix
3,50.0,0 days 00:01:39.197000,1,True,Russian Grand Prix
3,51.0,0 days 00:01:38.916000,1,True,Russian Grand Prix
3,52.0,0 days 00:01:39.536000,1,True,Russian Grand Prix
3,53.0,0 days 00:01:37.886000,1,True,Russian Grand Prix
16,1.0,0 days 00:02:17.783000,24,False,Russian Grand Prix
16,2.0,,4,False,Russian Grand Prix
16,3.0,,4,False,Russian Grand Prix
16,4.0,,4,False,Russian Grand Prix
16,5.0,,4,False,Russian Grand Prix
16,6.0,0 days 00:01:43.024000,1,False,Russian Grand Prix
16,7.0,0 days 00:01:42.482000,1,True,Russian Grand Prix
16,8.0,0 days 00:01:42.477000,1,True,Russian Grand Prix
16,9.0,0 days 00:01:42.189000,1,True,Russian Grand Prix
16,10.0,0 days 00:01:42.232000,1,True,Russian Grand Prix
16,11.0,0 days 00:01:41.949000,1,True,Russian Grand Prix
16,12.0,0 days 00:01:42.138000,1,True,Russian Grand Prix
16,13.0,0 days 00:01:41.886000,1,True,Russian Grand Prix
16,14.0,0 days 00:01:41.609000,1,True,Russian Grand Prix
16,15.0,0 days 00:01:41.711000,1,True,Russian Grand Prix
16,16.0,0 days 00:01:41.554000,1,True,Russian Grand Prix
16,17.0,0 days 00:01:41.592000,1,True,Russian Grand Prix
16,18.0,0 days 00:01:42.230000,1,True,Russian Grand Prix
16,19.0,0 days 00:01:40.919000,1,True,Russian Grand Prix
16,20.0,0 days 00:01:40.715000,1,True,Russian Grand Prix
16,21.0,0 days 00:01:40.421000,1,True,Russian Grand Prix
16,22.0,0 days 00:01:40.497000,1,True,Russian Grand Prix
16,23.0,0 days 00:01:40.703000,1,True,Russian Grand Prix
16,24.0,0 days 00:01:40.631000,1,True,Russian Grand Prix
16,25.0,0 days 00:01:40.514000,1,True,Russian Grand Prix
16,26.0,0 days 00:01:40.558000,1,True,Russian Grand Prix
16,27.0,0 days 00:01:40.869000,1,True,Russian Grand Prix
16,28.0,0 days 00:01:45.930000,1,False,Russian Grand Prix
16,29.0,0 days 00:02:00.849000,1,False,Russian Grand Prix
16,30.0,0 days 00:01:39.742000,1,True,Russian Grand Prix
16,31.0,0 days 00:01:39.948000,1,True,Russian Grand Prix
16,32.0,0 days 00:01:39.697000,1,True,Russian Grand Prix
16,33.0,0 days 00:01:39.552000,1,True,Russian Grand Prix
16,34.0,0 days 00:01:39.636000,1,True,Russian Grand Prix
16,35.0,0 days 00:01:39.786000,1,True,Russian Grand Prix
16,36.0,0 days 00:01:39.969000,1,True,Russian Grand Prix
16,37.0,0 days 00:01:39.576000,1,True,Russian Grand Prix
16,38.0,0 days 00:01:39.779000,1,True,Russian Grand Prix
16,39.0,0 days 00:01:39.854000,1,True,Russian Grand Prix
16,40.0,0 days 00:01:39.827000,1,True,Russian Grand Prix
16,41.0,0 days 00:01:39.924000,1,True,Russian Grand Prix
16,42.0,0 days 00:01:46.239000,6,False,Russian Grand Prix
16,43.0,0 days 00:01:45.377000,67,False,Russian Grand Prix
16,44.0,0 days 00:01:39.419000,1,True,Russian Grand Prix
16,45.0,0 days 00:01:39.427000,1,True,Russian Grand Prix
16,46.0,0 days 00:01:39.545000,1,True,Russian Grand Prix
16,47.0,0 days 00:01:39.053000,1,True,Russian Grand Prix
16,48.0,0 days 00:01:39.466000,1,True,Russian Grand Prix
16,49.0,0 days 00:01:39.699000,1,True,Russian Grand Prix
16,50.0,0 days 00:01:39.639000,1,True,Russian Grand Prix
16,51.0,0 days 00:01:40.194000,1,True,Russian Grand Prix
16,52.0,0 days 00:01:39.652000,1,True,Russian Grand Prix
16,53.0,0 days 00:01:41.355000,1,True,Russian Grand Prix
31,1.0,0 days 00:02:10.838000,24,False,Russian Grand Prix
31,2.0,,4,False,Russian Grand Prix
31,3.0,,4,False,Russian Grand Prix
31,4.0,,4,False,Russian Grand Prix
31,5.0,,4,False,Russian Grand Prix
31,6.0,0 days 00:01:41.900000,1,False,Russian Grand Prix
31,7.0,0 days 00:01:41.742000,1,True,Russian Grand Prix
31,8.0,0 days 00:01:41.243000,1,True,Russian Grand Prix
31,9.0,0 days 00:01:41.536000,1,True,Russian Grand Prix
31,10.0,0 days 00:01:41.560000,1,True,Russian Grand Prix
31,11.0,0 days 00:01:41.484000,1,True,Russian Grand Prix
31,12.0,0 days 00:01:41.563000,1,True,Russian Grand Prix
31,13.0,0 days 00:01:41.320000,1,True,Russian Grand Prix
31,14.0,0 days 00:01:41.535000,1,True,Russian Grand Prix
31,15.0,0 days 00:01:41.422000,1,True,Russian Grand Prix
31,16.0,0 days 00:01:41.254000,1,True,Russian Grand Prix
31,17.0,0 days 00:01:41.571000,1,True,Russian Grand Prix
31,18.0,0 days 00:01:46.791000,1,False,Russian Grand Prix
31,19.0,0 days 00:02:02.135000,1,False,Russian Grand Prix
31,20.0,0 days 00:01:41.472000,1,True,Russian Grand Prix
31,21.0,0 days 00:01:42.485000,1,True,Russian Grand Prix
31,22.0,0 days 00:01:41.560000,1,True,Russian Grand Prix
31,23.0,0 days 00:01:41.429000,1,True,Russian Grand Prix
31,24.0,0 days 00:01:41.102000,1,True,Russian Grand Prix
31,25.0,0 days 00:01:43.422000,1,True,Russian Grand Prix
31,26.0,0 days 00:01:40.969000,1,True,Russian Grand Prix
31,27.0,0 days 00:01:42.626000,1,True,Russian Grand Prix
31,28.0,0 days 00:01:40.377000,1,True,Russian Grand Prix
31,29.0,0 days 00:01:41.447000,1,True,Russian Grand Prix
31,30.0,0 days 00:01:40.661000,1,True,Russian Grand Prix
31,31.0,0 days 00:01:40.729000,1,True,Russian Grand Prix
31,32.0,0 days 00:01:40.436000,1,True,Russian Grand Prix
31,33.0,0 days 00:01:40.431000,1,True,Russian Grand Prix
31,34.0,0 days 00:01:40.164000,1,True,Russian Grand Prix
31,35.0,0 days 00:01:40.321000,1,True,Russian Grand Prix
31,36.0,0 days 00:01:39.967000,1,True,Russian Grand Prix
31,37.0,0 days 00:01:39.907000,1,True,Russian Grand Prix
31,38.0,0 days 00:01:39.914000,1,True,Russian Grand Prix
31,39.0,0 days 00:01:40.096000,1,True,Russian Grand Prix
31,40.0,0 days 00:01:39.844000,1,True,Russian Grand Prix
31,41.0,0 days 00:01:40.079000,1,True,Russian Grand Prix
31,42.0,0 days 00:01:48.016000,67,False,Russian Grand Prix
31,43.0,0 days 00:01:43.124000,7,False,Russian Grand Prix
31,44.0,0 days 00:01:39.455000,1,True,Russian Grand Prix
31,45.0,0 days 00:01:39.601000,1,True,Russian Grand Prix
31,46.0,0 days 00:01:39.516000,1,True,Russian Grand Prix
31,47.0,0 days 00:01:39.412000,1,True,Russian Grand Prix
31,48.0,0 days 00:01:39.216000,1,True,Russian Grand Prix
31,49.0,0 days 00:01:39.394000,1,True,Russian Grand Prix
31,50.0,0 days 00:01:39.907000,1,True,Russian Grand Prix
31,51.0,0 days 00:01:39.359000,1,True,Russian Grand Prix
31,52.0,0 days 00:01:39.610000,1,True,Russian Grand Prix
31,53.0,0 days 00:01:40.986000,1,True,Russian Grand Prix
26,1.0,0 days 00:02:22.921000,24,False,Russian Grand Prix
26,2.0,,4,False,Russian Grand Prix
26,3.0,,4,False,Russian Grand Prix
26,4.0,,4,False,Russian Grand Prix
26,5.0,,4,False,Russian Grand Prix
26,6.0,0 days 00:01:43.518000,1,False,Russian Grand Prix
26,7.0,0 days 00:01:43.668000,1,True,Russian Grand Prix
26,8.0,0 days 00:01:42.340000,1,True,Russian Grand Prix
26,9.0,0 days 00:01:42.706000,1,True,Russian Grand Prix
26,10.0,0 days 00:01:42.471000,1,True,Russian Grand Prix
26,11.0,0 days 00:01:42.203000,1,True,Russian Grand Prix
26,12.0,0 days 00:01:41.950000,1,True,Russian Grand Prix
26,13.0,0 days 00:01:42.165000,1,True,Russian Grand Prix
26,14.0,0 days 00:01:41.421000,1,True,Russian Grand Prix
26,15.0,0 days 00:01:41.665000,1,True,Russian Grand Prix
26,16.0,0 days 00:01:41.188000,1,True,Russian Grand Prix
26,17.0,0 days 00:01:41.154000,1,True,Russian Grand Prix
26,18.0,0 days 00:01:41.062000,1,True,Russian Grand Prix
26,19.0,0 days 00:01:40.876000,1,True,Russian Grand Prix
26,20.0,0 days 00:01:40.866000,1,True,Russian Grand Prix
26,21.0,0 days 00:01:40.898000,1,True,Russian Grand Prix
26,22.0,0 days 00:01:40.786000,1,True,Russian Grand Prix
26,23.0,0 days 00:01:40.349000,1,True,Russian Grand Prix
26,24.0,0 days 00:01:40.716000,1,True,Russian Grand Prix
26,25.0,0 days 00:01:40.610000,1,True,Russian Grand Prix
26,26.0,0 days 00:01:40.695000,1,True,Russian Grand Prix
26,27.0,0 days 00:01:43.037000,1,True,Russian Grand Prix
26,28.0,0 days 00:01:40.978000,1,True,Russian Grand Prix
26,29.0,0 days 00:01:40.404000,1,True,Russian Grand Prix
26,30.0,0 days 00:01:45.558000,1,False,Russian Grand Prix
26,31.0,0 days 00:02:00.322000,1,False,Russian Grand Prix
26,32.0,0 days 00:01:39.552000,1,True,Russian Grand Prix
26,33.0,0 days 00:01:40.466000,1,True,Russian Grand Prix
26,34.0,0 days 00:01:39.602000,1,True,Russian Grand Prix
26,35.0,0 days 00:01:40.064000,1,True,Russian Grand Prix
26,36.0,0 days 00:01:40.138000,1,True,Russian Grand Prix
26,37.0,0 days 00:01:40.115000,1,True,Russian Grand Prix
26,38.0,0 days 00:01:39.890000,1,True,Russian Grand Prix
26,39.0,0 days 00:01:39.999000,1,True,Russian Grand Prix
26,40.0,0 days 00:01:39.555000,1,True,Russian Grand Prix
26,41.0,0 days 00:01:40.343000,1,True,Russian Grand Prix
26,42.0,0 days 00:01:50.256000,67,False,Russian Grand Prix
26,43.0,0 days 00:01:40.588000,7,False,Russian Grand Prix
26,44.0,0 days 00:01:39.608000,1,True,Russian Grand Prix
26,45.0,0 days 00:01:39.568000,1,True,Russian Grand Prix
26,46.0,0 days 00:01:39.533000,1,True,Russian Grand Prix
26,47.0,0 days 00:01:39.505000,1,True,Russian Grand Prix
26,48.0,0 days 00:01:39.133000,1,True,Russian Grand Prix
26,49.0,0 days 00:01:39.410000,1,True,Russian Grand Prix
26,50.0,0 days 00:01:39.819000,1,True,Russian Grand Prix
26,51.0,0 days 00:01:39.400000,1,True,Russian Grand Prix
26,52.0,0 days 00:01:39.594000,1,True,Russian Grand Prix
26,53.0,0 days 00:01:40.806000,1,True,Russian Grand Prix
10,1.0,0 days 00:02:16.746000,24,False,Russian Grand Prix
10,2.0,,4,False,Russian Grand Prix
10,3.0,,4,False,Russian Grand Prix
10,4.0,,4,False,Russian Grand Prix
10,5.0,,4,False,Russian Grand Prix
10,6.0,0 days 00:01:42.552000,1,False,Russian Grand Prix
10,7.0,0 days 00:01:42.179000,1,True,Russian Grand Prix
10,8.0,0 days 00:01:41.775000,1,True,Russian Grand Prix
10,9.0,0 days 00:01:41.670000,1,True,Russian Grand Prix
10,10.0,0 days 00:01:41.757000,1,True,Russian Grand Prix
10,11.0,0 days 00:01:41.871000,1,True,Russian Grand Prix
10,12.0,0 days 00:01:41.812000,1,True,Russian Grand Prix
10,13.0,0 days 00:01:41.744000,1,True,Russian Grand Prix
10,14.0,0 days 00:01:41.665000,1,True,Russian Grand Prix
10,15.0,0 days 00:01:42.679000,1,True,Russian Grand Prix
10,16.0,0 days 00:01:41.944000,1,True,Russian Grand Prix
10,17.0,0 days 00:01:42.222000,1,True,Russian Grand Prix
10,18.0,0 days 00:01:47.700000,1,False,Russian Grand Prix
10,19.0,0 days 00:02:02.181000,1,False,Russian Grand Prix
10,20.0,0 days 00:01:40.952000,1,True,Russian Grand Prix
10,21.0,0 days 00:01:41.557000,1,True,Russian Grand Prix
10,22.0,0 days 00:01:41.621000,1,True,Russian Grand Prix
10,23.0,0 days 00:01:41.378000,1,True,Russian Grand Prix
10,24.0,0 days 00:01:41.386000,1,True,Russian Grand Prix
10,25.0,0 days 00:01:41.198000,1,True,Russian Grand Prix
10,26.0,0 days 00:01:41.868000,1,True,Russian Grand Prix
10,27.0,0 days 00:01:42.358000,1,True,Russian Grand Prix
10,28.0,0 days 00:01:40.811000,1,True,Russian Grand Prix
10,29.0,0 days 00:01:40.931000,1,True,Russian Grand Prix
10,30.0,0 days 00:01:41.367000,1,True,Russian Grand Prix
10,31.0,0 days 00:01:41.640000,1,True,Russian Grand Prix
10,32.0,0 days 00:01:41.240000,1,True,Russian Grand Prix
10,33.0,0 days 00:01:41.553000,1,True,Russian Grand Prix
10,34.0,0 days 00:01:39.764000,1,True,Russian Grand Prix
10,35.0,0 days 00:01:39.781000,1,True,Russian Grand Prix
10,36.0,0 days 00:01:40.054000,1,True,Russian Grand Prix
10,37.0,0 days 00:01:39.800000,1,True,Russian Grand Prix
10,38.0,0 days 00:01:39.514000,1,True,Russian Grand Prix
10,39.0,0 days 00:01:39.607000,1,True,Russian Grand Prix
10,40.0,0 days 00:01:39.188000,1,True,Russian Grand Prix
10,41.0,0 days 00:01:39.275000,1,True,Russian Grand Prix
10,42.0,0 days 00:01:50.146000,67,False,Russian Grand Prix
10,43.0,0 days 00:01:58.506000,7,False,Russian Grand Prix
10,44.0,0 days 00:01:39.945000,1,True,Russian Grand Prix
10,45.0,0 days 00:01:42.460000,1,True,Russian Grand Prix
10,46.0,0 days 00:01:41.314000,1,True,Russian Grand Prix
10,47.0,0 days 00:01:38.704000,1,True,Russian Grand Prix
10,48.0,0 days 00:01:38.555000,1,True,Russian Grand Prix
10,49.0,0 days 00:01:39.373000,1,True,Russian Grand Prix
10,50.0,0 days 00:01:37.231000,1,True,Russian Grand Prix
10,51.0,0 days 00:01:39.328000,1,True,Russian Grand Prix
10,52.0,0 days 00:01:38.886000,1,True,Russian Grand Prix
10,53.0,0 days 00:01:38.941000,1,True,Russian Grand Prix
23,1.0,0 days 00:02:35.760000,24,False,Russian Grand Prix
23,2.0,,4,False,Russian Grand Prix
23,3.0,,4,False,Russian Grand Prix
23,4.0,,4,False,Russian Grand Prix
23,5.0,,4,False,Russian Grand Prix
23,6.0,0 days 00:01:46.544000,1,False,Russian Grand Prix
23,7.0,0 days 00:01:44.582000,1,True,Russian Grand Prix
23,8.0,0 days 00:01:44.309000,1,True,Russian Grand Prix
23,9.0,0 days 00:01:45.732000,1,True,Russian Grand Prix
23,10.0,0 days 00:01:45.105000,1,True,Russian Grand Prix
23,11.0,0 days 00:01:44.526000,1,True,Russian Grand Prix
23,12.0,0 days 00:01:42.925000,1,True,Russian Grand Prix
23,13.0,0 days 00:01:42.063000,1,True,Russian Grand Prix
23,14.0,0 days 00:01:42.040000,1,True,Russian Grand Prix
23,15.0,0 days 00:01:42.320000,1,True,Russian Grand Prix
23,16.0,0 days 00:01:42.402000,1,True,Russian Grand Prix
23,17.0,0 days 00:01:41.752000,1,True,Russian Grand Prix
23,18.0,0 days 00:01:41.222000,1,True,Russian Grand Prix
23,19.0,0 days 00:01:41.220000,1,True,Russian Grand Prix
23,20.0,0 days 00:01:41.770000,1,True,Russian Grand Prix
23,21.0,0 days 00:01:41.826000,1,True,Russian Grand Prix
23,22.0,0 days 00:01:41.623000,1,True,Russian Grand Prix
23,23.0,0 days 00:01:41.215000,1,True,Russian Grand Prix
23,24.0,0 days 00:01:41.549000,1,True,Russian Grand Prix
23,25.0,0 days 00:01:41.384000,1,True,Russian Grand Prix
23,26.0,0 days 00:01:41.676000,1,True,Russian Grand Prix
23,27.0,0 days 00:01:46.714000,1,False,Russian Grand Prix
23,28.0,0 days 00:02:01.129000,1,False,Russian Grand Prix
23,29.0,0 days 00:01:39.262000,1,True,Russian Grand Prix
23,30.0,0 days 00:01:39.245000,1,True,Russian Grand Prix
23,31.0,0 days 00:01:39.326000,1,True,Russian Grand Prix
23,32.0,0 days 00:01:39.328000,1,True,Russian Grand Prix
23,33.0,0 days 00:01:39.809000,1,True,Russian Grand Prix
23,34.0,0 days 00:01:40.075000,1,True,Russian Grand Prix
23,35.0,0 days 00:01:40.416000,1,True,Russian Grand Prix
23,36.0,0 days 00:01:40.335000,1,True,Russian Grand Prix
23,37.0,0 days 00:01:41.110000,1,True,Russian Grand Prix
23,38.0,0 days 00:01:40.564000,1,True,Russian Grand Prix
23,39.0,0 days 00:01:38.986000,1,True,Russian Grand Prix
23,40.0,0 days 00:01:39.106000,1,True,Russian Grand Prix
23,41.0,0 days 00:01:39.994000,1,True,Russian Grand Prix
23,42.0,0 days 00:01:49.522000,67,False,Russian Grand Prix
23,43.0,0 days 00:01:39.615000,1,True,Russian Grand Prix
23,44.0,0 days 00:01:41.219000,1,True,Russian Grand Prix
23,45.0,0 days 00:01:44.113000,1,True,Russian Grand Prix
23,46.0,0 days 00:01:40.924000,1,True,Russian Grand Prix
23,47.0,0 days 00:01:40.795000,1,True,Russian Grand Prix
23,48.0,0 days 00:01:38.521000,1,True,Russian Grand Prix
23,49.0,0 days 00:01:38.511000,1,True,Russian Grand Prix
23,50.0,0 days 00:01:40.144000,1,True,Russian Grand Prix
23,51.0,0 days 00:01:38.377000,1,True,Russian Grand Prix
23,52.0,0 days 00:01:38.646000,1,True,Russian Grand Prix
23,53.0,0 days 00:01:38.429000,1,True,Russian Grand Prix
99,1.0,0 days 00:02:24.259000,24,False,Russian Grand Prix
99,2.0,,4,False,Russian Grand Prix
99,3.0,,4,False,Russian Grand Prix
99,4.0,,4,False,Russian Grand Prix
99,5.0,,4,False,Russian Grand Prix
99,6.0,0 days 00:01:43.895000,1,False,Russian Grand Prix
99,7.0,0 days 00:01:43.798000,1,True,Russian Grand Prix
99,8.0,0 days 00:01:43.399000,1,True,Russian Grand Prix
99,9.0,0 days 00:01:43.386000,1,True,Russian Grand Prix
99,10.0,0 days 00:01:43.241000,1,True,Russian Grand Prix
99,11.0,0 days 00:01:42.900000,1,True,Russian Grand Prix
99,12.0,0 days 00:01:43.077000,1,True,Russian Grand Prix
99,13.0,0 days 00:01:42.876000,1,True,Russian Grand Prix
99,14.0,0 days 00:01:42.909000,1,True,Russian Grand Prix
99,15.0,0 days 00:01:42.767000,1,True,Russian Grand Prix
99,16.0,0 days 00:01:46.901000,1,False,Russian Grand Prix
99,17.0,0 days 00:02:01.186000,1,False,Russian Grand Prix
99,18.0,0 days 00:01:42.303000,1,True,Russian Grand Prix
99,19.0,0 days 00:01:41.592000,1,True,Russian Grand Prix
99,20.0,0 days 00:01:41.240000,1,True,Russian Grand Prix
99,21.0,0 days 00:01:41.140000,1,True,Russian Grand Prix
99,22.0,0 days 00:01:40.888000,1,True,Russian Grand Prix
99,23.0,0 days 00:01:41.333000,1,True,Russian Grand Prix
99,24.0,0 days 00:01:41.460000,1,True,Russian Grand Prix
99,25.0,0 days 00:01:41.065000,1,True,Russian Grand Prix
99,26.0,0 days 00:01:41.565000,1,True,Russian Grand Prix
99,27.0,0 days 00:01:41.377000,1,True,Russian Grand Prix
99,28.0,0 days 00:01:41.340000,1,True,Russian Grand Prix
99,29.0,0 days 00:01:41.037000,1,True,Russian Grand Prix
99,30.0,0 days 00:01:41.194000,1,True,Russian Grand Prix
99,31.0,0 days 00:01:41.227000,1,True,Russian Grand Prix
99,32.0,0 days 00:01:41.131000,1,True,Russian Grand Prix
99,33.0,0 days 00:01:41.298000,1,True,Russian Grand Prix
99,34.0,0 days 00:01:40.817000,1,True,Russian Grand Prix
99,35.0,0 days 00:01:41.160000,1,True,Russian Grand Prix
99,36.0,0 days 00:01:41.406000,1,True,Russian Grand Prix
99,37.0,0 days 00:01:42.814000,1,True,Russian Grand Prix
99,38.0,0 days 00:01:41.265000,1,True,Russian Grand Prix
99,39.0,0 days 00:01:41.947000,1,True,Russian Grand Prix
99,40.0,0 days 00:01:40.951000,1,True,Russian Grand Prix
99,41.0,0 days 00:01:40.440000,1,True,Russian Grand Prix
99,42.0,0 days 00:01:52.260000,67,False,Russian Grand Prix
99,43.0,0 days 00:01:39.994000,1,True,Russian Grand Prix
99,44.0,0 days 00:01:39.766000,1,True,Russian Grand Prix
99,45.0,0 days 00:01:40.501000,1,True,Russian Grand Prix
99,46.0,0 days 00:01:40.249000,1,True,Russian Grand Prix
99,47.0,0 days 00:01:40.569000,1,True,Russian Grand Prix
99,48.0,0 days 00:01:41.215000,1,True,Russian Grand Prix
99,49.0,0 days 00:01:44.076000,1,True,Russian Grand Prix
99,50.0,0 days 00:01:40.162000,1,True,Russian Grand Prix
99,51.0,0 days 00:01:42.210000,1,True,Russian Grand Prix
99,52.0,0 days 00:01:40.095000,1,True,Russian Grand Prix
20,1.0,0 days 00:02:19.727000,24,False,Russian Grand Prix
20,2.0,,4,False,Russian Grand Prix
20,3.0,,4,False,Russian Grand Prix
20,4.0,,4,False,Russian Grand Prix
20,5.0,,4,False,Russian Grand Prix
20,6.0,0 days 00:01:43.318000,1,False,Russian Grand Prix
20,7.0,0 days 00:01:43.020000,1,True,Russian Grand Prix
20,8.0,0 days 00:01:43.040000,1,True,Russian Grand Prix
20,9.0,0 days 00:01:42.696000,1,True,Russian Grand Prix
20,10.0,0 days 00:01:42.783000,1,True,Russian Grand Prix
20,11.0,0 days 00:01:42.258000,1,True,Russian Grand Prix
20,12.0,0 days 00:01:42.367000,1,True,Russian Grand Prix
20,13.0,0 days 00:01:44.922000,1,True,Russian Grand Prix
20,14.0,0 days 00:01:42.345000,1,True,Russian Grand Prix
20,15.0,0 days 00:01:41.849000,1,True,Russian Grand Prix
20,16.0,0 days 00:01:42.079000,1,True,Russian Grand Prix
20,17.0,0 days 00:01:42.082000,1,True,Russian Grand Prix
20,18.0,0 days 00:01:41.880000,1,True,Russian Grand Prix
20,19.0,0 days 00:01:46.342000,1,False,Russian Grand Prix
20,20.0,0 days 00:02:01.172000,1,False,Russian Grand Prix
20,21.0,0 days 00:01:41.095000,1,True,Russian Grand Prix
20,22.0,0 days 00:01:40.477000,1,True,Russian Grand Prix
20,23.0,0 days 00:01:40.839000,1,True,Russian Grand Prix
20,24.0,0 days 00:01:40.944000,1,True,Russian Grand Prix
20,25.0,0 days 00:01:41.666000,1,True,Russian Grand Prix
20,26.0,0 days 00:01:41.672000,1,True,Russian Grand Prix
20,27.0,0 days 00:01:41.746000,1,True,Russian Grand Prix
20,28.0,0 days 00:01:41.569000,1,True,Russian Grand Prix
20,29.0,0 days 00:01:41.523000,1,True,Russian Grand Prix
20,30.0,0 days 00:01:41.326000,1,True,Russian Grand Prix
20,31.0,0 days 00:01:41.295000,1,True,Russian Grand Prix
20,32.0,0 days 00:01:41.046000,1,True,Russian Grand Prix
20,33.0,0 days 00:01:41.098000,1,True,Russian Grand Prix
20,34.0,0 days 00:01:40.993000,1,True,Russian Grand Prix
20,35.0,0 days 00:01:41.073000,1,True,Russian Grand Prix
20,36.0,0 days 00:01:41.089000,1,True,Russian Grand Prix
20,37.0,0 days 00:01:40.981000,1,True,Russian Grand Prix
20,38.0,0 days 00:01:40.940000,1,True,Russian Grand Prix
20,39.0,0 days 00:01:41.305000,1,True,Russian Grand Prix
20,40.0,0 days 00:01:40.973000,1,True,Russian Grand Prix
20,41.0,0 days 00:01:40.841000,1,True,Russian Grand Prix
20,42.0,0 days 00:01:55.541000,67,False,Russian Grand Prix
20,43.0,0 days 00:01:40.803000,1,True,Russian Grand Prix
20,44.0,0 days 00:01:40.891000,1,True,Russian Grand Prix
20,45.0,0 days 00:01:40.824000,1,True,Russian Grand Prix
20,46.0,0 days 00:01:40.626000,1,True,Russian Grand Prix
20,47.0,0 days 00:01:41.604000,1,True,Russian Grand Prix
20,48.0,0 days 00:01:45.463000,1,True,Russian Grand Prix
20,49.0,0 days 00:01:41.757000,1,True,Russian Grand Prix
20,50.0,0 days 00:01:41.021000,1,True,Russian Grand Prix
20,51.0,0 days 00:01:41.768000,1,True,Russian Grand Prix
20,52.0,0 days 00:01:40.380000,1,True,Russian Grand Prix
5,1.0,0 days 00:02:25.469000,24,False,Russian Grand Prix
5,2.0,,4,False,Russian Grand Prix
5,3.0,,4,False,Russian Grand Prix
5,4.0,,4,False,Russian Grand Prix
5,5.0,,4,False,Russian Grand Prix
5,6.0,0 days 00:01:44.022000,1,False,Russian Grand Prix
5,7.0,0 days 00:01:43.788000,1,True,Russian Grand Prix
5,8.0,0 days 00:01:43.393000,1,True,Russian Grand Prix
5,9.0,0 days 00:01:43.518000,1,True,Russian Grand Prix
5,10.0,0 days 00:01:43.524000,1,True,Russian Grand Prix
5,11.0,0 days 00:01:42.867000,1,True,Russian Grand Prix
5,12.0,0 days 00:01:42.947000,1,True,Russian Grand Prix
5,13.0,0 days 00:01:42.805000,1,True,Russian Grand Prix
5,14.0,0 days 00:01:43.166000,1,True,Russian Grand Prix
5,15.0,0 days 00:01:42.573000,1,True,Russian Grand Prix
5,16.0,0 days 00:01:42.364000,1,True,Russian Grand Prix
5,17.0,0 days 00:01:41.893000,1,True,Russian Grand Prix
5,18.0,0 days 00:01:41.217000,1,True,Russian Grand Prix
5,19.0,0 days 00:01:42.989000,1,True,Russian Grand Prix
5,20.0,0 days 00:01:41.370000,1,True,Russian Grand Prix
5,21.0,0 days 00:01:42.519000,1,True,Russian Grand Prix
5,22.0,0 days 00:01:41.326000,1,True,Russian Grand Prix
5,23.0,0 days 00:01:41.478000,1,True,Russian Grand Prix
5,24.0,0 days 00:01:41.288000,1,True,Russian Grand Prix
5,25.0,0 days 00:01:41.575000,1,True,Russian Grand Prix
5,26.0,0 days 00:01:41.409000,1,True,Russian Grand Prix
5,27.0,0 days 00:01:44.220000,1,True,Russian Grand Prix
5,28.0,0 days 00:01:43.088000,1,True,Russian Grand Prix
5,29.0,0 days 00:01:42.312000,1,True,Russian Grand Prix
5,30.0,0 days 00:01:46.978000,1,False,Russian Grand Prix
5,31.0,0 days 00:02:00.843000,1,False,Russian Grand Prix
5,32.0,0 days 00:01:40.030000,1,True,Russian Grand Prix
5,33.0,0 days 00:01:40.062000,1,True,Russian Grand Prix
5,34.0,0 days 00:01:40.096000,1,True,Russian Grand Prix
5,35.0,0 days 00:01:40.412000,1,True,Russian Grand Prix
5,36.0,0 days 00:01:40.319000,1,True,Russian Grand Prix
5,37.0,0 days 00:01:40.487000,1,True,Russian Grand Prix
5,38.0,0 days 00:01:40.581000,1,True,Russian Grand Prix
5,39.0,0 days 00:01:40.942000,1,True,Russian Grand Prix
5,40.0,0 days 00:01:42.120000,1,True,Russian Grand Prix
5,41.0,0 days 00:01:42.145000,1,True,Russian Grand Prix
5,42.0,0 days 00:01:52.694000,67,False,Russian Grand Prix
5,43.0,0 days 00:01:39.658000,1,True,Russian Grand Prix
5,44.0,0 days 00:01:39.695000,1,True,Russian Grand Prix
5,45.0,0 days 00:01:39.768000,1,True,Russian Grand Prix
5,46.0,0 days 00:01:39.588000,1,True,Russian Grand Prix
5,47.0,0 days 00:01:39.665000,1,True,Russian Grand Prix
5,48.0,0 days 00:01:43.044000,1,True,Russian Grand Prix
5,49.0,0 days 00:01:41.740000,1,True,Russian Grand Prix
5,50.0,0 days 00:01:42.569000,1,True,Russian Grand Prix
5,51.0,0 days 00:01:40.518000,1,True,Russian Grand Prix
5,52.0,0 days 00:01:40.393000,1,True,Russian Grand Prix
7,1.0,0 days 00:02:30.825000,24,False,Russian Grand Prix
7,2.0,,4,False,Russian Grand Prix
7,3.0,,4,False,Russian Grand Prix
7,4.0,,4,False,Russian Grand Prix
7,5.0,,4,False,Russian Grand Prix
7,6.0,0 days 00:01:44.871000,1,False,Russian Grand Prix
7,7.0,0 days 00:01:44.733000,1,True,Russian Grand Prix
7,8.0,0 days 00:01:44.066000,1,True,Russian Grand Prix
7,9.0,0 days 00:01:44.810000,1,True,Russian Grand Prix
7,10.0,0 days 00:01:43.216000,1,True,Russian Grand Prix
7,11.0,0 days 00:01:42.791000,1,True,Russian Grand Prix
7,12.0,0 days 00:01:42.790000,1,True,Russian Grand Prix
7,13.0,0 days 00:01:42.960000,1,True,Russian Grand Prix
7,14.0,0 days 00:01:42.789000,1,True,Russian Grand Prix
7,15.0,0 days 00:01:42.518000,1,True,Russian Grand Prix
7,16.0,0 days 00:01:42.478000,1,True,Russian Grand Prix
7,17.0,0 days 00:01:42.733000,1,True,Russian Grand Prix
7,18.0,0 days 00:01:41.990000,1,True,Russian Grand Prix
7,19.0,0 days 00:01:42.137000,1,True,Russian Grand Prix
7,20.0,0 days 00:01:43.316000,1,True,Russian Grand Prix
7,21.0,0 days 00:01:41.938000,1,True,Russian Grand Prix
7,22.0,0 days 00:01:41.411000,1,True,Russian Grand Prix
7,23.0,0 days 00:01:41.300000,1,True,Russian Grand Prix
7,24.0,0 days 00:01:41.615000,1,True,Russian Grand Prix
7,25.0,0 days 00:01:41.504000,1,True,Russian Grand Prix
7,26.0,0 days 00:01:41.733000,1,True,Russian Grand Prix
7,27.0,0 days 00:01:42.116000,1,True,Russian Grand Prix
7,28.0,0 days 00:01:41.529000,1,True,Russian Grand Prix
7,29.0,0 days 00:01:41.179000,1,True,Russian Grand Prix
7,30.0,0 days 00:01:41.520000,1,True,Russian Grand Prix
7,31.0,0 days 00:01:41.633000,1,True,Russian Grand Prix
7,32.0,0 days 00:01:41.197000,1,True,Russian Grand Prix
7,33.0,0 days 00:01:41.860000,1,True,Russian Grand Prix
7,34.0,0 days 00:01:42.494000,1,True,Russian Grand Prix
7,35.0,0 days 00:01:46.498000,1,False,Russian Grand Prix
7,36.0,0 days 00:02:03.490000,1,False,Russian Grand Prix
7,37.0,0 days 00:01:38.858000,1,True,Russian Grand Prix
7,38.0,0 days 00:01:39.546000,1,True,Russian Grand Prix
7,39.0,0 days 00:01:39.649000,1,True,Russian Grand Prix
7,40.0,0 days 00:01:39.639000,1,True,Russian Grand Prix
7,41.0,0 days 00:01:40.522000,1,True,Russian Grand Prix
7,42.0,0 days 00:01:52.174000,67,False,Russian Grand Prix
7,43.0,0 days 00:01:39.292000,1,True,Russian Grand Prix
7,44.0,0 days 00:01:39.391000,1,True,Russian Grand Prix
7,45.0,0 days 00:01:41.687000,1,True,Russian Grand Prix
7,46.0,0 days 00:01:39.943000,1,True,Russian Grand Prix
7,47.0,0 days 00:01:39.517000,1,True,Russian Grand Prix
7,48.0,0 days 00:01:39.745000,1,True,Russian Grand Prix
7,49.0,0 days 00:01:41.032000,1,True,Russian Grand Prix
7,50.0,0 days 00:01:42.601000,1,True,Russian Grand Prix
7,51.0,0 days 00:01:40.518000,1,True,Russian Grand Prix
7,52.0,0 days 00:01:40.604000,1,True,Russian Grand Prix
4,1.0,0 days 00:02:36.870000,24,False,Russian Grand Prix
4,2.0,,4,False,Russian Grand Prix
4,3.0,,4,False,Russian Grand Prix
4,4.0,,4,False,Russian Grand Prix
4,5.0,,4,False,Russian Grand Prix
4,6.0,0 days 00:01:45.329000,1,False,Russian Grand Prix
4,7.0,0 days 00:01:44.746000,1,True,Russian Grand Prix
4,8.0,0 days 00:01:44.292000,1,True,Russian Grand Prix
4,9.0,0 days 00:01:45.840000,1,True,Russian Grand Prix
4,10.0,0 days 00:01:45.320000,1,True,Russian Grand Prix
4,11.0,0 days 00:01:45.441000,1,True,Russian Grand Prix
4,12.0,0 days 00:01:44.291000,1,True,Russian Grand Prix
4,13.0,0 days 00:01:42.160000,1,True,Russian Grand Prix
4,14.0,0 days 00:01:42.060000,1,True,Russian Grand Prix
4,15.0,0 days 00:01:42.064000,1,True,Russian Grand Prix
4,16.0,0 days 00:01:42.445000,1,True,Russian Grand Prix
4,17.0,0 days 00:01:42.036000,1,True,Russian Grand Prix
4,18.0,0 days 00:01:41.588000,1,True,Russian Grand Prix
4,19.0,0 days 00:01:42.274000,1,True,Russian Grand Prix
4,20.0,0 days 00:01:41.752000,1,True,Russian Grand Prix
4,21.0,0 days 00:01:41.768000,1,True,Russian Grand Prix
4,22.0,0 days 00:01:41.576000,1,True,Russian Grand Prix
4,23.0,0 days 00:01:41.639000,1,True,Russian Grand Prix
4,24.0,0 days 00:01:41.263000,1,True,Russian Grand Prix
4,25.0,0 days 00:01:41.247000,1,True,Russian Grand Prix
4,26.0,0 days 00:01:41.641000,1,True,Russian Grand Prix
4,27.0,0 days 00:01:42.043000,1,True,Russian Grand Prix
4,28.0,0 days 00:01:41.534000,1,True,Russian Grand Prix
4,29.0,0 days 00:01:41.432000,1,True,Russian Grand Prix
4,30.0,0 days 00:01:41.569000,1,True,Russian Grand Prix
4,31.0,0 days 00:01:41.378000,1,True,Russian Grand Prix
4,32.0,0 days 00:01:41.380000,1,True,Russian Grand Prix
4,33.0,0 days 00:01:41.408000,1,True,Russian Grand Prix
4,34.0,0 days 00:01:41.057000,1,True,Russian Grand Prix
4,35.0,0 days 00:01:41.434000,1,True,Russian Grand Prix
4,36.0,0 days 00:01:41.057000,1,True,Russian Grand Prix
4,37.0,0 days 00:01:40.857000,1,True,Russian Grand Prix
4,38.0,0 days 00:01:40.892000,1,True,Russian Grand Prix
4,39.0,0 days 00:01:40.833000,1,True,Russian Grand Prix
4,40.0,0 days 00:01:40.748000,1,True,Russian Grand Prix
4,41.0,0 days 00:01:40.656000,1,True,Russian Grand Prix
4,42.0,0 days 00:01:51.450000,67,False,Russian Grand Prix
4,43.0,0 days 00:01:40.393000,1,True,Russian Grand Prix
4,44.0,0 days 00:01:41.453000,1,True,Russian Grand Prix
4,45.0,0 days 00:01:42.519000,1,True,Russian Grand Prix
4,46.0,0 days 00:01:41.753000,1,True,Russian Grand Prix
4,47.0,0 days 00:01:50.419000,1,False,Russian Grand Prix
4,48.0,0 days 00:02:00.564000,1,False,Russian Grand Prix
4,49.0,0 days 00:01:43.137000,1,True,Russian Grand Prix
4,50.0,0 days 00:01:37.377000,1,True,Russian Grand Prix
4,51.0,0 days 00:01:37.819000,1,True,Russian Grand Prix
4,52.0,0 days 00:01:38.565000,1,True,Russian Grand Prix
6,1.0,0 days 00:02:29.884000,24,False,Russian Grand Prix
6,2.0,,4,False,Russian Grand Prix
6,3.0,,4,False,Russian Grand Prix
6,4.0,,4,False,Russian Grand Prix
6,5.0,,4,False,Russian Grand Prix
6,6.0,0 days 00:01:44.627000,1,False,Russian Grand Prix
6,7.0,0 days 00:01:44.713000,1,True,Russian Grand Prix
6,8.0,0 days 00:01:44.318000,1,True,Russian Grand Prix
6,9.0,0 days 00:01:46.594000,1,True,Russian Grand Prix
6,10.0,0 days 00:01:44.343000,1,True,Russian Grand Prix
6,11.0,0 days 00:01:43.836000,1,True,Russian Grand Prix
6,12.0,0 days 00:01:43.161000,1,True,Russian Grand Prix
6,13.0,0 days 00:01:43.244000,1,True,Russian Grand Prix
6,14.0,0 days 00:01:43.041000,1,True,Russian Grand Prix
6,15.0,0 days 00:01:42.764000,1,True,Russian Grand Prix
6,16.0,0 days 00:01:46.367000,1,True,Russian Grand Prix
6,17.0,0 days 00:01:48.279000,1,False,Russian Grand Prix
6,18.0,0 days 00:02:00.944000,1,False,Russian Grand Prix
6,19.0,0 days 00:01:41.899000,1,True,Russian Grand Prix
6,20.0,0 days 00:01:41.560000,1,True,Russian Grand Prix
6,21.0,0 days 00:01:41.448000,1,True,Russian Grand Prix
6,22.0,0 days 00:01:41.688000,1,True,Russian Grand Prix
6,23.0,0 days 00:01:41.862000,1,True,Russian Grand Prix
6,24.0,0 days 00:01:41.410000,1,True,Russian Grand Prix
6,25.0,0 days 00:01:41.174000,1,True,Russian Grand Prix
6,26.0,0 days 00:01:41.676000,1,True,Russian Grand Prix
6,27.0,0 days 00:01:41.389000,1,True,Russian Grand Prix
6,28.0,0 days 00:01:41.407000,1,True,Russian Grand Prix
6,29.0,0 days 00:01:41.305000,1,True,Russian Grand Prix
6,30.0,0 days 00:01:41.529000,1,True,Russian Grand Prix
6,31.0,0 days 00:01:41.589000,1,True,Russian Grand Prix
6,32.0,0 days 00:01:41.293000,1,True,Russian Grand Prix
6,33.0,0 days 00:01:41.481000,1,True,Russian Grand Prix
6,34.0,0 days 00:01:41.299000,1,True,Russian Grand Prix
6,35.0,0 days 00:01:41.475000,1,True,Russian Grand Prix
6,36.0,0 days 00:01:42.799000,1,True,Russian Grand Prix
6,37.0,0 days 00:01:41.673000,1,True,Russian Grand Prix
6,38.0,0 days 00:01:44.271000,1,True,Russian Grand Prix
6,39.0,0 days 00:01:41.462000,1,True,Russian Grand Prix
6,40.0,0 days 00:01:41.167000,1,True,Russian Grand Prix
6,41.0,0 days 00:01:43.096000,1,True,Russian Grand Prix
6,42.0,0 days 00:01:56.578000,67,False,Russian Grand Prix
6,43.0,0 days 00:01:44.252000,1,True,Russian Grand Prix
6,44.0,0 days 00:01:41.395000,1,True,Russian Grand Prix
6,45.0,0 days 00:01:41.483000,1,True,Russian Grand Prix
6,46.0,0 days 00:01:43.277000,1,True,Russian Grand Prix
6,47.0,0 days 00:01:41.044000,1,True,Russian Grand Prix
6,48.0,0 days 00:01:41.288000,1,True,Russian Grand Prix
6,49.0,0 days 00:01:41.076000,1,True,Russian Grand Prix
6,50.0,0 days 00:01:41.479000,1,True,Russian Grand Prix
6,51.0,0 days 00:01:43.297000,1,True,Russian Grand Prix
6,52.0,0 days 00:01:42.574000,1,True,Russian Grand Prix
8,1.0,0 days 00:02:21.405000,24,False,Russian Grand Prix
8,2.0,,4,False,Russian Grand Prix
8,3.0,,4,False,Russian Grand Prix
8,4.0,,4,False,Russian Grand Prix
8,5.0,,4,False,Russian Grand Prix
8,6.0,0 days 00:01:43.483000,1,False,Russian Grand Prix
8,7.0,0 days 00:01:43.729000,1,True,Russian Grand Prix
8,8.0,0 days 00:01:44.180000,1,True,Russian Grand Prix
8,9.0,0 days 00:01:43.450000,1,True,Russian Grand Prix
8,10.0,0 days 00:01:43.297000,1,True,Russian Grand Prix
8,11.0,0 days 00:01:42.737000,1,True,Russian Grand Prix
8,12.0,0 days 00:01:42.807000,1,True,Russian Grand Prix
8,13.0,0 days 00:01:42.875000,1,True,Russian Grand Prix
8,14.0,0 days 00:01:43.187000,1,True,Russian Grand Prix
8,15.0,0 days 00:01:42.473000,1,True,Russian Grand Prix
8,16.0,0 days 00:01:42.141000,1,True,Russian Grand Prix
8,17.0,0 days 00:01:46.633000,1,False,Russian Grand Prix
8,18.0,0 days 00:02:01.162000,1,False,Russian Grand Prix
8,19.0,0 days 00:01:41.055000,1,True,Russian Grand Prix
8,20.0,0 days 00:01:41.210000,1,True,Russian Grand Prix
8,21.0,0 days 00:01:41.379000,1,True,Russian Grand Prix
8,22.0,0 days 00:01:40.957000,1,True,Russian Grand Prix
8,23.0,0 days 00:01:41.349000,1,True,Russian Grand Prix
8,24.0,0 days 00:01:41.530000,1,True,Russian Grand Prix
8,25.0,0 days 00:01:41.223000,1,True,Russian Grand Prix
8,26.0,0 days 00:01:41.233000,1,True,Russian Grand Prix
8,27.0,0 days 00:01:41.758000,1,True,Russian Grand Prix
8,28.0,0 days 00:01:41.286000,1,True,Russian Grand Prix
8,29.0,0 days 00:01:41.283000,1,True,Russian Grand Prix
8,30.0,0 days 00:01:40.976000,1,True,Russian Grand Prix
8,31.0,0 days 00:01:41.135000,1,True,Russian Grand Prix
8,32.0,0 days 00:01:41.051000,1,True,Russian Grand Prix
8,33.0,0 days 00:01:41.864000,1,True,Russian Grand Prix
8,34.0,0 days 00:01:41.116000,1,True,Russian Grand Prix
8,35.0,0 days 00:01:41.478000,1,True,Russian Grand Prix
8,36.0,0 days 00:01:41.463000,1,True,Russian Grand Prix
8,37.0,0 days 00:01:41.119000,1,True,Russian Grand Prix
8,38.0,0 days 00:01:41.391000,1,True,Russian Grand Prix
8,39.0,0 days 00:01:43.656000,1,True,Russian Grand Prix
8,40.0,0 days 00:01:43.965000,1,True,Russian Grand Prix
8,41.0,0 days 00:01:45.760000,1,True,Russian Grand Prix
8,42.0,0 days 00:02:02.145000,67,False,Russian Grand Prix
8,43.0,0 days 00:02:03.670000,1,False,Russian Grand Prix
8,44.0,0 days 00:01:39.614000,1,True,Russian Grand Prix
8,45.0,0 days 00:01:39.891000,1,True,Russian Grand Prix
8,46.0,0 days 00:01:41.287000,1,True,Russian Grand Prix
8,47.0,0 days 00:01:41.542000,1,True,Russian Grand Prix
8,48.0,0 days 00:01:42.962000,1,True,Russian Grand Prix
8,49.0,0 days 00:01:42.262000,1,True,Russian Grand Prix
8,50.0,0 days 00:01:40.051000,1,True,Russian Grand Prix
8,51.0,0 days 00:01:40.009000,1,True,Russian Grand Prix
8,52.0,0 days 00:01:42.318000,1,True,Russian Grand Prix
63,1.0,0 days 00:02:31.428000,24,False,Russian Grand Prix
63,2.0,,4,False,Russian Grand Prix
63,3.0,,4,False,Russian Grand Prix
63,4.0,,4,False,Russian Grand Prix
63,5.0,,4,False,Russian Grand Prix
63,6.0,0 days 00:01:45.675000,1,False,Russian Grand Prix
63,7.0,0 days 00:01:44.640000,1,True,Russian Grand Prix
63,8.0,0 days 00:01:44.309000,1,True,Russian Grand Prix
63,9.0,0 days 00:01:45.727000,1,True,Russian Grand Prix
63,10.0,0 days 00:01:46.291000,1,True,Russian Grand Prix
63,11.0,0 days 00:01:43.797000,1,True,Russian Grand Prix
63,12.0,0 days 00:01:45.342000,1,True,Russian Grand Prix
63,13.0,0 days 00:01:45.606000,1,True,Russian Grand Prix
63,14.0,0 days 00:01:49.162000,1,False,Russian Grand Prix
63,15.0,0 days 00:02:01.947000,1,False,Russian Grand Prix
63,16.0,0 days 00:01:42.349000,1,True,Russian Grand Prix
63,17.0,0 days 00:01:41.396000,1,True,Russian Grand Prix
63,18.0,0 days 00:01:41.875000,1,True,Russian Grand Prix
63,19.0,0 days 00:01:41.950000,1,True,Russian Grand Prix
63,20.0,0 days 00:01:42.050000,1,True,Russian Grand Prix
63,21.0,0 days 00:01:42.020000,1,True,Russian Grand Prix
63,22.0,0 days 00:01:41.505000,1,True,Russian Grand Prix
63,23.0,0 days 00:01:41.322000,1,True,Russian Grand Prix
63,24.0,0 days 00:01:41.629000,1,True,Russian Grand Prix
63,25.0,0 days 00:01:41.329000,1,True,Russian Grand Prix
63,26.0,0 days 00:01:41.382000,1,True,Russian Grand Prix
63,27.0,0 days 00:01:41.913000,1,True,Russian Grand Prix
63,28.0,0 days 00:01:42.122000,1,True,Russian Grand Prix
63,29.0,0 days 00:01:41.301000,1,True,Russian Grand Prix
63,30.0,0 days 00:01:41.296000,1,True,Russian Grand Prix
63,31.0,0 days 00:01:41.660000,1,True,Russian Grand Prix
63,32.0,0 days 00:01:41.150000,1,True,Russian Grand Prix
63,33.0,0 days 00:01:41.243000,1,True,Russian Grand Prix
63,34.0,0 days 00:01:41.490000,1,True,Russian Grand Prix
63,35.0,0 days 00:01:41.317000,1,True,Russian Grand Prix
63,36.0,0 days 00:01:43.786000,1,True,Russian Grand Prix
63,37.0,0 days 00:01:41.513000,1,True,Russian Grand Prix
63,38.0,0 days 00:01:41.635000,1,True,Russian Grand Prix
63,39.0,0 days 00:01:41.411000,1,True,Russian Grand Prix
63,40.0,0 days 00:01:42.744000,1,True,Russian Grand Prix
63,41.0,0 days 00:01:41.182000,1,True,Russian Grand Prix
63,42.0,0 days 00:01:55.713000,67,False,Russian Grand Prix
63,43.0,0 days 00:01:44.604000,1,True,Russian Grand Prix
63,44.0,0 days 00:01:42.019000,1,True,Russian Grand Prix
63,45.0,0 days 00:01:43.168000,1,True,Russian Grand Prix
63,46.0,0 days 00:01:41.625000,1,True,Russian Grand Prix
63,47.0,0 days 00:01:41.512000,1,True,Russian Grand Prix
63,48.0,0 days 00:01:47.554000,1,True,Russian Grand Prix
63,49.0,0 days 00:01:43.098000,1,True,Russian Grand Prix
63,50.0,0 days 00:01:47.257000,1,False,Russian Grand Prix
63,51.0,0 days 00:02:00.440000,1,False,Russian Grand Prix
63,52.0,0 days 00:01:37.352000,1,True,Russian Grand Prix
55,1.0,,24,False,Russian Grand Prix
18,1.0,,24,False,Russian Grand Prix
10,1.0,0 days 00:01:43.776000,1,False,Eifel Grand Prix
10,2.0,0 days 00:01:37.911000,1,True,Eifel Grand Prix
10,3.0,0 days 00:01:35.490000,1,True,Eifel Grand Prix
10,4.0,0 days 00:01:34.495000,1,True,Eifel Grand Prix
10,5.0,0 days 00:01:34.167000,1,True,Eifel Grand Prix
10,6.0,0 days 00:01:34.393000,1,True,Eifel Grand Prix
10,7.0,0 days 00:01:34.333000,1,True,Eifel Grand Prix
10,8.0,0 days 00:01:34.717000,1,True,Eifel Grand Prix
10,9.0,0 days 00:01:34.719000,1,True,Eifel Grand Prix
10,10.0,0 days 00:01:34.817000,1,True,Eifel Grand Prix
10,11.0,0 days 00:01:35.552000,1,True,Eifel Grand Prix
10,12.0,0 days 00:01:33.697000,1,True,Eifel Grand Prix
10,13.0,0 days 00:01:34.160000,2,True,Eifel Grand Prix
10,14.0,0 days 00:01:33.232000,1,True,Eifel Grand Prix
10,15.0,0 days 00:01:33.644000,1,True,Eifel Grand Prix
10,16.0,0 days 00:01:53.692000,67,False,Eifel Grand Prix
10,17.0,0 days 00:01:35.016000,2,True,Eifel Grand Prix
10,18.0,0 days 00:01:34.324000,2,True,Eifel Grand Prix
10,19.0,0 days 00:01:34.129000,2,True,Eifel Grand Prix
10,20.0,0 days 00:01:33.506000,1,True,Eifel Grand Prix
10,21.0,0 days 00:01:33.411000,1,True,Eifel Grand Prix
10,22.0,0 days 00:01:34.052000,1,True,Eifel Grand Prix
10,23.0,0 days 00:01:33.637000,1,True,Eifel Grand Prix
10,24.0,0 days 00:01:33.251000,1,True,Eifel Grand Prix
10,25.0,0 days 00:01:33.341000,1,True,Eifel Grand Prix
10,26.0,0 days 00:01:33.483000,1,True,Eifel Grand Prix
10,27.0,0 days 00:01:33.649000,1,True,Eifel Grand Prix
10,28.0,0 days 00:01:35.435000,1,True,Eifel Grand Prix
10,29.0,0 days 00:01:35.416000,1,True,Eifel Grand Prix
10,30.0,0 days 00:01:37.398000,1,False,Eifel Grand Prix
10,31.0,0 days 00:01:54.106000,1,False,Eifel Grand Prix
10,32.0,0 days 00:01:31.732000,1,True,Eifel Grand Prix
10,33.0,0 days 00:01:31.253000,1,True,Eifel Grand Prix
10,34.0,0 days 00:01:31.838000,1,True,Eifel Grand Prix
10,35.0,0 days 00:01:31.456000,1,True,Eifel Grand Prix
10,36.0,0 days 00:01:34.086000,1,True,Eifel Grand Prix
10,37.0,0 days 00:01:32.191000,1,True,Eifel Grand Prix
10,38.0,0 days 00:01:32.661000,1,True,Eifel Grand Prix
10,39.0,0 days 00:01:31.718000,1,True,Eifel Grand Prix
10,40.0,0 days 00:01:31.834000,1,True,Eifel Grand Prix
10,41.0,0 days 00:01:31.178000,1,True,Eifel Grand Prix
10,42.0,0 days 00:01:31.288000,1,True,Eifel Grand Prix
10,43.0,0 days 00:01:31.516000,2,True,Eifel Grand Prix
10,44.0,0 days 00:01:52.211000,24,False,Eifel Grand Prix
10,45.0,0 days 00:02:16.550000,4,False,Eifel Grand Prix
10,46.0,0 days 00:02:19.190000,4,False,Eifel Grand Prix
10,47.0,0 days 00:01:35.896000,4,False,Eifel Grand Prix
10,48.0,0 days 00:01:33.975000,4,False,Eifel Grand Prix
10,49.0,0 days 00:01:57.483000,4,False,Eifel Grand Prix
10,50.0,0 days 00:01:32.542000,1,False,Eifel Grand Prix
10,51.0,0 days 00:01:30.811000,1,True,Eifel Grand Prix
10,52.0,0 days 00:01:30.522000,1,True,Eifel Grand Prix
10,53.0,0 days 00:01:30.110000,1,True,Eifel Grand Prix
10,54.0,0 days 00:01:30.255000,1,True,Eifel Grand Prix
10,55.0,0 days 00:01:30.507000,1,True,Eifel Grand Prix
10,56.0,0 days 00:01:30.720000,1,True,Eifel Grand Prix
10,57.0,0 days 00:01:30.717000,1,True,Eifel Grand Prix
10,58.0,0 days 00:01:30.528000,1,True,Eifel Grand Prix
10,59.0,0 days 00:01:30.276000,1,True,Eifel Grand Prix
10,60.0,0 days 00:01:30.414000,1,True,Eifel Grand Prix
11,1.0,0 days 00:01:40.884000,1,False,Eifel Grand Prix
11,2.0,0 days 00:01:35.329000,1,True,Eifel Grand Prix
11,3.0,0 days 00:01:34.201000,1,True,Eifel Grand Prix
11,4.0,0 days 00:01:34.559000,1,True,Eifel Grand Prix
11,5.0,0 days 00:01:33.973000,1,True,Eifel Grand Prix
11,6.0,0 days 00:01:34.565000,1,True,Eifel Grand Prix
11,7.0,0 days 00:01:33.606000,1,True,Eifel Grand Prix
11,8.0,0 days 00:01:33.361000,1,True,Eifel Grand Prix
11,9.0,0 days 00:01:33.920000,1,True,Eifel Grand Prix
11,10.0,0 days 00:01:34.858000,1,True,Eifel Grand Prix
11,11.0,0 days 00:01:33.522000,1,True,Eifel Grand Prix
11,12.0,0 days 00:01:33.274000,1,True,Eifel Grand Prix
11,13.0,0 days 00:01:32.944000,2,True,Eifel Grand Prix
11,14.0,0 days 00:01:33.428000,1,True,Eifel Grand Prix
11,15.0,0 days 00:01:33.200000,1,True,Eifel Grand Prix
11,16.0,0 days 00:01:51.293000,67,False,Eifel Grand Prix
11,17.0,0 days 00:01:34.598000,2,True,Eifel Grand Prix
11,18.0,0 days 00:01:33.978000,2,True,Eifel Grand Prix
11,19.0,0 days 00:01:33.705000,2,True,Eifel Grand Prix
11,20.0,0 days 00:01:33.275000,1,True,Eifel Grand Prix
11,21.0,0 days 00:01:32.848000,1,True,Eifel Grand Prix
11,22.0,0 days 00:01:33.121000,1,True,Eifel Grand Prix
11,23.0,0 days 00:01:33.189000,1,True,Eifel Grand Prix
11,24.0,0 days 00:01:33.106000,1,True,Eifel Grand Prix
11,25.0,0 days 00:01:32.970000,1,True,Eifel Grand Prix
11,26.0,0 days 00:01:33.166000,1,True,Eifel Grand Prix
11,27.0,0 days 00:01:33.640000,1,True,Eifel Grand Prix
11,28.0,0 days 00:01:36.465000,1,False,Eifel Grand Prix
11,29.0,0 days 00:01:53.285000,1,False,Eifel Grand Prix
11,30.0,0 days 00:01:32.456000,1,True,Eifel Grand Prix
11,31.0,0 days 00:01:31.438000,1,True,Eifel Grand Prix
11,32.0,0 days 00:01:31.606000,1,True,Eifel Grand Prix
11,33.0,0 days 00:01:33.307000,1,True,Eifel Grand Prix
11,34.0,0 days 00:01:32.923000,1,True,Eifel Grand Prix
11,35.0,0 days 00:01:31.264000,1,True,Eifel Grand Prix
11,36.0,0 days 00:01:31.270000,1,True,Eifel Grand Prix
11,37.0,0 days 00:01:31.011000,1,True,Eifel Grand Prix
11,38.0,0 days 00:01:30.989000,1,True,Eifel Grand Prix
11,39.0,0 days 00:01:30.575000,1,True,Eifel Grand Prix
11,40.0,0 days 00:01:30.633000,1,True,Eifel Grand Prix
11,41.0,0 days 00:01:30.757000,1,True,Eifel Grand Prix
11,42.0,0 days 00:01:30.541000,1,True,Eifel Grand Prix
11,43.0,0 days 00:01:30.476000,1,True,Eifel Grand Prix
11,44.0,0 days 00:01:37.965000,24,False,Eifel Grand Prix
11,45.0,0 days 00:02:03.507000,4,False,Eifel Grand Prix
11,46.0,0 days 00:02:03.907000,4,False,Eifel Grand Prix
11,47.0,0 days 00:01:42.868000,4,False,Eifel Grand Prix
11,48.0,0 days 00:02:12.177000,4,False,Eifel Grand Prix
11,49.0,0 days 00:02:28.904000,4,False,Eifel Grand Prix
11,50.0,0 days 00:01:32.208000,1,False,Eifel Grand Prix
11,51.0,0 days 00:01:30.471000,1,True,Eifel Grand Prix
11,52.0,0 days 00:01:29.968000,1,True,Eifel Grand Prix
11,53.0,0 days 00:01:30.056000,1,True,Eifel Grand Prix
11,54.0,0 days 00:01:30.140000,1,True,Eifel Grand Prix
11,55.0,0 days 00:01:30.235000,1,True,Eifel Grand Prix
11,56.0,0 days 00:01:30.052000,1,True,Eifel Grand Prix
11,57.0,0 days 00:01:29.896000,1,True,Eifel Grand Prix
11,58.0,0 days 00:01:29.700000,1,True,Eifel Grand Prix
11,59.0,0 days 00:01:29.981000,1,True,Eifel Grand Prix
11,60.0,0 days 00:01:30.167000,1,True,Eifel Grand Prix
16,1.0,0 days 00:01:37.473000,1,False,Eifel Grand Prix
16,2.0,0 days 00:01:35.048000,1,True,Eifel Grand Prix
16,3.0,0 days 00:01:34.182000,1,True,Eifel Grand Prix
16,4.0,0 days 00:01:34.062000,1,True,Eifel Grand Prix
16,5.0,0 days 00:01:34.072000,1,True,Eifel Grand Prix
16,6.0,0 days 00:01:34.520000,1,True,Eifel Grand Prix
16,7.0,0 days 00:01:33.989000,1,True,Eifel Grand Prix
16,8.0,0 days 00:01:34.256000,1,True,Eifel Grand Prix
16,9.0,0 days 00:01:35.537000,1,True,Eifel Grand Prix
16,10.0,0 days 00:01:37.859000,1,False,Eifel Grand Prix
16,11.0,0 days 00:01:53.564000,1,False,Eifel Grand Prix
16,12.0,0 days 00:01:33.245000,1,True,Eifel Grand Prix
16,13.0,0 days 00:01:34.114000,2,True,Eifel Grand Prix
16,14.0,0 days 00:01:34.070000,1,True,Eifel Grand Prix
16,15.0,0 days 00:01:32.525000,1,True,Eifel Grand Prix
16,16.0,0 days 00:01:51.567000,67,False,Eifel Grand Prix
16,17.0,0 days 00:01:34.043000,2,True,Eifel Grand Prix
16,18.0,0 days 00:01:33.865000,2,True,Eifel Grand Prix
16,19.0,0 days 00:01:33.751000,2,True,Eifel Grand Prix
16,20.0,0 days 00:01:32.808000,1,True,Eifel Grand Prix
16,21.0,0 days 00:01:32.832000,1,True,Eifel Grand Prix
16,22.0,0 days 00:01:32.911000,1,True,Eifel Grand Prix
16,23.0,0 days 00:01:33.209000,1,True,Eifel Grand Prix
16,24.0,0 days 00:01:32.663000,1,True,Eifel Grand Prix
16,25.0,0 days 00:01:32.677000,1,True,Eifel Grand Prix
16,26.0,0 days 00:01:33.224000,1,True,Eifel Grand Prix
16,27.0,0 days 00:01:33.115000,1,True,Eifel Grand Prix
16,28.0,0 days 00:01:32.636000,1,True,Eifel Grand Prix
16,29.0,0 days 00:01:33.197000,1,True,Eifel Grand Prix
16,30.0,0 days 00:01:32.831000,1,True,Eifel Grand Prix
16,31.0,0 days 00:01:32.819000,1,True,Eifel Grand Prix
16,32.0,0 days 00:01:32.511000,1,True,Eifel Grand Prix
16,33.0,0 days 00:01:34.189000,1,True,Eifel Grand Prix
16,34.0,0 days 00:01:33.464000,1,True,Eifel Grand Prix
16,35.0,0 days 00:01:35.955000,1,False,Eifel Grand Prix
16,36.0,0 days 00:01:53.802000,1,False,Eifel Grand Prix
16,37.0,0 days 00:01:31.604000,1,True,Eifel Grand Prix
16,38.0,0 days 00:01:31.443000,1,True,Eifel Grand Prix
16,39.0,0 days 00:01:31.198000,1,True,Eifel Grand Prix
16,40.0,0 days 00:01:31.138000,1,True,Eifel Grand Prix
16,41.0,0 days 00:01:30.863000,1,True,Eifel Grand Prix
16,42.0,0 days 00:01:31.010000,1,True,Eifel Grand Prix
16,43.0,0 days 00:01:31.029000,2,True,Eifel Grand Prix
16,44.0,0 days 00:01:52.710000,24,False,Eifel Grand Prix
16,45.0,0 days 00:02:13.677000,4,False,Eifel Grand Prix
16,46.0,0 days 00:02:21.611000,4,False,Eifel Grand Prix
16,47.0,0 days 00:01:35.301000,4,False,Eifel Grand Prix
16,48.0,0 days 00:01:32.346000,4,False,Eifel Grand Prix
16,49.0,0 days 00:02:03.404000,4,False,Eifel Grand Prix
16,50.0,0 days 00:01:33.555000,1,False,Eifel Grand Prix
16,51.0,0 days 00:01:32.461000,1,True,Eifel Grand Prix
16,52.0,0 days 00:01:31.142000,1,True,Eifel Grand Prix
16,53.0,0 days 00:01:30.863000,1,True,Eifel Grand Prix
16,54.0,0 days 00:01:30.712000,1,True,Eifel Grand Prix
16,55.0,0 days 00:01:31.038000,1,True,Eifel Grand Prix
16,56.0,0 days 00:01:31.246000,1,True,Eifel Grand Prix
16,57.0,0 days 00:01:31.365000,1,True,Eifel Grand Prix
16,58.0,0 days 00:01:31.017000,1,True,Eifel Grand Prix
16,59.0,0 days 00:01:31.110000,1,True,Eifel Grand Prix
16,60.0,0 days 00:01:32.027000,1,True,Eifel Grand Prix
20,1.0,0 days 00:01:44.391000,1,False,Eifel Grand Prix
20,2.0,0 days 00:01:36.509000,1,True,Eifel Grand Prix
20,3.0,0 days 00:01:35.129000,1,True,Eifel Grand Prix
20,4.0,0 days 00:01:34.714000,1,True,Eifel Grand Prix
20,5.0,0 days 00:01:34.413000,1,True,Eifel Grand Prix
20,6.0,0 days 00:01:34.658000,1,True,Eifel Grand Prix
20,7.0,0 days 00:01:34.433000,1,True,Eifel Grand Prix
20,8.0,0 days 00:01:34.601000,1,True,Eifel Grand Prix
20,9.0,0 days 00:01:34.745000,1,True,Eifel Grand Prix
20,10.0,0 days 00:01:34.825000,1,True,Eifel Grand Prix
20,11.0,0 days 00:01:36.917000,1,True,Eifel Grand Prix
20,12.0,0 days 00:01:34.990000,1,True,Eifel Grand Prix
20,13.0,0 days 00:01:36.913000,2,True,Eifel Grand Prix
20,14.0,0 days 00:01:37.855000,1,False,Eifel Grand Prix
20,15.0,0 days 00:01:58.830000,6,False,Eifel Grand Prix
20,16.0,0 days 00:01:48.717000,672,False,Eifel Grand Prix
20,17.0,0 days 00:01:34.270000,2,True,Eifel Grand Prix
20,18.0,0 days 00:01:33.698000,2,True,Eifel Grand Prix
20,19.0,0 days 00:01:33.662000,2,True,Eifel Grand Prix
20,20.0,0 days 00:01:33.084000,1,True,Eifel Grand Prix
20,21.0,0 days 00:01:32.973000,1,True,Eifel Grand Prix
20,22.0,0 days 00:01:32.976000,1,True,Eifel Grand Prix
20,23.0,0 days 00:01:32.917000,1,True,Eifel Grand Prix
20,24.0,0 days 00:01:32.874000,1,True,Eifel Grand Prix
20,25.0,0 days 00:01:32.758000,1,True,Eifel Grand Prix
20,26.0,0 days 00:01:32.751000,1,True,Eifel Grand Prix
20,27.0,0 days 00:01:33.048000,1,True,Eifel Grand Prix
20,28.0,0 days 00:01:34.640000,1,True,Eifel Grand Prix
20,29.0,0 days 00:01:33.192000,1,True,Eifel Grand Prix
20,30.0,0 days 00:01:35.355000,1,True,Eifel Grand Prix
20,31.0,0 days 00:01:32.950000,1,True,Eifel Grand Prix
20,32.0,0 days 00:01:32.864000,1,True,Eifel Grand Prix
20,33.0,0 days 00:01:33.166000,1,True,Eifel Grand Prix
20,34.0,0 days 00:01:38.154000,1,False,Eifel Grand Prix
20,35.0,0 days 00:01:53.185000,1,False,Eifel Grand Prix
20,36.0,0 days 00:01:30.647000,1,True,Eifel Grand Prix
20,37.0,0 days 00:01:30.456000,1,True,Eifel Grand Prix
20,38.0,0 days 00:01:30.750000,1,True,Eifel Grand Prix
20,39.0,0 days 00:01:30.853000,1,True,Eifel Grand Prix
20,40.0,0 days 00:01:31.012000,1,True,Eifel Grand Prix
20,41.0,0 days 00:01:31.386000,1,True,Eifel Grand Prix
20,42.0,0 days 00:01:31.363000,1,True,Eifel Grand Prix
20,43.0,0 days 00:01:31.696000,2,True,Eifel Grand Prix
20,44.0,0 days 00:01:58,24,False,Eifel Grand Prix
20,45.0,0 days 00:02:01.337000,4,False,Eifel Grand Prix
20,46.0,0 days 00:02:13.778000,4,False,Eifel Grand Prix
20,47.0,0 days 00:01:38.433000,4,False,Eifel Grand Prix
20,48.0,0 days 00:01:36.353000,4,False,Eifel Grand Prix
20,49.0,0 days 00:01:49.311000,4,False,Eifel Grand Prix
20,50.0,0 days 00:01:34.675000,1,False,Eifel Grand Prix
20,51.0,0 days 00:01:32.841000,1,True,Eifel Grand Prix
20,52.0,0 days 00:01:32.216000,1,True,Eifel Grand Prix
20,53.0,0 days 00:01:32.157000,1,True,Eifel Grand Prix
20,54.0,0 days 00:01:32.053000,1,True,Eifel Grand Prix
20,55.0,0 days 00:01:34.797000,1,True,Eifel Grand Prix
20,56.0,0 days 00:01:33.189000,1,True,Eifel Grand Prix
20,57.0,0 days 00:01:32.399000,1,True,Eifel Grand Prix
20,58.0,0 days 00:01:33.613000,1,True,Eifel Grand Prix
20,59.0,0 days 00:01:32.259000,1,True,Eifel Grand Prix
20,60.0,0 days 00:01:32.495000,1,True,Eifel Grand Prix
23,1.0,0 days 00:01:39.301000,1,False,Eifel Grand Prix
23,2.0,0 days 00:01:34.815000,1,True,Eifel Grand Prix
23,3.0,0 days 00:01:34.299000,1,True,Eifel Grand Prix
23,4.0,0 days 00:01:34.331000,1,True,Eifel Grand Prix
23,5.0,0 days 00:01:34.194000,1,True,Eifel Grand Prix
23,6.0,0 days 00:01:34.119000,1,True,Eifel Grand Prix
23,7.0,0 days 00:01:37.230000,1,False,Eifel Grand Prix
23,8.0,0 days 00:01:52.682000,1,False,Eifel Grand Prix
23,9.0,0 days 00:01:32.330000,1,True,Eifel Grand Prix
23,10.0,0 days 00:01:34.881000,1,True,Eifel Grand Prix
23,11.0,0 days 00:01:32.916000,1,True,Eifel Grand Prix
23,12.0,0 days 00:01:32.626000,1,True,Eifel Grand Prix
23,13.0,0 days 00:01:32.477000,2,True,Eifel Grand Prix
23,14.0,0 days 00:01:33.516000,1,True,Eifel Grand Prix
23,15.0,0 days 00:01:35.335000,1,True,Eifel Grand Prix
23,16.0,0 days 00:01:52.436000,67,False,Eifel Grand Prix
23,17.0,0 days 00:01:33.090000,2,True,Eifel Grand Prix
23,18.0,0 days 00:01:33.005000,2,True,Eifel Grand Prix
23,19.0,0 days 00:01:33.422000,2,True,Eifel Grand Prix
23,20.0,0 days 00:01:33.510000,1,True,Eifel Grand Prix
23,21.0,0 days 00:01:33.321000,1,True,Eifel Grand Prix
23,22.0,0 days 00:01:34.266000,1,True,Eifel Grand Prix
23,23.0,0 days 00:01:38.433000,1,False,Eifel Grand Prix
26,1.0,0 days 00:01:44.911000,1,False,Eifel Grand Prix
26,2.0,0 days 00:01:37.394000,1,True,Eifel Grand Prix
26,3.0,0 days 00:01:35.433000,1,True,Eifel Grand Prix
26,4.0,0 days 00:01:34.794000,1,True,Eifel Grand Prix
26,5.0,0 days 00:01:34.246000,1,True,Eifel Grand Prix
26,6.0,0 days 00:01:34.812000,1,True,Eifel Grand Prix
26,7.0,0 days 00:01:34.192000,1,True,Eifel Grand Prix
26,8.0,0 days 00:01:34.503000,1,True,Eifel Grand Prix
26,9.0,0 days 00:01:34.504000,1,True,Eifel Grand Prix
26,10.0,0 days 00:01:34.893000,1,True,Eifel Grand Prix
26,11.0,0 days 00:01:36.105000,1,True,Eifel Grand Prix
26,12.0,0 days 00:01:34.916000,1,True,Eifel Grand Prix
26,13.0,0 days 00:01:34.186000,2,True,Eifel Grand Prix
26,14.0,0 days 00:01:34.233000,1,True,Eifel Grand Prix
26,15.0,0 days 00:01:35.311000,1,True,Eifel Grand Prix
26,16.0,0 days 00:01:55.686000,67,False,Eifel Grand Prix
26,17.0,0 days 00:02:02.578000,2,False,Eifel Grand Prix
26,18.0,0 days 00:02:07.494000,2,False,Eifel Grand Prix
26,19.0,0 days 00:01:33.334000,1,True,Eifel Grand Prix
26,20.0,0 days 00:01:32.963000,1,True,Eifel Grand Prix
26,21.0,0 days 00:01:33.052000,1,True,Eifel Grand Prix
26,22.0,0 days 00:01:32.761000,1,True,Eifel Grand Prix
26,23.0,0 days 00:01:32.717000,1,True,Eifel Grand Prix
26,24.0,0 days 00:01:32.898000,1,True,Eifel Grand Prix
26,25.0,0 days 00:01:32.528000,1,True,Eifel Grand Prix
26,26.0,0 days 00:01:32.568000,1,True,Eifel Grand Prix
26,27.0,0 days 00:01:32.306000,1,True,Eifel Grand Prix
26,28.0,0 days 00:01:32.600000,1,True,Eifel Grand Prix
26,29.0,0 days 00:01:32.473000,1,True,Eifel Grand Prix
26,30.0,0 days 00:01:32.647000,1,True,Eifel Grand Prix
26,31.0,0 days 00:01:32.431000,1,True,Eifel Grand Prix
26,32.0,0 days 00:01:32.420000,1,True,Eifel Grand Prix
26,33.0,0 days 00:01:32.509000,1,True,Eifel Grand Prix
26,34.0,0 days 00:01:33.601000,1,True,Eifel Grand Prix
26,35.0,0 days 00:01:33.103000,1,True,Eifel Grand Prix
26,36.0,0 days 00:01:32.543000,1,True,Eifel Grand Prix
26,37.0,0 days 00:01:32.638000,1,True,Eifel Grand Prix
26,38.0,0 days 00:01:32.336000,1,True,Eifel Grand Prix
26,39.0,0 days 00:01:32.775000,1,True,Eifel Grand Prix
26,40.0,0 days 00:01:32.366000,1,True,Eifel Grand Prix
26,41.0,0 days 00:01:32.214000,1,True,Eifel Grand Prix
26,42.0,0 days 00:01:32.685000,1,True,Eifel Grand Prix
26,43.0,0 days 00:01:33.627000,24,False,Eifel Grand Prix
26,44.0,0 days 00:02:04.888000,4,False,Eifel Grand Prix
26,45.0,0 days 00:02:13.700000,4,False,Eifel Grand Prix
26,46.0,0 days 00:01:43.008000,4,False,Eifel Grand Prix
26,47.0,0 days 00:01:37.612000,4,False,Eifel Grand Prix
26,48.0,0 days 00:01:36.898000,4,False,Eifel Grand Prix
26,49.0,0 days 00:01:44.002000,4,False,Eifel Grand Prix
26,50.0,0 days 00:01:35.108000,1,False,Eifel Grand Prix
26,51.0,0 days 00:01:33.345000,1,True,Eifel Grand Prix
26,52.0,0 days 00:01:32.941000,1,True,Eifel Grand Prix
26,53.0,0 days 00:01:33.586000,1,True,Eifel Grand Prix
26,54.0,0 days 00:01:32.367000,1,True,Eifel Grand Prix
26,55.0,0 days 00:01:33.773000,1,True,Eifel Grand Prix
26,56.0,0 days 00:01:32.730000,1,True,Eifel Grand Prix
26,57.0,0 days 00:01:34.173000,1,True,Eifel Grand Prix
26,58.0,0 days 00:01:32.574000,1,True,Eifel Grand Prix
26,59.0,0 days 00:01:32.650000,1,True,Eifel Grand Prix
26,60.0,0 days 00:01:33.588000,1,True,Eifel Grand Prix
27,1.0,0 days 00:01:46.054000,1,False,Eifel Grand Prix
27,2.0,0 days 00:01:37.734000,1,True,Eifel Grand Prix
27,3.0,0 days 00:01:35.456000,1,True,Eifel Grand Prix
27,4.0,0 days 00:01:35.372000,1,True,Eifel Grand Prix
27,5.0,0 days 00:01:34.850000,1,True,Eifel Grand Prix
27,6.0,0 days 00:01:34.436000,1,True,Eifel Grand Prix
27,7.0,0 days 00:01:34.818000,1,True,Eifel Grand Prix
27,8.0,0 days 00:01:34.704000,1,True,Eifel Grand Prix
27,9.0,0 days 00:01:35.305000,1,True,Eifel Grand Prix
27,10.0,0 days 00:01:35.475000,1,True,Eifel Grand Prix
27,11.0,0 days 00:01:35.253000,1,True,Eifel Grand Prix
27,12.0,0 days 00:01:33.662000,1,True,Eifel Grand Prix
27,13.0,0 days 00:01:35.496000,2,True,Eifel Grand Prix
27,14.0,0 days 00:01:34.515000,1,True,Eifel Grand Prix
27,15.0,0 days 00:01:33.939000,1,True,Eifel Grand Prix
27,16.0,0 days 00:01:51.978000,67,False,Eifel Grand Prix
27,17.0,0 days 00:01:34.053000,2,True,Eifel Grand Prix
27,18.0,0 days 00:01:34.326000,2,True,Eifel Grand Prix
27,19.0,0 days 00:01:33.788000,2,True,Eifel Grand Prix
27,20.0,0 days 00:01:34.594000,1,True,Eifel Grand Prix
27,21.0,0 days 00:01:33.708000,1,True,Eifel Grand Prix
27,22.0,0 days 00:01:33.853000,1,True,Eifel Grand Prix
27,23.0,0 days 00:01:33.604000,1,True,Eifel Grand Prix
27,24.0,0 days 00:01:33.146000,1,True,Eifel Grand Prix
27,25.0,0 days 00:01:33.523000,1,True,Eifel Grand Prix
27,26.0,0 days 00:01:33.735000,1,True,Eifel Grand Prix
27,27.0,0 days 00:01:33.711000,1,True,Eifel Grand Prix
27,28.0,0 days 00:01:33.618000,1,True,Eifel Grand Prix
27,29.0,0 days 00:01:36.925000,1,False,Eifel Grand Prix
27,30.0,0 days 00:01:52.649000,1,False,Eifel Grand Prix
27,31.0,0 days 00:01:34.062000,1,True,Eifel Grand Prix
27,32.0,0 days 00:01:31.193000,1,True,Eifel Grand Prix
27,33.0,0 days 00:01:32.277000,1,True,Eifel Grand Prix
27,34.0,0 days 00:01:31.829000,1,True,Eifel Grand Prix
27,35.0,0 days 00:01:32.130000,1,True,Eifel Grand Prix
27,36.0,0 days 00:01:32.566000,1,True,Eifel Grand Prix
27,37.0,0 days 00:01:32.396000,1,True,Eifel Grand Prix
27,38.0,0 days 00:01:32.586000,1,True,Eifel Grand Prix
27,39.0,0 days 00:01:32.222000,1,True,Eifel Grand Prix
27,40.0,0 days 00:01:32.771000,1,True,Eifel Grand Prix
27,41.0,0 days 00:01:31.717000,1,True,Eifel Grand Prix
27,42.0,0 days 00:01:31.929000,1,True,Eifel Grand Prix
27,43.0,0 days 00:01:31.599000,2,True,Eifel Grand Prix
27,44.0,0 days 00:01:52.748000,24,False,Eifel Grand Prix
27,45.0,0 days 00:02:14.744000,4,False,Eifel Grand Prix
27,46.0,0 days 00:02:17.412000,4,False,Eifel Grand Prix
27,47.0,0 days 00:01:36.022000,4,False,Eifel Grand Prix
27,48.0,0 days 00:01:33.815000,4,False,Eifel Grand Prix
27,49.0,0 days 00:01:56.933000,4,False,Eifel Grand Prix
27,50.0,0 days 00:01:33.063000,1,False,Eifel Grand Prix
27,51.0,0 days 00:01:32.213000,1,True,Eifel Grand Prix
27,52.0,0 days 00:01:31.229000,1,True,Eifel Grand Prix
27,53.0,0 days 00:01:31.179000,1,True,Eifel Grand Prix
27,54.0,0 days 00:01:31.341000,1,True,Eifel Grand Prix
27,55.0,0 days 00:01:31.427000,1,True,Eifel Grand Prix
27,56.0,0 days 00:01:31.178000,1,True,Eifel Grand Prix
27,57.0,0 days 00:01:31.196000,1,True,Eifel Grand Prix
27,58.0,0 days 00:01:30.733000,1,True,Eifel Grand Prix
27,59.0,0 days 00:01:31.052000,1,True,Eifel Grand Prix
27,60.0,0 days 00:01:32.395000,1,True,Eifel Grand Prix
3,1.0,0 days 00:01:38.224000,1,False,Eifel Grand Prix
3,2.0,0 days 00:01:34.973000,1,True,Eifel Grand Prix
3,3.0,0 days 00:01:34.134000,1,True,Eifel Grand Prix
3,4.0,0 days 00:01:34.123000,1,True,Eifel Grand Prix
3,5.0,0 days 00:01:33.912000,1,True,Eifel Grand Prix
3,6.0,0 days 00:01:34.611000,1,True,Eifel Grand Prix
3,7.0,0 days 00:01:33.956000,1,True,Eifel Grand Prix
3,8.0,0 days 00:01:34.077000,1,True,Eifel Grand Prix
3,9.0,0 days 00:01:33.194000,1,True,Eifel Grand Prix
3,10.0,0 days 00:01:33.206000,1,True,Eifel Grand Prix
3,11.0,0 days 00:01:33.080000,1,True,Eifel Grand Prix
3,12.0,0 days 00:01:33.102000,1,True,Eifel Grand Prix
3,13.0,0 days 00:01:33.023000,2,True,Eifel Grand Prix
3,14.0,0 days 00:01:33.280000,1,True,Eifel Grand Prix
3,15.0,0 days 00:01:33.935000,1,True,Eifel Grand Prix
3,16.0,0 days 00:01:54.702000,67,False,Eifel Grand Prix
3,17.0,0 days 00:01:53.362000,2,False,Eifel Grand Prix
3,18.0,0 days 00:01:32.534000,2,True,Eifel Grand Prix
3,19.0,0 days 00:01:32.255000,2,True,Eifel Grand Prix
3,20.0,0 days 00:01:32.352000,1,True,Eifel Grand Prix
3,21.0,0 days 00:01:32.380000,1,True,Eifel Grand Prix
3,22.0,0 days 00:01:32.690000,1,True,Eifel Grand Prix
3,23.0,0 days 00:01:32.428000,1,True,Eifel Grand Prix
3,24.0,0 days 00:01:32.421000,1,True,Eifel Grand Prix
3,25.0,0 days 00:01:32.486000,1,True,Eifel Grand Prix
3,26.0,0 days 00:01:32.478000,1,True,Eifel Grand Prix
3,27.0,0 days 00:01:32.528000,1,True,Eifel Grand Prix
3,28.0,0 days 00:01:32.906000,1,True,Eifel Grand Prix
3,29.0,0 days 00:01:32.090000,1,True,Eifel Grand Prix
3,30.0,0 days 00:01:32.235000,1,True,Eifel Grand Prix
3,31.0,0 days 00:01:32.116000,1,True,Eifel Grand Prix
3,32.0,0 days 00:01:31.852000,1,True,Eifel Grand Prix
3,33.0,0 days 00:01:31.806000,1,True,Eifel Grand Prix
3,34.0,0 days 00:01:31.972000,1,True,Eifel Grand Prix
3,35.0,0 days 00:01:33.069000,1,True,Eifel Grand Prix
3,36.0,0 days 00:01:31.584000,1,True,Eifel Grand Prix
3,37.0,0 days 00:01:31.478000,1,True,Eifel Grand Prix
3,38.0,0 days 00:01:31.852000,1,True,Eifel Grand Prix
3,39.0,0 days 00:01:31.494000,1,True,Eifel Grand Prix
3,40.0,0 days 00:01:31.605000,1,True,Eifel Grand Prix
3,41.0,0 days 00:01:31.388000,1,True,Eifel Grand Prix
3,42.0,0 days 00:01:31.096000,1,True,Eifel Grand Prix
3,43.0,0 days 00:01:31.447000,1,True,Eifel Grand Prix
3,44.0,0 days 00:01:37.214000,24,False,Eifel Grand Prix
3,45.0,0 days 00:02:16.010000,4,False,Eifel Grand Prix
3,46.0,0 days 00:01:51.967000,4,False,Eifel Grand Prix
3,47.0,0 days 00:01:46.951000,4,False,Eifel Grand Prix
3,48.0,0 days 00:02:17.477000,4,False,Eifel Grand Prix
3,49.0,0 days 00:02:29.350000,4,False,Eifel Grand Prix
3,50.0,0 days 00:01:31.905000,1,False,Eifel Grand Prix
3,51.0,0 days 00:01:30.286000,1,True,Eifel Grand Prix
3,52.0,0 days 00:01:29.874000,1,True,Eifel Grand Prix
3,53.0,0 days 00:01:29.584000,1,True,Eifel Grand Prix
3,54.0,0 days 00:01:29.969000,1,True,Eifel Grand Prix
3,55.0,0 days 00:01:30.251000,1,True,Eifel Grand Prix
3,56.0,0 days 00:01:30.159000,1,True,Eifel Grand Prix
3,57.0,0 days 00:01:30.009000,1,True,Eifel Grand Prix
3,58.0,0 days 00:01:29.789000,1,True,Eifel Grand Prix
3,59.0,0 days 00:01:29.701000,1,True,Eifel Grand Prix
3,60.0,0 days 00:01:30.322000,1,True,Eifel Grand Prix
31,1.0,0 days 00:01:41.472000,1,False,Eifel Grand Prix
31,2.0,0 days 00:01:35.440000,1,True,Eifel Grand Prix
31,3.0,0 days 00:01:34.611000,1,True,Eifel Grand Prix
31,4.0,0 days 00:01:34.531000,1,True,Eifel Grand Prix
31,5.0,0 days 00:01:34.339000,1,True,Eifel Grand Prix
31,6.0,0 days 00:01:34.363000,1,True,Eifel Grand Prix
31,7.0,0 days 00:01:34.191000,1,True,Eifel Grand Prix
31,8.0,0 days 00:01:33.668000,1,True,Eifel Grand Prix
31,9.0,0 days 00:01:33.777000,1,True,Eifel Grand Prix
31,10.0,0 days 00:01:34.029000,1,True,Eifel Grand Prix
31,11.0,0 days 00:01:34.006000,1,True,Eifel Grand Prix
31,12.0,0 days 00:01:33.745000,1,True,Eifel Grand Prix
31,13.0,0 days 00:01:33.556000,2,True,Eifel Grand Prix
31,14.0,0 days 00:01:33.903000,1,True,Eifel Grand Prix
31,15.0,0 days 00:01:33.716000,1,True,Eifel Grand Prix
31,16.0,0 days 00:01:53.347000,67,False,Eifel Grand Prix
31,17.0,0 days 00:01:34.557000,2,True,Eifel Grand Prix
31,18.0,0 days 00:01:33.735000,2,True,Eifel Grand Prix
31,19.0,0 days 00:01:33.819000,2,True,Eifel Grand Prix
31,20.0,0 days 00:01:33.252000,1,True,Eifel Grand Prix
31,21.0,0 days 00:01:33.189000,1,True,Eifel Grand Prix
31,22.0,0 days 00:01:49.095000,1,False,Eifel Grand Prix
33,1.0,0 days 00:01:35.799000,1,False,Eifel Grand Prix
33,2.0,0 days 00:01:32.647000,1,True,Eifel Grand Prix
33,3.0,0 days 00:01:32.588000,1,True,Eifel Grand Prix
33,4.0,0 days 00:01:32.525000,1,True,Eifel Grand Prix
33,5.0,0 days 00:01:32.335000,1,True,Eifel Grand Prix
33,6.0,0 days 00:01:32.108000,1,True,Eifel Grand Prix
33,7.0,0 days 00:01:31.938000,1,True,Eifel Grand Prix
33,8.0,0 days 00:01:31.933000,1,True,Eifel Grand Prix
33,9.0,0 days 00:01:32.009000,1,True,Eifel Grand Prix
33,10.0,0 days 00:01:32.264000,1,True,Eifel Grand Prix
33,11.0,0 days 00:01:31.927000,1,True,Eifel Grand Prix
33,12.0,0 days 00:01:31.822000,1,True,Eifel Grand Prix
33,13.0,0 days 00:01:33.148000,2,True,Eifel Grand Prix
33,14.0,0 days 00:01:32.446000,2,True,Eifel Grand Prix
33,15.0,0 days 00:01:31.817000,1,True,Eifel Grand Prix
33,16.0,0 days 00:01:44.836000,6,False,Eifel Grand Prix
33,17.0,0 days 00:01:52.775000,672,False,Eifel Grand Prix
33,18.0,0 days 00:01:31.051000,2,True,Eifel Grand Prix
33,19.0,0 days 00:01:31.150000,2,True,Eifel Grand Prix
33,20.0,0 days 00:01:30.439000,1,True,Eifel Grand Prix
33,21.0,0 days 00:01:30.516000,1,True,Eifel Grand Prix
33,22.0,0 days 00:01:30.777000,1,True,Eifel Grand Prix
33,23.0,0 days 00:01:30.627000,1,True,Eifel Grand Prix
33,24.0,0 days 00:01:30.746000,1,True,Eifel Grand Prix
33,25.0,0 days 00:01:30.939000,1,True,Eifel Grand Prix
33,26.0,0 days 00:01:30.817000,1,True,Eifel Grand Prix
33,27.0,0 days 00:01:30.836000,1,True,Eifel Grand Prix
33,28.0,0 days 00:01:31.086000,1,True,Eifel Grand Prix
33,29.0,0 days 00:01:31.324000,1,True,Eifel Grand Prix
33,30.0,0 days 00:01:31.569000,1,True,Eifel Grand Prix
33,31.0,0 days 00:01:31.565000,1,True,Eifel Grand Prix
33,32.0,0 days 00:01:30.923000,1,True,Eifel Grand Prix
33,33.0,0 days 00:01:31.096000,1,True,Eifel Grand Prix
33,34.0,0 days 00:01:31.836000,1,True,Eifel Grand Prix
33,35.0,0 days 00:01:32.035000,1,True,Eifel Grand Prix
33,36.0,0 days 00:01:31.172000,1,True,Eifel Grand Prix
33,37.0,0 days 00:01:30.919000,1,True,Eifel Grand Prix
33,38.0,0 days 00:01:31.267000,1,True,Eifel Grand Prix
33,39.0,0 days 00:01:31.100000,1,True,Eifel Grand Prix
33,40.0,0 days 00:01:31.006000,1,True,Eifel Grand Prix
33,41.0,0 days 00:01:31.107000,1,True,Eifel Grand Prix
33,42.0,0 days 00:01:31.110000,1,True,Eifel Grand Prix
33,43.0,0 days 00:01:30.825000,1,True,Eifel Grand Prix
33,44.0,0 days 00:01:30.988000,2,True,Eifel Grand Prix
33,45.0,0 days 00:01:47.798000,24,False,Eifel Grand Prix
33,46.0,,4,False,Eifel Grand Prix
33,47.0,,4,False,Eifel Grand Prix
33,48.0,0 days 00:02:19.129000,4,False,Eifel Grand Prix
33,49.0,,4,False,Eifel Grand Prix
33,50.0,0 days 00:01:31.024000,1,False,Eifel Grand Prix
33,51.0,0 days 00:01:28.744000,1,True,Eifel Grand Prix
33,52.0,0 days 00:01:29.058000,1,True,Eifel Grand Prix
33,53.0,0 days 00:01:28.854000,1,True,Eifel Grand Prix
33,54.0,0 days 00:01:29.235000,1,True,Eifel Grand Prix
33,55.0,0 days 00:01:28.709000,1,True,Eifel Grand Prix
33,56.0,0 days 00:01:29.118000,1,True,Eifel Grand Prix
33,57.0,0 days 00:01:29.460000,1,True,Eifel Grand Prix
33,58.0,0 days 00:01:28.994000,1,True,Eifel Grand Prix
33,59.0,0 days 00:01:30.583000,1,True,Eifel Grand Prix
33,60.0,0 days 00:01:28.139000,1,True,Eifel Grand Prix
4,1.0,0 days 00:01:40.311000,1,False,Eifel Grand Prix
4,2.0,0 days 00:01:34.983000,1,True,Eifel Grand Prix
4,3.0,0 days 00:01:34.416000,1,True,Eifel Grand Prix
4,4.0,0 days 00:01:34.419000,1,True,Eifel Grand Prix
4,5.0,0 days 00:01:33.941000,1,True,Eifel Grand Prix
4,6.0,0 days 00:01:34.028000,1,True,Eifel Grand Prix
4,7.0,0 days 00:01:34.072000,1,True,Eifel Grand Prix
4,8.0,0 days 00:01:33.378000,1,True,Eifel Grand Prix
4,9.0,0 days 00:01:34.349000,1,True,Eifel Grand Prix
4,10.0,0 days 00:01:34.599000,1,True,Eifel Grand Prix
4,11.0,0 days 00:01:32.959000,1,True,Eifel Grand Prix
4,12.0,0 days 00:01:32.965000,1,True,Eifel Grand Prix
4,13.0,0 days 00:01:32.770000,2,True,Eifel Grand Prix
4,14.0,0 days 00:01:33.481000,1,True,Eifel Grand Prix
4,15.0,0 days 00:01:33.171000,1,True,Eifel Grand Prix
4,16.0,0 days 00:01:51.919000,67,False,Eifel Grand Prix
4,17.0,0 days 00:01:35.193000,2,True,Eifel Grand Prix
4,18.0,0 days 00:01:33.452000,2,True,Eifel Grand Prix
4,19.0,0 days 00:01:33.264000,2,True,Eifel Grand Prix
4,20.0,0 days 00:01:32.688000,1,True,Eifel Grand Prix
4,21.0,0 days 00:01:32.683000,1,True,Eifel Grand Prix
4,22.0,0 days 00:01:32.864000,1,True,Eifel Grand Prix
4,23.0,0 days 00:01:32.785000,1,True,Eifel Grand Prix
4,24.0,0 days 00:01:32.834000,1,True,Eifel Grand Prix
4,25.0,0 days 00:01:33.848000,1,True,Eifel Grand Prix
4,26.0,0 days 00:01:33.974000,1,True,Eifel Grand Prix
4,27.0,0 days 00:01:33.757000,1,True,Eifel Grand Prix
4,28.0,0 days 00:01:33.879000,1,True,Eifel Grand Prix
4,29.0,0 days 00:01:37.365000,1,False,Eifel Grand Prix
4,30.0,0 days 00:01:52.826000,1,False,Eifel Grand Prix
4,31.0,0 days 00:01:33.189000,1,True,Eifel Grand Prix
4,32.0,0 days 00:01:32.787000,1,True,Eifel Grand Prix
4,33.0,0 days 00:01:34.324000,1,True,Eifel Grand Prix
4,34.0,0 days 00:01:32.877000,1,True,Eifel Grand Prix
4,35.0,0 days 00:01:32.556000,1,True,Eifel Grand Prix
4,36.0,0 days 00:01:32.577000,1,True,Eifel Grand Prix
4,37.0,0 days 00:01:32.521000,1,True,Eifel Grand Prix
4,38.0,0 days 00:01:35.205000,1,True,Eifel Grand Prix
4,39.0,0 days 00:01:32.898000,1,True,Eifel Grand Prix
4,40.0,0 days 00:01:32.328000,1,True,Eifel Grand Prix
4,41.0,0 days 00:01:34.616000,1,True,Eifel Grand Prix
4,42.0,0 days 00:01:32.500000,1,True,Eifel Grand Prix
4,43.0,,,False,Eifel Grand Prix
44,1.0,0 days 00:01:35.032000,1,False,Eifel Grand Prix
44,2.0,0 days 00:01:32.410000,1,True,Eifel Grand Prix
44,3.0,0 days 00:01:32.165000,1,True,Eifel Grand Prix
44,4.0,0 days 00:01:32.543000,1,True,Eifel Grand Prix
44,5.0,0 days 00:01:32.153000,1,True,Eifel Grand Prix
44,6.0,0 days 00:01:31.951000,1,True,Eifel Grand Prix
44,7.0,0 days 00:01:32.101000,1,True,Eifel Grand Prix
44,8.0,0 days 00:01:31.622000,1,True,Eifel Grand Prix
44,9.0,0 days 00:01:31.835000,1,True,Eifel Grand Prix
44,10.0,0 days 00:01:31.996000,1,True,Eifel Grand Prix
44,11.0,0 days 00:01:31.853000,1,True,Eifel Grand Prix
44,12.0,0 days 00:01:32.072000,1,True,Eifel Grand Prix
44,13.0,0 days 00:01:31.704000,2,True,Eifel Grand Prix
44,14.0,0 days 00:01:31.781000,2,True,Eifel Grand Prix
44,15.0,0 days 00:01:31.740000,1,True,Eifel Grand Prix
44,16.0,0 days 00:01:43.842000,6,False,Eifel Grand Prix
44,17.0,0 days 00:01:56.488000,672,False,Eifel Grand Prix
44,18.0,0 days 00:01:30.795000,2,True,Eifel Grand Prix
44,19.0,0 days 00:01:30.454000,2,True,Eifel Grand Prix
44,20.0,0 days 00:01:30.566000,2,True,Eifel Grand Prix
44,21.0,0 days 00:01:30.109000,1,True,Eifel Grand Prix
44,22.0,0 days 00:01:30.424000,1,True,Eifel Grand Prix
44,23.0,0 days 00:01:30.358000,1,True,Eifel Grand Prix
44,24.0,0 days 00:01:30.522000,1,True,Eifel Grand Prix
44,25.0,0 days 00:01:30.574000,1,True,Eifel Grand Prix
44,26.0,0 days 00:01:30.510000,1,True,Eifel Grand Prix
44,27.0,0 days 00:01:30.753000,1,True,Eifel Grand Prix
44,28.0,0 days 00:01:31.157000,1,True,Eifel Grand Prix
44,29.0,0 days 00:01:30.980000,1,True,Eifel Grand Prix
44,30.0,0 days 00:01:30.701000,1,True,Eifel Grand Prix
44,31.0,0 days 00:01:31.095000,1,True,Eifel Grand Prix
44,32.0,0 days 00:01:31.550000,1,True,Eifel Grand Prix
44,33.0,0 days 00:01:31.108000,1,True,Eifel Grand Prix
44,34.0,0 days 00:01:30.704000,1,True,Eifel Grand Prix
44,35.0,0 days 00:01:30.701000,1,True,Eifel Grand Prix
44,36.0,0 days 00:01:30.841000,1,True,Eifel Grand Prix
44,37.0,0 days 00:01:31.027000,1,True,Eifel Grand Prix
44,38.0,0 days 00:01:31.023000,1,True,Eifel Grand Prix
44,39.0,0 days 00:01:30.651000,1,True,Eifel Grand Prix
44,40.0,0 days 00:01:30.461000,1,True,Eifel Grand Prix
44,41.0,0 days 00:01:30.704000,1,True,Eifel Grand Prix
44,42.0,0 days 00:01:30.667000,1,True,Eifel Grand Prix
44,43.0,0 days 00:01:30.463000,1,True,Eifel Grand Prix
44,44.0,0 days 00:01:30.448000,1,True,Eifel Grand Prix
44,45.0,0 days 00:01:46.683000,24,False,Eifel Grand Prix
44,46.0,,4,False,Eifel Grand Prix
44,47.0,,4,False,Eifel Grand Prix
44,48.0,0 days 00:02:19.140000,4,False,Eifel Grand Prix
44,49.0,,4,False,Eifel Grand Prix
44,50.0,0 days 00:01:30.442000,1,False,Eifel Grand Prix
44,51.0,0 days 00:01:28.487000,1,True,Eifel Grand Prix
44,52.0,0 days 00:01:28.335000,1,True,Eifel Grand Prix
44,53.0,0 days 00:01:28.257000,1,True,Eifel Grand Prix
44,54.0,0 days 00:01:29.293000,1,True,Eifel Grand Prix
44,55.0,0 days 00:01:29.047000,1,True,Eifel Grand Prix
44,56.0,0 days 00:01:29.226000,1,True,Eifel Grand Prix
44,57.0,0 days 00:01:29.241000,1,True,Eifel Grand Prix
44,58.0,0 days 00:01:28.145000,1,True,Eifel Grand Prix
44,59.0,0 days 00:01:29.067000,1,True,Eifel Grand Prix
44,60.0,0 days 00:01:28.971000,1,True,Eifel Grand Prix
5,1.0,0 days 00:01:43.478000,1,False,Eifel Grand Prix
5,2.0,0 days 00:01:36.519000,1,True,Eifel Grand Prix
5,3.0,0 days 00:01:35.150000,1,True,Eifel Grand Prix
5,4.0,0 days 00:01:34.475000,1,True,Eifel Grand Prix
5,5.0,0 days 00:01:34.130000,1,True,Eifel Grand Prix
5,6.0,0 days 00:01:34.674000,1,True,Eifel Grand Prix
5,7.0,0 days 00:01:34.556000,1,True,Eifel Grand Prix
5,8.0,0 days 00:01:34.885000,1,True,Eifel Grand Prix
5,9.0,0 days 00:01:34.528000,1,True,Eifel Grand Prix
5,10.0,0 days 00:01:34.397000,1,True,Eifel Grand Prix
5,11.0,0 days 00:01:45.077000,1,False,Eifel Grand Prix
5,12.0,0 days 00:01:55.669000,1,False,Eifel Grand Prix
5,13.0,0 days 00:01:32.744000,2,True,Eifel Grand Prix
5,14.0,0 days 00:01:32.606000,1,True,Eifel Grand Prix
5,15.0,0 days 00:01:36.807000,6,False,Eifel Grand Prix
5,16.0,0 days 00:01:47.228000,672,False,Eifel Grand Prix
5,17.0,0 days 00:01:34.183000,2,True,Eifel Grand Prix
5,18.0,0 days 00:01:33.415000,2,True,Eifel Grand Prix
5,19.0,0 days 00:01:33.053000,2,True,Eifel Grand Prix
5,20.0,0 days 00:01:32.841000,1,True,Eifel Grand Prix
5,21.0,0 days 00:01:33.005000,1,True,Eifel Grand Prix
5,22.0,0 days 00:01:32.923000,1,True,Eifel Grand Prix
5,23.0,0 days 00:01:32.946000,1,True,Eifel Grand Prix
5,24.0,0 days 00:01:32.733000,1,True,Eifel Grand Prix
5,25.0,0 days 00:01:32.824000,1,True,Eifel Grand Prix
5,26.0,0 days 00:01:32.883000,1,True,Eifel Grand Prix
5,27.0,0 days 00:01:32.819000,1,True,Eifel Grand Prix
5,28.0,0 days 00:01:33.119000,1,True,Eifel Grand Prix
5,29.0,0 days 00:01:33.214000,1,True,Eifel Grand Prix
5,30.0,0 days 00:01:33.401000,1,True,Eifel Grand Prix
5,31.0,0 days 00:01:34.780000,1,True,Eifel Grand Prix
5,32.0,0 days 00:01:33.107000,1,True,Eifel Grand Prix
5,33.0,0 days 00:01:35.019000,1,True,Eifel Grand Prix
5,34.0,0 days 00:01:34.013000,1,True,Eifel Grand Prix
5,35.0,0 days 00:01:33.346000,1,True,Eifel Grand Prix
5,36.0,0 days 00:01:33.223000,1,True,Eifel Grand Prix
5,37.0,0 days 00:01:32.398000,1,True,Eifel Grand Prix
5,38.0,0 days 00:01:32.824000,1,True,Eifel Grand Prix
5,39.0,0 days 00:01:34.385000,1,True,Eifel Grand Prix
5,40.0,0 days 00:01:34.609000,1,True,Eifel Grand Prix
5,41.0,0 days 00:01:37.666000,1,False,Eifel Grand Prix
5,42.0,0 days 00:01:52.527000,1,False,Eifel Grand Prix
5,43.0,0 days 00:01:30.408000,2,True,Eifel Grand Prix
5,44.0,0 days 00:01:59.674000,24,False,Eifel Grand Prix
5,45.0,0 days 00:02:01.398000,4,False,Eifel Grand Prix
5,46.0,0 days 00:02:06.439000,4,False,Eifel Grand Prix
5,47.0,0 days 00:01:37.913000,4,False,Eifel Grand Prix
5,48.0,0 days 00:01:36.351000,4,False,Eifel Grand Prix
5,49.0,0 days 00:01:46.945000,4,False,Eifel Grand Prix
5,50.0,0 days 00:01:35.243000,1,False,Eifel Grand Prix
5,51.0,0 days 00:01:33.265000,1,True,Eifel Grand Prix
5,52.0,0 days 00:01:32.878000,1,True,Eifel Grand Prix
5,53.0,0 days 00:01:30.973000,1,True,Eifel Grand Prix
5,54.0,0 days 00:01:31.133000,1,True,Eifel Grand Prix
5,55.0,0 days 00:01:32.093000,1,True,Eifel Grand Prix
5,56.0,0 days 00:01:31.356000,1,True,Eifel Grand Prix
5,57.0,0 days 00:01:31.443000,1,True,Eifel Grand Prix
5,58.0,0 days 00:01:31.170000,1,True,Eifel Grand Prix
5,59.0,0 days 00:01:31.707000,1,True,Eifel Grand Prix
5,60.0,0 days 00:01:31.883000,1,True,Eifel Grand Prix
55,1.0,0 days 00:01:41.860000,1,False,Eifel Grand Prix
55,2.0,0 days 00:01:35.666000,1,True,Eifel Grand Prix
55,3.0,0 days 00:01:34.708000,1,True,Eifel Grand Prix
55,4.0,0 days 00:01:34.421000,1,True,Eifel Grand Prix
55,5.0,0 days 00:01:34.438000,1,True,Eifel Grand Prix
55,6.0,0 days 00:01:34.479000,1,True,Eifel Grand Prix
55,7.0,0 days 00:01:34.853000,1,True,Eifel Grand Prix
55,8.0,0 days 00:01:33.822000,1,True,Eifel Grand Prix
55,9.0,0 days 00:01:33.853000,1,True,Eifel Grand Prix
55,10.0,0 days 00:01:33.909000,1,True,Eifel Grand Prix
55,11.0,0 days 00:01:33.822000,1,True,Eifel Grand Prix
55,12.0,0 days 00:01:34.212000,1,True,Eifel Grand Prix
55,13.0,0 days 00:01:33.853000,2,True,Eifel Grand Prix
55,14.0,0 days 00:01:33.822000,1,True,Eifel Grand Prix
55,15.0,0 days 00:01:33.905000,1,True,Eifel Grand Prix
55,16.0,0 days 00:01:53.450000,67,False,Eifel Grand Prix
55,17.0,0 days 00:01:33.909000,2,True,Eifel Grand Prix
55,18.0,0 days 00:01:34.114000,2,True,Eifel Grand Prix
55,19.0,0 days 00:01:33.501000,2,True,Eifel Grand Prix
55,20.0,0 days 00:01:33.636000,1,True,Eifel Grand Prix
55,21.0,0 days 00:01:33.362000,1,True,Eifel Grand Prix
55,22.0,0 days 00:01:33.173000,1,True,Eifel Grand Prix
55,23.0,0 days 00:01:33.213000,1,True,Eifel Grand Prix
55,24.0,0 days 00:01:32.989000,1,True,Eifel Grand Prix
55,25.0,0 days 00:01:32.983000,1,True,Eifel Grand Prix
55,26.0,0 days 00:01:33.066000,1,True,Eifel Grand Prix
55,27.0,0 days 00:01:33.150000,1,True,Eifel Grand Prix
55,28.0,0 days 00:01:36.843000,1,False,Eifel Grand Prix
55,29.0,0 days 00:01:51.219000,1,False,Eifel Grand Prix
55,30.0,0 days 00:01:31.569000,1,True,Eifel Grand Prix
55,31.0,0 days 00:01:31.566000,1,True,Eifel Grand Prix
55,32.0,0 days 00:01:31.260000,1,True,Eifel Grand Prix
55,33.0,0 days 00:01:31.544000,1,True,Eifel Grand Prix
55,34.0,0 days 00:01:31.951000,1,True,Eifel Grand Prix
55,35.0,0 days 00:01:32.095000,1,True,Eifel Grand Prix
55,36.0,0 days 00:01:31.046000,1,True,Eifel Grand Prix
55,37.0,0 days 00:01:31.506000,1,True,Eifel Grand Prix
55,38.0,0 days 00:01:31.532000,1,True,Eifel Grand Prix
55,39.0,0 days 00:01:31.146000,1,True,Eifel Grand Prix
55,40.0,0 days 00:01:31.529000,1,True,Eifel Grand Prix
55,41.0,0 days 00:01:31.188000,1,True,Eifel Grand Prix
55,42.0,0 days 00:01:31.016000,1,True,Eifel Grand Prix
55,43.0,0 days 00:01:31.179000,1,True,Eifel Grand Prix
55,44.0,0 days 00:01:44.127000,24,False,Eifel Grand Prix
55,45.0,0 days 00:02:10.382000,4,False,Eifel Grand Prix
55,46.0,0 days 00:01:46.219000,4,False,Eifel Grand Prix
55,47.0,0 days 00:01:42.354000,4,False,Eifel Grand Prix
55,48.0,0 days 00:02:11.886000,4,False,Eifel Grand Prix
55,49.0,0 days 00:02:28.050000,4,False,Eifel Grand Prix
55,50.0,0 days 00:01:32.413000,1,False,Eifel Grand Prix
55,51.0,0 days 00:01:30.893000,1,True,Eifel Grand Prix
55,52.0,0 days 00:01:30.442000,1,True,Eifel Grand Prix
55,53.0,0 days 00:01:30.129000,1,True,Eifel Grand Prix
55,54.0,0 days 00:01:30.231000,1,True,Eifel Grand Prix
55,55.0,0 days 00:01:30.838000,1,True,Eifel Grand Prix
55,56.0,0 days 00:01:30.794000,1,True,Eifel Grand Prix
55,57.0,0 days 00:01:30.702000,1,True,Eifel Grand Prix
55,58.0,0 days 00:01:30.504000,1,True,Eifel Grand Prix
55,59.0,0 days 00:01:30.607000,1,True,Eifel Grand Prix
55,60.0,0 days 00:01:30.617000,1,True,Eifel Grand Prix
6,1.0,0 days 00:01:46.420000,1,False,Eifel Grand Prix
6,2.0,0 days 00:01:37.865000,1,True,Eifel Grand Prix
6,3.0,0 days 00:01:35.515000,1,True,Eifel Grand Prix
6,4.0,0 days 00:01:35.425000,1,True,Eifel Grand Prix
6,5.0,0 days 00:01:35.146000,1,True,Eifel Grand Prix
6,6.0,0 days 00:01:34.955000,1,True,Eifel Grand Prix
6,7.0,0 days 00:01:34.843000,1,True,Eifel Grand Prix
6,8.0,0 days 00:01:34.547000,1,True,Eifel Grand Prix
6,9.0,0 days 00:01:36.177000,1,True,Eifel Grand Prix
6,10.0,0 days 00:01:34.892000,1,True,Eifel Grand Prix
6,11.0,0 days 00:01:34.814000,1,True,Eifel Grand Prix
6,12.0,0 days 00:01:35.209000,1,True,Eifel Grand Prix
6,13.0,0 days 00:01:34.932000,2,True,Eifel Grand Prix
6,14.0,0 days 00:01:37.743000,1,False,Eifel Grand Prix
6,15.0,0 days 00:02:00.676000,6,False,Eifel Grand Prix
6,16.0,0 days 00:01:46.150000,672,False,Eifel Grand Prix
6,17.0,0 days 00:01:33.783000,2,True,Eifel Grand Prix
6,18.0,0 days 00:01:33.023000,2,True,Eifel Grand Prix
6,19.0,0 days 00:01:33.393000,2,True,Eifel Grand Prix
6,20.0,0 days 00:01:33.111000,1,True,Eifel Grand Prix
6,21.0,0 days 00:01:33.317000,1,True,Eifel Grand Prix
6,22.0,0 days 00:01:33.122000,1,True,Eifel Grand Prix
6,23.0,0 days 00:01:32.881000,1,True,Eifel Grand Prix
6,24.0,0 days 00:01:32.899000,1,True,Eifel Grand Prix
6,25.0,0 days 00:01:32.910000,1,True,Eifel Grand Prix
6,26.0,0 days 00:01:33.016000,1,True,Eifel Grand Prix
6,27.0,0 days 00:01:34.743000,1,True,Eifel Grand Prix
6,28.0,0 days 00:01:34.854000,1,True,Eifel Grand Prix
6,29.0,0 days 00:01:33.386000,1,True,Eifel Grand Prix
6,30.0,0 days 00:01:33.516000,1,True,Eifel Grand Prix
6,31.0,0 days 00:01:34.747000,1,True,Eifel Grand Prix
6,32.0,0 days 00:01:34.049000,1,True,Eifel Grand Prix
6,33.0,0 days 00:01:37.380000,1,False,Eifel Grand Prix
6,34.0,0 days 00:01:52.187000,1,False,Eifel Grand Prix
6,35.0,0 days 00:01:31.494000,1,True,Eifel Grand Prix
6,36.0,0 days 00:01:31.491000,1,True,Eifel Grand Prix
6,37.0,0 days 00:01:31.520000,1,True,Eifel Grand Prix
6,38.0,0 days 00:01:31.544000,1,True,Eifel Grand Prix
6,39.0,0 days 00:01:31.377000,1,True,Eifel Grand Prix
6,40.0,0 days 00:01:31.535000,1,True,Eifel Grand Prix
6,41.0,0 days 00:01:31.382000,1,True,Eifel Grand Prix
6,42.0,0 days 00:01:32.013000,1,True,Eifel Grand Prix
6,43.0,0 days 00:01:31.978000,2,True,Eifel Grand Prix
6,44.0,0 days 00:02:00.361000,24,False,Eifel Grand Prix
6,45.0,0 days 00:02:00.810000,4,False,Eifel Grand Prix
6,46.0,0 days 00:02:06.145000,4,False,Eifel Grand Prix
6,47.0,0 days 00:01:39.387000,4,False,Eifel Grand Prix
6,48.0,0 days 00:01:36.801000,4,False,Eifel Grand Prix
6,49.0,0 days 00:01:47.415000,4,False,Eifel Grand Prix
6,50.0,0 days 00:01:35.146000,1,False,Eifel Grand Prix
6,51.0,0 days 00:01:33.178000,1,True,Eifel Grand Prix
6,52.0,0 days 00:01:32.999000,1,True,Eifel Grand Prix
6,53.0,0 days 00:01:34.529000,1,True,Eifel Grand Prix
6,54.0,0 days 00:01:32.395000,1,True,Eifel Grand Prix
6,55.0,0 days 00:01:33.837000,1,True,Eifel Grand Prix
6,56.0,0 days 00:01:32.785000,1,True,Eifel Grand Prix
6,57.0,0 days 00:01:34.099000,1,True,Eifel Grand Prix
6,58.0,0 days 00:01:32.519000,1,True,Eifel Grand Prix
6,59.0,0 days 00:01:32.799000,1,True,Eifel Grand Prix
6,60.0,0 days 00:01:32.925000,1,True,Eifel Grand Prix
63,1.0,0 days 00:01:45.296000,1,False,Eifel Grand Prix
63,2.0,0 days 00:01:37.697000,1,True,Eifel Grand Prix
63,3.0,0 days 00:01:35.484000,1,True,Eifel Grand Prix
63,4.0,0 days 00:01:35.346000,1,True,Eifel Grand Prix
63,5.0,0 days 00:01:34.710000,1,True,Eifel Grand Prix
63,6.0,0 days 00:01:34.526000,1,True,Eifel Grand Prix
63,7.0,0 days 00:01:34.700000,1,True,Eifel Grand Prix
63,8.0,0 days 00:01:34.929000,1,True,Eifel Grand Prix
63,9.0,0 days 00:01:34.930000,1,True,Eifel Grand Prix
63,10.0,0 days 00:01:35.208000,1,True,Eifel Grand Prix
63,11.0,0 days 00:01:39.543000,1,False,Eifel Grand Prix
63,12.0,0 days 00:01:55.084000,1,False,Eifel Grand Prix
63,13.0,,,False,Eifel Grand Prix
7,1.0,0 days 00:01:46.800000,1,False,Eifel Grand Prix
7,2.0,0 days 00:01:37.937000,1,True,Eifel Grand Prix
7,3.0,0 days 00:01:35.941000,1,True,Eifel Grand Prix
7,4.0,0 days 00:01:35.305000,1,True,Eifel Grand Prix
7,5.0,0 days 00:01:34.833000,1,True,Eifel Grand Prix
7,6.0,0 days 00:01:35.194000,1,True,Eifel Grand Prix
7,7.0,0 days 00:01:35.028000,1,True,Eifel Grand Prix
7,8.0,0 days 00:01:34.772000,1,True,Eifel Grand Prix
7,9.0,0 days 00:01:35.761000,1,True,Eifel Grand Prix
7,10.0,0 days 00:01:38.377000,1,False,Eifel Grand Prix
7,11.0,0 days 00:01:52.935000,1,False,Eifel Grand Prix
7,12.0,0 days 00:01:34.996000,1,True,Eifel Grand Prix
7,13.0,0 days 00:01:33.641000,2,True,Eifel Grand Prix
7,14.0,0 days 00:01:32.161000,1,True,Eifel Grand Prix
7,15.0,0 days 00:01:37.170000,6,False,Eifel Grand Prix
7,16.0,0 days 00:01:46.671000,672,False,Eifel Grand Prix
7,17.0,0 days 00:01:36.215000,2,True,Eifel Grand Prix
7,18.0,0 days 00:01:32.910000,2,True,Eifel Grand Prix
7,19.0,0 days 00:01:32.648000,2,True,Eifel Grand Prix
7,20.0,0 days 00:01:32.768000,1,True,Eifel Grand Prix
7,21.0,0 days 00:01:32.863000,1,True,Eifel Grand Prix
7,22.0,0 days 00:01:32.651000,1,True,Eifel Grand Prix
7,23.0,0 days 00:01:32.646000,1,True,Eifel Grand Prix
7,24.0,0 days 00:01:32.587000,1,True,Eifel Grand Prix
7,25.0,0 days 00:01:32.726000,1,True,Eifel Grand Prix
7,26.0,0 days 00:01:32.861000,1,True,Eifel Grand Prix
7,27.0,0 days 00:01:32.972000,1,True,Eifel Grand Prix
7,28.0,0 days 00:01:33.117000,1,True,Eifel Grand Prix
7,29.0,0 days 00:01:33.125000,1,True,Eifel Grand Prix
7,30.0,0 days 00:01:33.426000,1,True,Eifel Grand Prix
7,31.0,0 days 00:01:34.778000,1,True,Eifel Grand Prix
7,32.0,0 days 00:01:33.119000,1,True,Eifel Grand Prix
7,33.0,0 days 00:01:34.697000,1,True,Eifel Grand Prix
7,34.0,0 days 00:01:33.948000,1,True,Eifel Grand Prix
7,35.0,0 days 00:01:33.886000,1,True,Eifel Grand Prix
7,36.0,0 days 00:01:33.161000,1,True,Eifel Grand Prix
7,37.0,0 days 00:01:32.994000,1,True,Eifel Grand Prix
7,38.0,0 days 00:01:35.460000,1,True,Eifel Grand Prix
7,39.0,0 days 00:01:34.516000,1,True,Eifel Grand Prix
7,40.0,0 days 00:01:32.814000,1,True,Eifel Grand Prix
7,41.0,0 days 00:01:32.879000,1,True,Eifel Grand Prix
7,42.0,0 days 00:01:32.783000,1,True,Eifel Grand Prix
7,43.0,0 days 00:01:32.878000,2,True,Eifel Grand Prix
7,44.0,0 days 00:01:55.870000,24,False,Eifel Grand Prix
7,45.0,0 days 00:02:27.196000,4,False,Eifel Grand Prix
7,46.0,0 days 00:02:05.724000,4,False,Eifel Grand Prix
7,47.0,0 days 00:01:38.507000,4,False,Eifel Grand Prix
7,48.0,0 days 00:01:36.813000,4,False,Eifel Grand Prix
7,49.0,0 days 00:01:44.638000,4,False,Eifel Grand Prix
7,50.0,0 days 00:01:35.315000,1,False,Eifel Grand Prix
7,51.0,0 days 00:01:33.374000,1,True,Eifel Grand Prix
7,52.0,0 days 00:01:32.680000,1,True,Eifel Grand Prix
7,53.0,0 days 00:01:32.551000,1,True,Eifel Grand Prix
7,54.0,0 days 00:01:30.512000,1,True,Eifel Grand Prix
7,55.0,0 days 00:01:31.820000,1,True,Eifel Grand Prix
7,56.0,0 days 00:01:30.975000,1,True,Eifel Grand Prix
7,57.0,0 days 00:01:31.446000,1,True,Eifel Grand Prix
7,58.0,0 days 00:01:31.227000,1,True,Eifel Grand Prix
7,59.0,0 days 00:01:31.399000,1,True,Eifel Grand Prix
7,60.0,0 days 00:01:32.120000,1,True,Eifel Grand Prix
77,1.0,0 days 00:01:33.510000,1,False,Eifel Grand Prix
77,2.0,0 days 00:01:32.480000,1,True,Eifel Grand Prix
77,3.0,0 days 00:01:32.211000,1,True,Eifel Grand Prix
77,4.0,0 days 00:01:32.242000,1,True,Eifel Grand Prix
77,5.0,0 days 00:01:32.063000,1,True,Eifel Grand Prix
77,6.0,0 days 00:01:31.980000,1,True,Eifel Grand Prix
77,7.0,0 days 00:01:32.019000,1,True,Eifel Grand Prix
77,8.0,0 days 00:01:31.884000,1,True,Eifel Grand Prix
77,9.0,0 days 00:01:32.125000,1,True,Eifel Grand Prix
77,10.0,0 days 00:01:31.886000,1,True,Eifel Grand Prix
77,11.0,0 days 00:01:31.889000,1,True,Eifel Grand Prix
77,12.0,0 days 00:01:32.325000,1,True,Eifel Grand Prix
77,13.0,0 days 00:01:39.536000,2,False,Eifel Grand Prix
77,14.0,0 days 00:01:51.656000,2,False,Eifel Grand Prix
77,15.0,0 days 00:01:31.995000,1,True,Eifel Grand Prix
77,16.0,0 days 00:01:51.089000,67,False,Eifel Grand Prix
77,17.0,0 days 00:01:42.801000,72,False,Eifel Grand Prix
77,18.0,0 days 00:01:56.086000,2,False,Eifel Grand Prix
8,1.0,0 days 00:01:47.376000,1,False,Eifel Grand Prix
8,2.0,0 days 00:01:37.975000,1,True,Eifel Grand Prix
8,3.0,0 days 00:01:36.013000,1,True,Eifel Grand Prix
8,4.0,0 days 00:01:35.525000,1,True,Eifel Grand Prix
8,5.0,0 days 00:01:34.634000,1,True,Eifel Grand Prix
8,6.0,0 days 00:01:34.942000,1,True,Eifel Grand Prix
8,7.0,0 days 00:01:35.238000,1,True,Eifel Grand Prix
8,8.0,0 days 00:01:35.150000,1,True,Eifel Grand Prix
8,9.0,0 days 00:01:35.024000,1,True,Eifel Grand Prix
8,10.0,0 days 00:01:35.839000,1,True,Eifel Grand Prix
8,11.0,0 days 00:01:35.085000,1,True,Eifel Grand Prix
8,12.0,0 days 00:01:34.104000,1,True,Eifel Grand Prix
8,13.0,0 days 00:01:35.132000,2,True,Eifel Grand Prix
8,14.0,0 days 00:01:35.369000,1,True,Eifel Grand Prix
8,15.0,0 days 00:01:34.134000,1,True,Eifel Grand Prix
8,16.0,0 days 00:01:51.896000,672,False,Eifel Grand Prix
8,17.0,0 days 00:01:35.123000,2,True,Eifel Grand Prix
8,18.0,0 days 00:01:34.226000,2,True,Eifel Grand Prix
8,19.0,0 days 00:01:33.603000,2,True,Eifel Grand Prix
8,20.0,0 days 00:01:33.528000,1,True,Eifel Grand Prix
8,21.0,0 days 00:01:33.455000,1,True,Eifel Grand Prix
8,22.0,0 days 00:01:33.624000,1,True,Eifel Grand Prix
8,23.0,0 days 00:01:33.644000,1,True,Eifel Grand Prix
8,24.0,0 days 00:01:33.316000,1,True,Eifel Grand Prix
8,25.0,0 days 00:01:33.452000,1,True,Eifel Grand Prix
8,26.0,0 days 00:01:33.871000,1,True,Eifel Grand Prix
8,27.0,0 days 00:01:33.692000,1,True,Eifel Grand Prix
8,28.0,0 days 00:01:37.233000,1,False,Eifel Grand Prix
8,29.0,0 days 00:01:54.152000,1,False,Eifel Grand Prix
8,30.0,0 days 00:01:31.569000,1,True,Eifel Grand Prix
8,31.0,0 days 00:01:31.837000,1,True,Eifel Grand Prix
8,32.0,0 days 00:01:32.694000,1,True,Eifel Grand Prix
8,33.0,0 days 00:01:32.028000,1,True,Eifel Grand Prix
8,34.0,0 days 00:01:31.998000,1,True,Eifel Grand Prix
8,35.0,0 days 00:01:32.215000,1,True,Eifel Grand Prix
8,36.0,0 days 00:01:32.814000,1,True,Eifel Grand Prix
8,37.0,0 days 00:01:32.082000,1,True,Eifel Grand Prix
8,38.0,0 days 00:01:32.642000,1,True,Eifel Grand Prix
8,39.0,0 days 00:01:32.594000,1,True,Eifel Grand Prix
8,40.0,0 days 00:01:32.373000,1,True,Eifel Grand Prix
8,41.0,0 days 00:01:32.842000,1,True,Eifel Grand Prix
8,42.0,0 days 00:01:33.277000,1,True,Eifel Grand Prix
8,43.0,0 days 00:01:32.547000,2,True,Eifel Grand Prix
8,44.0,0 days 00:01:55.473000,24,False,Eifel Grand Prix
8,45.0,0 days 00:02:01.416000,4,False,Eifel Grand Prix
8,46.0,0 days 00:02:19.735000,4,False,Eifel Grand Prix
8,47.0,0 days 00:01:35.653000,4,False,Eifel Grand Prix
8,48.0,0 days 00:01:33.728000,4,False,Eifel Grand Prix
8,49.0,0 days 00:01:59.014000,4,False,Eifel Grand Prix
8,50.0,0 days 00:01:34.750000,1,False,Eifel Grand Prix
8,51.0,0 days 00:01:32.794000,1,True,Eifel Grand Prix
8,52.0,0 days 00:01:31.832000,1,True,Eifel Grand Prix
8,53.0,0 days 00:01:32.134000,1,True,Eifel Grand Prix
8,54.0,0 days 00:01:31.562000,1,True,Eifel Grand Prix
8,55.0,0 days 00:01:31.680000,1,True,Eifel Grand Prix
8,56.0,0 days 00:01:31.715000,1,True,Eifel Grand Prix
8,57.0,0 days 00:01:31.991000,1,True,Eifel Grand Prix
8,58.0,0 days 00:01:31.618000,1,True,Eifel Grand Prix
8,59.0,0 days 00:01:31.664000,1,True,Eifel Grand Prix
8,60.0,0 days 00:01:32.096000,1,True,Eifel Grand Prix
99,1.0,0 days 00:01:42.829000,1,False,Eifel Grand Prix
99,2.0,0 days 00:01:36.200000,1,True,Eifel Grand Prix
99,3.0,0 days 00:01:35.082000,1,True,Eifel Grand Prix
99,4.0,0 days 00:01:34.460000,1,True,Eifel Grand Prix
99,5.0,0 days 00:01:34.619000,1,True,Eifel Grand Prix
99,6.0,0 days 00:01:34.576000,1,True,Eifel Grand Prix
99,7.0,0 days 00:01:34.664000,1,True,Eifel Grand Prix
99,8.0,0 days 00:01:34.683000,1,True,Eifel Grand Prix
99,9.0,0 days 00:01:34.666000,1,True,Eifel Grand Prix
99,10.0,0 days 00:01:34.525000,1,True,Eifel Grand Prix
99,11.0,0 days 00:01:35.056000,1,True,Eifel Grand Prix
99,12.0,0 days 00:01:35.121000,1,True,Eifel Grand Prix
99,13.0,0 days 00:01:35.304000,2,True,Eifel Grand Prix
99,14.0,0 days 00:01:36.438000,1,True,Eifel Grand Prix
99,15.0,0 days 00:01:39.023000,1,False,Eifel Grand Prix
99,16.0,0 days 00:02:07.802000,672,False,Eifel Grand Prix
99,17.0,0 days 00:01:34.880000,2,True,Eifel Grand Prix
99,18.0,0 days 00:01:33.250000,2,True,Eifel Grand Prix
99,19.0,0 days 00:01:32.881000,2,True,Eifel Grand Prix
99,20.0,0 days 00:01:32.838000,1,True,Eifel Grand Prix
99,21.0,0 days 00:01:32.943000,1,True,Eifel Grand Prix
99,22.0,0 days 00:01:32.860000,1,True,Eifel Grand Prix
99,23.0,0 days 00:01:32.862000,1,True,Eifel Grand Prix
99,24.0,0 days 00:01:32.894000,1,True,Eifel Grand Prix
99,25.0,0 days 00:01:32.749000,1,True,Eifel Grand Prix
99,26.0,0 days 00:01:33.006000,1,True,Eifel Grand Prix
99,27.0,0 days 00:01:32.719000,1,True,Eifel Grand Prix
99,28.0,0 days 00:01:33.048000,1,True,Eifel Grand Prix
99,29.0,0 days 00:01:33.421000,1,True,Eifel Grand Prix
99,30.0,0 days 00:01:33.553000,1,True,Eifel Grand Prix
99,31.0,0 days 00:01:33.137000,1,True,Eifel Grand Prix
99,32.0,0 days 00:01:35.105000,1,True,Eifel Grand Prix
99,33.0,0 days 00:01:33.545000,1,True,Eifel Grand Prix
99,34.0,0 days 00:01:35.648000,1,True,Eifel Grand Prix
99,35.0,0 days 00:01:33.277000,1,True,Eifel Grand Prix
99,36.0,0 days 00:01:36.293000,1,False,Eifel Grand Prix
99,37.0,0 days 00:01:52.520000,1,False,Eifel Grand Prix
99,38.0,0 days 00:01:30.909000,1,True,Eifel Grand Prix
99,39.0,0 days 00:01:31.241000,1,True,Eifel Grand Prix
99,40.0,0 days 00:01:31.064000,1,True,Eifel Grand Prix
99,41.0,0 days 00:01:31.283000,1,True,Eifel Grand Prix
99,42.0,0 days 00:01:31.368000,1,True,Eifel Grand Prix
99,43.0,0 days 00:01:31.516000,2,True,Eifel Grand Prix
99,44.0,0 days 00:01:56.253000,24,False,Eifel Grand Prix
99,45.0,0 days 00:02:01.243000,4,False,Eifel Grand Prix
99,46.0,0 days 00:02:16.759000,4,False,Eifel Grand Prix
99,47.0,0 days 00:01:39.337000,4,False,Eifel Grand Prix
99,48.0,0 days 00:01:32.557000,4,False,Eifel Grand Prix
99,49.0,0 days 00:01:53.802000,4,False,Eifel Grand Prix
99,50.0,0 days 00:01:34.486000,1,False,Eifel Grand Prix
99,51.0,0 days 00:01:32.804000,1,True,Eifel Grand Prix
99,52.0,0 days 00:01:32.388000,1,True,Eifel Grand Prix
99,53.0,0 days 00:01:32.017000,1,True,Eifel Grand Prix
99,54.0,0 days 00:01:31.801000,1,True,Eifel Grand Prix
99,55.0,0 days 00:01:31.701000,1,True,Eifel Grand Prix
99,56.0,0 days 00:01:31.778000,1,True,Eifel Grand Prix
99,57.0,0 days 00:01:31.779000,1,True,Eifel Grand Prix
99,58.0,0 days 00:01:31.544000,1,True,Eifel Grand Prix
99,59.0,0 days 00:01:31.689000,1,True,Eifel Grand Prix
99,60.0,0 days 00:01:31.880000,1,True,Eifel Grand Prix
44,1.0,0 days 00:01:38.260000,2,False,Portuguese Grand Prix
44,2.0,0 days 00:01:25.744000,1,True,Portuguese Grand Prix
44,3.0,0 days 00:01:23.816000,1,True,Portuguese Grand Prix
44,4.0,0 days 00:01:23.226000,1,True,Portuguese Grand Prix
44,5.0,0 days 00:01:22.996000,1,True,Portuguese Grand Prix
44,6.0,0 days 00:01:23.942000,1,True,Portuguese Grand Prix
44,7.0,0 days 00:01:22.040000,1,True,Portuguese Grand Prix
44,8.0,0 days 00:01:21.822000,1,True,Portuguese Grand Prix
44,9.0,0 days 00:01:21.792000,1,True,Portuguese Grand Prix
44,10.0,0 days 00:01:22.041000,1,True,Portuguese Grand Prix
44,11.0,0 days 00:01:21.952000,1,True,Portuguese Grand Prix
44,12.0,0 days 00:01:21.940000,1,True,Portuguese Grand Prix
44,13.0,0 days 00:01:22.129000,1,True,Portuguese Grand Prix
44,14.0,0 days 00:01:21.756000,1,True,Portuguese Grand Prix
44,15.0,0 days 00:01:21.421000,1,True,Portuguese Grand Prix
44,16.0,0 days 00:01:21.366000,1,True,Portuguese Grand Prix
44,17.0,0 days 00:01:21.317000,1,True,Portuguese Grand Prix
44,18.0,0 days 00:01:21.813000,1,True,Portuguese Grand Prix
44,19.0,0 days 00:01:22.362000,1,True,Portuguese Grand Prix
44,20.0,0 days 00:01:21.134000,1,True,Portuguese Grand Prix
44,21.0,0 days 00:01:22.019000,1,True,Portuguese Grand Prix
44,22.0,0 days 00:01:21.374000,1,True,Portuguese Grand Prix
44,23.0,0 days 00:01:21.253000,1,True,Portuguese Grand Prix
44,24.0,0 days 00:01:21.023000,1,True,Portuguese Grand Prix
44,25.0,0 days 00:01:20.775000,1,True,Portuguese Grand Prix
44,26.0,0 days 00:01:21.623000,1,True,Portuguese Grand Prix
44,27.0,0 days 00:01:21.916000,1,True,Portuguese Grand Prix
44,28.0,0 days 00:01:21.275000,1,True,Portuguese Grand Prix
44,29.0,0 days 00:01:20.537000,1,True,Portuguese Grand Prix
44,30.0,0 days 00:01:21.149000,1,True,Portuguese Grand Prix
44,31.0,0 days 00:01:20.736000,1,True,Portuguese Grand Prix
44,32.0,0 days 00:01:20.937000,1,True,Portuguese Grand Prix
44,33.0,0 days 00:01:20.757000,1,True,Portuguese Grand Prix
44,34.0,0 days 00:01:21.021000,1,True,Portuguese Grand Prix
44,35.0,0 days 00:01:20.884000,1,True,Portuguese Grand Prix
44,36.0,0 days 00:01:21.528000,1,True,Portuguese Grand Prix
44,37.0,0 days 00:01:21.243000,1,True,Portuguese Grand Prix
44,38.0,0 days 00:01:20.770000,1,True,Portuguese Grand Prix
44,39.0,0 days 00:01:20.746000,1,True,Portuguese Grand Prix
44,40.0,0 days 00:01:24.688000,1,False,Portuguese Grand Prix
44,41.0,0 days 00:01:46.585000,1,False,Portuguese Grand Prix
44,42.0,0 days 00:01:20.891000,1,True,Portuguese Grand Prix
44,43.0,0 days 00:01:20.654000,1,True,Portuguese Grand Prix
44,44.0,0 days 00:01:20.495000,1,True,Portuguese Grand Prix
44,45.0,0 days 00:01:20.467000,1,True,Portuguese Grand Prix
44,46.0,0 days 00:01:20.366000,1,True,Portuguese Grand Prix
44,47.0,0 days 00:01:19.923000,1,True,Portuguese Grand Prix
44,48.0,0 days 00:01:20.176000,1,True,Portuguese Grand Prix
44,49.0,0 days 00:01:19.921000,1,True,Portuguese Grand Prix
44,50.0,0 days 00:01:20.127000,1,True,Portuguese Grand Prix
44,51.0,0 days 00:01:20.916000,1,True,Portuguese Grand Prix
44,52.0,0 days 00:01:20.906000,1,True,Portuguese Grand Prix
44,53.0,0 days 00:01:20.434000,1,True,Portuguese Grand Prix
44,54.0,0 days 00:01:20.116000,1,True,Portuguese Grand Prix
44,55.0,0 days 00:01:20.206000,1,True,Portuguese Grand Prix
44,56.0,0 days 00:01:19.502000,1,True,Portuguese Grand Prix
44,57.0,0 days 00:01:20.523000,1,True,Portuguese Grand Prix
44,58.0,0 days 00:01:20.102000,1,True,Portuguese Grand Prix
44,59.0,0 days 00:01:19.913000,1,True,Portuguese Grand Prix
44,60.0,0 days 00:01:19.484000,1,True,Portuguese Grand Prix
44,61.0,0 days 00:01:18.966000,1,True,Portuguese Grand Prix
44,62.0,0 days 00:01:19.516000,1,True,Portuguese Grand Prix
44,63.0,0 days 00:01:18.750000,1,True,Portuguese Grand Prix
44,64.0,0 days 00:01:19.387000,1,True,Portuguese Grand Prix
44,65.0,0 days 00:01:20.430000,1,True,Portuguese Grand Prix
44,66.0,0 days 00:01:18.949000,1,True,Portuguese Grand Prix
77,1.0,0 days 00:01:35.953000,2,False,Portuguese Grand Prix
77,2.0,0 days 00:01:27.419000,1,True,Portuguese Grand Prix
77,3.0,0 days 00:01:23.705000,1,True,Portuguese Grand Prix
77,4.0,0 days 00:01:23.195000,1,True,Portuguese Grand Prix
77,5.0,0 days 00:01:23.286000,1,True,Portuguese Grand Prix
77,6.0,0 days 00:01:22.189000,1,True,Portuguese Grand Prix
77,7.0,0 days 00:01:22.588000,1,True,Portuguese Grand Prix
77,8.0,0 days 00:01:21.642000,1,True,Portuguese Grand Prix
77,9.0,0 days 00:01:21.771000,1,True,Portuguese Grand Prix
77,10.0,0 days 00:01:21.807000,1,True,Portuguese Grand Prix
77,11.0,0 days 00:01:22.075000,1,True,Portuguese Grand Prix
77,12.0,0 days 00:01:21.889000,1,True,Portuguese Grand Prix
77,13.0,0 days 00:01:21.876000,1,True,Portuguese Grand Prix
77,14.0,0 days 00:01:21.707000,1,True,Portuguese Grand Prix
77,15.0,0 days 00:01:21.814000,1,True,Portuguese Grand Prix
77,16.0,0 days 00:01:21.650000,1,True,Portuguese Grand Prix
77,17.0,0 days 00:01:21.609000,1,True,Portuguese Grand Prix
77,18.0,0 days 00:01:22.312000,1,True,Portuguese Grand Prix
77,19.0,0 days 00:01:22.925000,1,True,Portuguese Grand Prix
77,20.0,0 days 00:01:22.596000,1,True,Portuguese Grand Prix
77,21.0,0 days 00:01:23.144000,1,True,Portuguese Grand Prix
77,22.0,0 days 00:01:22.040000,1,True,Portuguese Grand Prix
77,23.0,0 days 00:01:21.356000,1,True,Portuguese Grand Prix
77,24.0,0 days 00:01:21.290000,1,True,Portuguese Grand Prix
77,25.0,0 days 00:01:21.114000,1,True,Portuguese Grand Prix
77,26.0,0 days 00:01:22.006000,1,True,Portuguese Grand Prix
77,27.0,0 days 00:01:22.760000,1,True,Portuguese Grand Prix
77,28.0,0 days 00:01:23.075000,1,True,Portuguese Grand Prix
77,29.0,0 days 00:01:21.293000,1,True,Portuguese Grand Prix
77,30.0,0 days 00:01:21.052000,1,True,Portuguese Grand Prix
77,31.0,0 days 00:01:21.073000,1,True,Portuguese Grand Prix
77,32.0,0 days 00:01:21.232000,1,True,Portuguese Grand Prix
77,33.0,0 days 00:01:20.960000,1,True,Portuguese Grand Prix
77,34.0,0 days 00:01:20.875000,1,True,Portuguese Grand Prix
77,35.0,0 days 00:01:21.538000,1,True,Portuguese Grand Prix
77,36.0,0 days 00:01:20.699000,1,True,Portuguese Grand Prix
77,37.0,0 days 00:01:21.650000,1,True,Portuguese Grand Prix
77,38.0,0 days 00:01:21.441000,1,True,Portuguese Grand Prix
77,39.0,0 days 00:01:21.406000,1,True,Portuguese Grand Prix
77,40.0,0 days 00:01:21.127000,1,True,Portuguese Grand Prix
77,41.0,0 days 00:01:24.809000,1,False,Portuguese Grand Prix
77,42.0,0 days 00:01:47.899000,1,False,Portuguese Grand Prix
77,43.0,0 days 00:01:21.402000,1,True,Portuguese Grand Prix
77,44.0,0 days 00:01:21.556000,1,True,Portuguese Grand Prix
77,45.0,0 days 00:01:21.635000,1,True,Portuguese Grand Prix
77,46.0,0 days 00:01:20.473000,1,True,Portuguese Grand Prix
77,47.0,0 days 00:01:19.922000,1,True,Portuguese Grand Prix
77,48.0,0 days 00:01:20.034000,1,True,Portuguese Grand Prix
77,49.0,0 days 00:01:20.280000,1,True,Portuguese Grand Prix
77,50.0,0 days 00:01:20.701000,1,True,Portuguese Grand Prix
77,51.0,0 days 00:01:20.918000,1,True,Portuguese Grand Prix
77,52.0,0 days 00:01:20.399000,1,True,Portuguese Grand Prix
77,53.0,0 days 00:01:20.525000,1,True,Portuguese Grand Prix
77,54.0,0 days 00:01:20.422000,1,True,Portuguese Grand Prix
77,55.0,0 days 00:01:21.130000,1,True,Portuguese Grand Prix
77,56.0,0 days 00:01:20.090000,1,True,Portuguese Grand Prix
77,57.0,0 days 00:01:21.032000,1,True,Portuguese Grand Prix
77,58.0,0 days 00:01:20.760000,1,True,Portuguese Grand Prix
77,59.0,0 days 00:01:20.577000,1,True,Portuguese Grand Prix
77,60.0,0 days 00:01:19.506000,1,True,Portuguese Grand Prix
77,61.0,0 days 00:01:20.780000,1,True,Portuguese Grand Prix
77,62.0,0 days 00:01:20.886000,1,True,Portuguese Grand Prix
77,63.0,0 days 00:01:20.723000,1,True,Portuguese Grand Prix
77,64.0,0 days 00:01:20.969000,1,True,Portuguese Grand Prix
77,65.0,0 days 00:01:20.508000,1,True,Portuguese Grand Prix
77,66.0,0 days 00:01:19.345000,1,True,Portuguese Grand Prix
33,1.0,0 days 00:01:38.693000,2,False,Portuguese Grand Prix
33,2.0,0 days 00:01:27.259000,1,True,Portuguese Grand Prix
33,3.0,0 days 00:01:23.972000,1,True,Portuguese Grand Prix
33,4.0,0 days 00:01:23.675000,1,True,Portuguese Grand Prix
33,5.0,0 days 00:01:21.965000,1,True,Portuguese Grand Prix
33,6.0,0 days 00:01:22.980000,1,True,Portuguese Grand Prix
33,7.0,0 days 00:01:24.232000,1,True,Portuguese Grand Prix
33,8.0,0 days 00:01:21.891000,1,True,Portuguese Grand Prix
33,9.0,0 days 00:01:22.145000,1,True,Portuguese Grand Prix
33,10.0,0 days 00:01:22.380000,1,True,Portuguese Grand Prix
33,11.0,0 days 00:01:22.957000,1,True,Portuguese Grand Prix
33,12.0,0 days 00:01:22.950000,1,True,Portuguese Grand Prix
33,13.0,0 days 00:01:22.853000,1,True,Portuguese Grand Prix
33,14.0,0 days 00:01:22.626000,1,True,Portuguese Grand Prix
33,15.0,0 days 00:01:22.559000,1,True,Portuguese Grand Prix
33,16.0,0 days 00:01:22.592000,1,True,Portuguese Grand Prix
33,17.0,0 days 00:01:22.565000,1,True,Portuguese Grand Prix
33,18.0,0 days 00:01:22.573000,1,True,Portuguese Grand Prix
33,19.0,0 days 00:01:22.479000,1,True,Portuguese Grand Prix
33,20.0,0 days 00:01:22.289000,1,True,Portuguese Grand Prix
33,21.0,0 days 00:01:22.772000,1,True,Portuguese Grand Prix
33,22.0,0 days 00:01:22.522000,1,True,Portuguese Grand Prix
33,23.0,0 days 00:01:25.538000,1,False,Portuguese Grand Prix
33,24.0,0 days 00:01:45.057000,1,False,Portuguese Grand Prix
33,25.0,0 days 00:01:21.870000,1,True,Portuguese Grand Prix
33,26.0,0 days 00:01:22.177000,1,True,Portuguese Grand Prix
33,27.0,0 days 00:01:22.090000,1,True,Portuguese Grand Prix
33,28.0,0 days 00:01:21.136000,1,True,Portuguese Grand Prix
33,29.0,0 days 00:01:21.532000,1,True,Portuguese Grand Prix
33,30.0,0 days 00:01:21.550000,1,True,Portuguese Grand Prix
33,31.0,0 days 00:01:21.442000,1,True,Portuguese Grand Prix
33,32.0,0 days 00:01:21.557000,1,True,Portuguese Grand Prix
33,33.0,0 days 00:01:21.085000,1,True,Portuguese Grand Prix
33,34.0,0 days 00:01:21.470000,1,True,Portuguese Grand Prix
33,35.0,0 days 00:01:21.131000,1,True,Portuguese Grand Prix
33,36.0,0 days 00:01:21.124000,1,True,Portuguese Grand Prix
33,37.0,0 days 00:01:21.646000,1,True,Portuguese Grand Prix
33,38.0,0 days 00:01:21.169000,1,True,Portuguese Grand Prix
33,39.0,0 days 00:01:21.384000,1,True,Portuguese Grand Prix
33,40.0,0 days 00:01:20.981000,1,True,Portuguese Grand Prix
33,41.0,0 days 00:01:21.572000,1,True,Portuguese Grand Prix
33,42.0,0 days 00:01:20.869000,1,True,Portuguese Grand Prix
33,43.0,0 days 00:01:20.871000,1,True,Portuguese Grand Prix
33,44.0,0 days 00:01:20.571000,1,True,Portuguese Grand Prix
33,45.0,0 days 00:01:20.895000,1,True,Portuguese Grand Prix
33,46.0,0 days 00:01:20.513000,1,True,Portuguese Grand Prix
33,47.0,0 days 00:01:20.571000,1,True,Portuguese Grand Prix
33,48.0,0 days 00:01:20.763000,1,True,Portuguese Grand Prix
33,49.0,0 days 00:01:20.913000,1,True,Portuguese Grand Prix
33,50.0,0 days 00:01:20.143000,1,True,Portuguese Grand Prix
33,51.0,0 days 00:01:21.041000,1,True,Portuguese Grand Prix
33,52.0,0 days 00:01:20.743000,1,True,Portuguese Grand Prix
33,53.0,0 days 00:01:20.744000,1,True,Portuguese Grand Prix
33,54.0,0 days 00:01:21.190000,1,True,Portuguese Grand Prix
33,55.0,0 days 00:01:20.949000,1,True,Portuguese Grand Prix
33,56.0,0 days 00:01:20.388000,1,True,Portuguese Grand Prix
33,57.0,0 days 00:01:20.672000,1,True,Portuguese Grand Prix
33,58.0,0 days 00:01:20.551000,1,True,Portuguese Grand Prix
33,59.0,0 days 00:01:20.603000,1,True,Portuguese Grand Prix
33,60.0,0 days 00:01:20.192000,1,True,Portuguese Grand Prix
33,61.0,0 days 00:01:20.415000,1,True,Portuguese Grand Prix
33,62.0,0 days 00:01:19.854000,1,True,Portuguese Grand Prix
33,63.0,0 days 00:01:20.073000,1,True,Portuguese Grand Prix
33,64.0,0 days 00:01:20.780000,1,True,Portuguese Grand Prix
33,65.0,0 days 00:01:20.148000,1,True,Portuguese Grand Prix
33,66.0,0 days 00:01:20.444000,1,True,Portuguese Grand Prix
16,1.0,0 days 00:01:38.712000,2,False,Portuguese Grand Prix
16,2.0,0 days 00:01:30.265000,1,True,Portuguese Grand Prix
16,3.0,0 days 00:01:24.677000,1,True,Portuguese Grand Prix
16,4.0,0 days 00:01:23.600000,1,True,Portuguese Grand Prix
16,5.0,0 days 00:01:23.500000,1,True,Portuguese Grand Prix
16,6.0,0 days 00:01:23.036000,1,True,Portuguese Grand Prix
16,7.0,0 days 00:01:23.474000,1,True,Portuguese Grand Prix
16,8.0,0 days 00:01:22.929000,1,True,Portuguese Grand Prix
16,9.0,0 days 00:01:22.532000,1,True,Portuguese Grand Prix
16,10.0,0 days 00:01:22.671000,1,True,Portuguese Grand Prix
16,11.0,0 days 00:01:23.132000,1,True,Portuguese Grand Prix
16,12.0,0 days 00:01:21.943000,1,True,Portuguese Grand Prix
16,13.0,0 days 00:01:22.590000,1,True,Portuguese Grand Prix
16,14.0,0 days 00:01:22.501000,1,True,Portuguese Grand Prix
16,15.0,0 days 00:01:22.456000,1,True,Portuguese Grand Prix
16,16.0,0 days 00:01:22.237000,1,True,Portuguese Grand Prix
16,17.0,0 days 00:01:21.988000,1,True,Portuguese Grand Prix
16,18.0,0 days 00:01:22.754000,1,True,Portuguese Grand Prix
16,19.0,0 days 00:01:21.953000,1,True,Portuguese Grand Prix
16,20.0,0 days 00:01:22.073000,1,True,Portuguese Grand Prix
16,21.0,0 days 00:01:22.637000,1,True,Portuguese Grand Prix
16,22.0,0 days 00:01:22.280000,1,True,Portuguese Grand Prix
16,23.0,0 days 00:01:21.774000,1,True,Portuguese Grand Prix
16,24.0,0 days 00:01:21.953000,1,True,Portuguese Grand Prix
16,25.0,0 days 00:01:22.175000,1,True,Portuguese Grand Prix
16,26.0,0 days 00:01:21.823000,1,True,Portuguese Grand Prix
16,27.0,0 days 00:01:22.608000,1,True,Portuguese Grand Prix
16,28.0,0 days 00:01:22.008000,1,True,Portuguese Grand Prix
16,29.0,0 days 00:01:22.468000,1,True,Portuguese Grand Prix
16,30.0,0 days 00:01:21.565000,1,True,Portuguese Grand Prix
16,31.0,0 days 00:01:21.973000,1,True,Portuguese Grand Prix
16,32.0,0 days 00:01:22.075000,1,True,Portuguese Grand Prix
16,33.0,0 days 00:01:22.224000,1,True,Portuguese Grand Prix
16,34.0,0 days 00:01:25.161000,1,False,Portuguese Grand Prix
16,35.0,0 days 00:01:46.130000,1,False,Portuguese Grand Prix
16,36.0,0 days 00:01:22.302000,1,True,Portuguese Grand Prix
16,37.0,0 days 00:01:21.596000,1,True,Portuguese Grand Prix
16,38.0,0 days 00:01:21.417000,1,True,Portuguese Grand Prix
16,39.0,0 days 00:01:21.610000,1,True,Portuguese Grand Prix
16,40.0,0 days 00:01:21.146000,1,True,Portuguese Grand Prix
16,41.0,0 days 00:01:21.311000,1,True,Portuguese Grand Prix
16,42.0,0 days 00:01:21.300000,1,True,Portuguese Grand Prix
16,43.0,0 days 00:01:20.982000,1,True,Portuguese Grand Prix
16,44.0,0 days 00:01:21.565000,1,True,Portuguese Grand Prix
16,45.0,0 days 00:01:21.799000,1,True,Portuguese Grand Prix
16,46.0,0 days 00:01:21.121000,1,True,Portuguese Grand Prix
16,47.0,0 days 00:01:20.922000,1,True,Portuguese Grand Prix
16,48.0,0 days 00:01:21.219000,1,True,Portuguese Grand Prix
16,49.0,0 days 00:01:21.099000,1,True,Portuguese Grand Prix
16,50.0,0 days 00:01:21.439000,1,True,Portuguese Grand Prix
16,51.0,0 days 00:01:21.760000,1,True,Portuguese Grand Prix
16,52.0,0 days 00:01:21.238000,1,True,Portuguese Grand Prix
16,53.0,0 days 00:01:21.074000,1,True,Portuguese Grand Prix
16,54.0,0 days 00:01:21.570000,1,True,Portuguese Grand Prix
16,55.0,0 days 00:01:21.367000,1,True,Portuguese Grand Prix
16,56.0,0 days 00:01:21.815000,1,True,Portuguese Grand Prix
16,57.0,0 days 00:01:21.511000,1,True,Portuguese Grand Prix
16,58.0,0 days 00:01:21.921000,1,True,Portuguese Grand Prix
16,59.0,0 days 00:01:21.632000,1,True,Portuguese Grand Prix
16,60.0,0 days 00:01:21.625000,1,True,Portuguese Grand Prix
16,61.0,0 days 00:01:21.866000,1,True,Portuguese Grand Prix
16,62.0,0 days 00:01:22.463000,1,True,Portuguese Grand Prix
16,63.0,0 days 00:01:21.015000,1,True,Portuguese Grand Prix
16,64.0,0 days 00:01:20.824000,1,True,Portuguese Grand Prix
16,65.0,0 days 00:01:21.346000,1,True,Portuguese Grand Prix
16,66.0,0 days 00:01:20.408000,1,True,Portuguese Grand Prix
10,1.0,0 days 00:01:40.283000,2,False,Portuguese Grand Prix
10,2.0,0 days 00:01:29.264000,1,True,Portuguese Grand Prix
10,3.0,0 days 00:01:25.417000,1,True,Portuguese Grand Prix
10,4.0,0 days 00:01:24.341000,1,True,Portuguese Grand Prix
10,5.0,0 days 00:01:23.825000,1,True,Portuguese Grand Prix
10,6.0,0 days 00:01:23.629000,1,True,Portuguese Grand Prix
10,7.0,0 days 00:01:23.212000,1,True,Portuguese Grand Prix
10,8.0,0 days 00:01:23.645000,1,True,Portuguese Grand Prix
10,9.0,0 days 00:01:24.387000,1,True,Portuguese Grand Prix
10,10.0,0 days 00:01:22.740000,1,True,Portuguese Grand Prix
10,11.0,0 days 00:01:22.551000,1,True,Portuguese Grand Prix
10,12.0,0 days 00:01:22.963000,1,True,Portuguese Grand Prix
10,13.0,0 days 00:01:22.667000,1,True,Portuguese Grand Prix
10,14.0,0 days 00:01:23.063000,1,True,Portuguese Grand Prix
10,15.0,0 days 00:01:23.016000,1,True,Portuguese Grand Prix
10,16.0,0 days 00:01:23.212000,1,True,Portuguese Grand Prix
10,17.0,0 days 00:01:23.428000,1,True,Portuguese Grand Prix
10,18.0,0 days 00:01:23.074000,1,True,Portuguese Grand Prix
10,19.0,0 days 00:01:22.820000,1,True,Portuguese Grand Prix
10,20.0,0 days 00:01:22.973000,1,True,Portuguese Grand Prix
10,21.0,0 days 00:01:23.413000,1,True,Portuguese Grand Prix
10,22.0,0 days 00:01:23.044000,1,True,Portuguese Grand Prix
10,23.0,0 days 00:01:22.918000,1,True,Portuguese Grand Prix
10,24.0,0 days 00:01:22.739000,1,True,Portuguese Grand Prix
10,25.0,0 days 00:01:22.831000,1,True,Portuguese Grand Prix
10,26.0,0 days 00:01:22.873000,1,True,Portuguese Grand Prix
10,27.0,0 days 00:01:23.641000,1,True,Portuguese Grand Prix
10,28.0,0 days 00:01:26.273000,1,False,Portuguese Grand Prix
10,29.0,0 days 00:01:47.165000,1,False,Portuguese Grand Prix
10,30.0,0 days 00:01:23.621000,1,True,Portuguese Grand Prix
10,31.0,0 days 00:01:22.280000,1,True,Portuguese Grand Prix
10,32.0,0 days 00:01:22.512000,1,True,Portuguese Grand Prix
10,33.0,0 days 00:01:22.912000,1,True,Portuguese Grand Prix
10,34.0,0 days 00:01:22.403000,1,True,Portuguese Grand Prix
10,35.0,0 days 00:01:23.877000,1,True,Portuguese Grand Prix
10,36.0,0 days 00:01:22.717000,1,True,Portuguese Grand Prix
10,37.0,0 days 00:01:22.582000,1,True,Portuguese Grand Prix
10,38.0,0 days 00:01:22.371000,1,True,Portuguese Grand Prix
10,39.0,0 days 00:01:22.305000,1,True,Portuguese Grand Prix
10,40.0,0 days 00:01:21.857000,1,True,Portuguese Grand Prix
10,41.0,0 days 00:01:22.148000,1,True,Portuguese Grand Prix
10,42.0,0 days 00:01:21.807000,1,True,Portuguese Grand Prix
10,43.0,0 days 00:01:22.268000,1,True,Portuguese Grand Prix
10,44.0,0 days 00:01:22.004000,1,True,Portuguese Grand Prix
10,45.0,0 days 00:01:22.182000,1,True,Portuguese Grand Prix
10,46.0,0 days 00:01:21.713000,1,True,Portuguese Grand Prix
10,47.0,0 days 00:01:21.914000,1,True,Portuguese Grand Prix
10,48.0,0 days 00:01:21.252000,1,True,Portuguese Grand Prix
10,49.0,0 days 00:01:21.316000,1,True,Portuguese Grand Prix
10,50.0,0 days 00:01:21.713000,1,True,Portuguese Grand Prix
10,51.0,0 days 00:01:21.545000,1,True,Portuguese Grand Prix
10,52.0,0 days 00:01:21.633000,1,True,Portuguese Grand Prix
10,53.0,0 days 00:01:21.218000,1,True,Portuguese Grand Prix
10,54.0,0 days 00:01:21.427000,1,True,Portuguese Grand Prix
10,55.0,0 days 00:01:24.265000,1,True,Portuguese Grand Prix
10,56.0,0 days 00:01:21.030000,1,True,Portuguese Grand Prix
10,57.0,0 days 00:01:21.091000,1,True,Portuguese Grand Prix
10,58.0,0 days 00:01:21.122000,1,True,Portuguese Grand Prix
10,59.0,0 days 00:01:21.014000,1,True,Portuguese Grand Prix
10,60.0,0 days 00:01:20.978000,1,True,Portuguese Grand Prix
10,61.0,0 days 00:01:20.796000,1,True,Portuguese Grand Prix
10,62.0,0 days 00:01:20.819000,1,True,Portuguese Grand Prix
10,63.0,0 days 00:01:21.949000,1,True,Portuguese Grand Prix
10,64.0,0 days 00:01:21.265000,1,True,Portuguese Grand Prix
10,65.0,0 days 00:01:20.551000,1,True,Portuguese Grand Prix
55,1.0,0 days 00:01:37.026000,2,False,Portuguese Grand Prix
55,2.0,0 days 00:01:25.117000,1,True,Portuguese Grand Prix
55,3.0,0 days 00:01:23.466000,1,True,Portuguese Grand Prix
55,4.0,0 days 00:01:23.676000,1,True,Portuguese Grand Prix
55,5.0,0 days 00:01:23.757000,1,True,Portuguese Grand Prix
55,6.0,0 days 00:01:24.819000,1,True,Portuguese Grand Prix
55,7.0,0 days 00:01:24.532000,1,True,Portuguese Grand Prix
55,8.0,0 days 00:01:24.554000,1,True,Portuguese Grand Prix
55,9.0,0 days 00:01:23.816000,1,True,Portuguese Grand Prix
55,10.0,0 days 00:01:23.987000,1,True,Portuguese Grand Prix
55,11.0,0 days 00:01:23.571000,1,True,Portuguese Grand Prix
55,12.0,0 days 00:01:24.894000,1,True,Portuguese Grand Prix
55,13.0,0 days 00:01:23.879000,1,True,Portuguese Grand Prix
55,14.0,0 days 00:01:23.567000,1,True,Portuguese Grand Prix
55,15.0,0 days 00:01:23.552000,1,True,Portuguese Grand Prix
55,16.0,0 days 00:01:23.481000,1,True,Portuguese Grand Prix
55,17.0,0 days 00:01:23.152000,1,True,Portuguese Grand Prix
55,18.0,0 days 00:01:23.254000,1,True,Portuguese Grand Prix
55,19.0,0 days 00:01:22.970000,1,True,Portuguese Grand Prix
55,20.0,0 days 00:01:24.982000,1,True,Portuguese Grand Prix
55,21.0,0 days 00:01:24.205000,1,True,Portuguese Grand Prix
55,22.0,0 days 00:01:23.653000,1,True,Portuguese Grand Prix
55,23.0,0 days 00:01:23.216000,1,True,Portuguese Grand Prix
55,24.0,0 days 00:01:23.313000,1,True,Portuguese Grand Prix
55,25.0,0 days 00:01:23.530000,1,True,Portuguese Grand Prix
55,26.0,0 days 00:01:28.184000,1,False,Portuguese Grand Prix
55,27.0,0 days 00:01:45.813000,1,False,Portuguese Grand Prix
55,28.0,0 days 00:01:21.944000,1,True,Portuguese Grand Prix
55,29.0,0 days 00:01:22.819000,1,True,Portuguese Grand Prix
55,30.0,0 days 00:01:21.854000,1,True,Portuguese Grand Prix
55,31.0,0 days 00:01:22.291000,1,True,Portuguese Grand Prix
55,32.0,0 days 00:01:23.907000,1,True,Portuguese Grand Prix
55,33.0,0 days 00:01:21.715000,1,True,Portuguese Grand Prix
55,34.0,0 days 00:01:23.621000,1,True,Portuguese Grand Prix
55,35.0,0 days 00:01:22.654000,1,True,Portuguese Grand Prix
55,36.0,0 days 00:01:22.292000,1,True,Portuguese Grand Prix
55,37.0,0 days 00:01:22.390000,1,True,Portuguese Grand Prix
55,38.0,0 days 00:01:21.990000,1,True,Portuguese Grand Prix
55,39.0,0 days 00:01:22.144000,1,True,Portuguese Grand Prix
55,40.0,0 days 00:01:23.910000,1,True,Portuguese Grand Prix
55,41.0,0 days 00:01:22.002000,1,True,Portuguese Grand Prix
55,42.0,0 days 00:01:22.019000,1,True,Portuguese Grand Prix
55,43.0,0 days 00:01:21.776000,1,True,Portuguese Grand Prix
55,44.0,0 days 00:01:21.807000,1,True,Portuguese Grand Prix
55,45.0,0 days 00:01:21.873000,1,True,Portuguese Grand Prix
55,46.0,0 days 00:01:21.925000,1,True,Portuguese Grand Prix
55,47.0,0 days 00:01:20.981000,1,True,Portuguese Grand Prix
55,48.0,0 days 00:01:21.390000,1,True,Portuguese Grand Prix
55,49.0,0 days 00:01:21.685000,1,True,Portuguese Grand Prix
55,50.0,0 days 00:01:22.126000,1,True,Portuguese Grand Prix
55,51.0,0 days 00:01:21.645000,1,True,Portuguese Grand Prix
55,52.0,0 days 00:01:21.461000,1,True,Portuguese Grand Prix
55,53.0,0 days 00:01:21.536000,1,True,Portuguese Grand Prix
55,54.0,0 days 00:01:23.182000,1,True,Portuguese Grand Prix
55,55.0,0 days 00:01:21.109000,1,True,Portuguese Grand Prix
55,56.0,0 days 00:01:21.800000,1,True,Portuguese Grand Prix
55,57.0,0 days 00:01:21.346000,1,True,Portuguese Grand Prix
55,58.0,0 days 00:01:20.910000,1,True,Portuguese Grand Prix
55,59.0,0 days 00:01:20.843000,1,True,Portuguese Grand Prix
55,60.0,0 days 00:01:20.836000,1,True,Portuguese Grand Prix
55,61.0,0 days 00:01:20.620000,1,True,Portuguese Grand Prix
55,62.0,0 days 00:01:21.061000,1,True,Portuguese Grand Prix
55,63.0,0 days 00:01:21.517000,1,True,Portuguese Grand Prix
55,64.0,0 days 00:01:22.065000,1,True,Portuguese Grand Prix
55,65.0,0 days 00:01:20.268000,1,True,Portuguese Grand Prix
11,1.0,0 days 00:01:47.446000,2,False,Portuguese Grand Prix
11,2.0,0 days 00:01:45.889000,1,False,Portuguese Grand Prix
11,3.0,0 days 00:01:23.995000,1,True,Portuguese Grand Prix
11,4.0,0 days 00:01:23.058000,1,True,Portuguese Grand Prix
11,5.0,0 days 00:01:22.952000,1,True,Portuguese Grand Prix
11,6.0,0 days 00:01:22.692000,1,True,Portuguese Grand Prix
11,7.0,0 days 00:01:22.819000,1,True,Portuguese Grand Prix
11,8.0,0 days 00:01:22.709000,1,True,Portuguese Grand Prix
11,9.0,0 days 00:01:23.083000,1,True,Portuguese Grand Prix
11,10.0,0 days 00:01:22.619000,1,True,Portuguese Grand Prix
11,11.0,0 days 00:01:22.723000,1,True,Portuguese Grand Prix
11,12.0,0 days 00:01:23.137000,1,True,Portuguese Grand Prix
11,13.0,0 days 00:01:23.369000,1,True,Portuguese Grand Prix
11,14.0,0 days 00:01:23.357000,1,True,Portuguese Grand Prix
11,15.0,0 days 00:01:22.669000,1,True,Portuguese Grand Prix
11,16.0,0 days 00:01:23.042000,1,True,Portuguese Grand Prix
11,17.0,0 days 00:01:23.320000,1,True,Portuguese Grand Prix
11,18.0,0 days 00:01:23.879000,1,True,Portuguese Grand Prix
11,19.0,0 days 00:01:23.777000,1,True,Portuguese Grand Prix
11,20.0,0 days 00:01:23.731000,1,True,Portuguese Grand Prix
11,21.0,0 days 00:01:23.162000,1,True,Portuguese Grand Prix
11,22.0,0 days 00:01:22.979000,1,True,Portuguese Grand Prix
11,23.0,0 days 00:01:21.908000,1,True,Portuguese Grand Prix
11,24.0,0 days 00:01:22.377000,1,True,Portuguese Grand Prix
11,25.0,0 days 00:01:21.376000,1,True,Portuguese Grand Prix
11,26.0,0 days 00:01:22.290000,1,True,Portuguese Grand Prix
11,27.0,0 days 00:01:22.194000,1,True,Portuguese Grand Prix
11,28.0,0 days 00:01:21.600000,1,True,Portuguese Grand Prix
11,29.0,0 days 00:01:21.506000,1,True,Portuguese Grand Prix
11,30.0,0 days 00:01:21.370000,1,True,Portuguese Grand Prix
11,31.0,0 days 00:01:21.985000,1,True,Portuguese Grand Prix
11,32.0,0 days 00:01:21.820000,1,True,Portuguese Grand Prix
11,33.0,0 days 00:01:21.431000,1,True,Portuguese Grand Prix
11,34.0,0 days 00:01:23.269000,1,True,Portuguese Grand Prix
11,35.0,0 days 00:01:21.792000,1,True,Portuguese Grand Prix
11,36.0,0 days 00:01:21.867000,1,True,Portuguese Grand Prix
11,37.0,0 days 00:01:21.849000,1,True,Portuguese Grand Prix
11,38.0,0 days 00:01:21.680000,1,True,Portuguese Grand Prix
11,39.0,0 days 00:01:21.540000,1,True,Portuguese Grand Prix
11,40.0,0 days 00:01:21.675000,1,True,Portuguese Grand Prix
11,41.0,0 days 00:01:21.753000,1,True,Portuguese Grand Prix
11,42.0,0 days 00:01:21.509000,1,True,Portuguese Grand Prix
11,43.0,0 days 00:01:21.496000,1,True,Portuguese Grand Prix
11,44.0,0 days 00:01:21.725000,1,True,Portuguese Grand Prix
11,45.0,0 days 00:01:25.536000,1,False,Portuguese Grand Prix
11,46.0,0 days 00:01:43.819000,1,False,Portuguese Grand Prix
11,47.0,0 days 00:01:21.090000,1,True,Portuguese Grand Prix
11,48.0,0 days 00:01:20.861000,1,True,Portuguese Grand Prix
11,49.0,0 days 00:01:20.802000,1,True,Portuguese Grand Prix
11,50.0,0 days 00:01:21.280000,1,True,Portuguese Grand Prix
11,51.0,0 days 00:01:21.310000,1,True,Portuguese Grand Prix
11,52.0,0 days 00:01:21.174000,1,True,Portuguese Grand Prix
11,53.0,0 days 00:01:21.264000,1,True,Portuguese Grand Prix
11,54.0,0 days 00:01:21.304000,1,True,Portuguese Grand Prix
11,55.0,0 days 00:01:21.194000,1,True,Portuguese Grand Prix
11,56.0,0 days 00:01:21.350000,1,True,Portuguese Grand Prix
11,57.0,0 days 00:01:22.454000,1,True,Portuguese Grand Prix
11,58.0,0 days 00:01:23.785000,1,True,Portuguese Grand Prix
11,59.0,0 days 00:01:21.877000,1,True,Portuguese Grand Prix
11,60.0,0 days 00:01:21.486000,1,True,Portuguese Grand Prix
11,61.0,0 days 00:01:21.164000,1,True,Portuguese Grand Prix
11,62.0,0 days 00:01:21.427000,1,True,Portuguese Grand Prix
11,63.0,0 days 00:01:21.925000,1,True,Portuguese Grand Prix
11,64.0,0 days 00:01:23.139000,1,True,Portuguese Grand Prix
11,65.0,0 days 00:01:22.226000,1,True,Portuguese Grand Prix
31,1.0,0 days 00:01:41.385000,2,False,Portuguese Grand Prix
31,2.0,0 days 00:01:29.961000,1,True,Portuguese Grand Prix
31,3.0,0 days 00:01:26.981000,1,True,Portuguese Grand Prix
31,4.0,0 days 00:01:24.696000,1,True,Portuguese Grand Prix
31,5.0,0 days 00:01:23.828000,1,True,Portuguese Grand Prix
31,6.0,0 days 00:01:23.329000,1,True,Portuguese Grand Prix
31,7.0,0 days 00:01:23.175000,1,True,Portuguese Grand Prix
31,8.0,0 days 00:01:23.611000,1,True,Portuguese Grand Prix
31,9.0,0 days 00:01:23.659000,1,True,Portuguese Grand Prix
31,10.0,0 days 00:01:23.896000,1,True,Portuguese Grand Prix
31,11.0,0 days 00:01:24.166000,1,True,Portuguese Grand Prix
31,12.0,0 days 00:01:22.496000,1,True,Portuguese Grand Prix
31,13.0,0 days 00:01:23.502000,1,True,Portuguese Grand Prix
31,14.0,0 days 00:01:23.299000,1,True,Portuguese Grand Prix
31,15.0,0 days 00:01:23.124000,1,True,Portuguese Grand Prix
31,16.0,0 days 00:01:23.806000,1,True,Portuguese Grand Prix
31,17.0,0 days 00:01:23.149000,1,True,Portuguese Grand Prix
31,18.0,0 days 00:01:24.411000,1,True,Portuguese Grand Prix
31,19.0,0 days 00:01:22.877000,1,True,Portuguese Grand Prix
31,20.0,0 days 00:01:23.034000,1,True,Portuguese Grand Prix
31,21.0,0 days 00:01:24.029000,1,True,Portuguese Grand Prix
31,22.0,0 days 00:01:23.284000,1,True,Portuguese Grand Prix
31,23.0,0 days 00:01:23.022000,1,True,Portuguese Grand Prix
31,24.0,0 days 00:01:23.953000,1,True,Portuguese Grand Prix
31,25.0,0 days 00:01:22.983000,1,True,Portuguese Grand Prix
31,26.0,0 days 00:01:23.084000,1,True,Portuguese Grand Prix
31,27.0,0 days 00:01:23.526000,1,True,Portuguese Grand Prix
31,28.0,0 days 00:01:22.805000,1,True,Portuguese Grand Prix
31,29.0,0 days 00:01:22.636000,1,True,Portuguese Grand Prix
31,30.0,0 days 00:01:22.107000,1,True,Portuguese Grand Prix
31,31.0,0 days 00:01:22.003000,1,True,Portuguese Grand Prix
31,32.0,0 days 00:01:21.991000,1,True,Portuguese Grand Prix
31,33.0,0 days 00:01:21.871000,1,True,Portuguese Grand Prix
31,34.0,0 days 00:01:24.552000,1,True,Portuguese Grand Prix
31,35.0,0 days 00:01:22.536000,1,True,Portuguese Grand Prix
31,36.0,0 days 00:01:22.346000,1,True,Portuguese Grand Prix
31,37.0,0 days 00:01:22.333000,1,True,Portuguese Grand Prix
31,38.0,0 days 00:01:22.440000,1,True,Portuguese Grand Prix
31,39.0,0 days 00:01:22.177000,1,True,Portuguese Grand Prix
31,40.0,0 days 00:01:21.890000,1,True,Portuguese Grand Prix
31,41.0,0 days 00:01:21.863000,1,True,Portuguese Grand Prix
31,42.0,0 days 00:01:21.709000,1,True,Portuguese Grand Prix
31,43.0,0 days 00:01:21.632000,1,True,Portuguese Grand Prix
31,44.0,0 days 00:01:22.113000,1,True,Portuguese Grand Prix
31,45.0,0 days 00:01:21.840000,1,True,Portuguese Grand Prix
31,46.0,0 days 00:01:21.313000,1,True,Portuguese Grand Prix
31,47.0,0 days 00:01:21.332000,1,True,Portuguese Grand Prix
31,48.0,0 days 00:01:21.316000,1,True,Portuguese Grand Prix
31,49.0,0 days 00:01:21.455000,1,True,Portuguese Grand Prix
31,50.0,0 days 00:01:22.049000,1,True,Portuguese Grand Prix
31,51.0,0 days 00:01:21.930000,1,True,Portuguese Grand Prix
31,52.0,0 days 00:01:21.903000,1,True,Portuguese Grand Prix
31,53.0,0 days 00:01:25.497000,1,False,Portuguese Grand Prix
31,54.0,0 days 00:01:45.924000,1,False,Portuguese Grand Prix
31,55.0,0 days 00:01:21.417000,1,True,Portuguese Grand Prix
31,56.0,0 days 00:01:21.112000,1,True,Portuguese Grand Prix
31,57.0,0 days 00:01:21.217000,1,True,Portuguese Grand Prix
31,58.0,0 days 00:01:21.093000,1,True,Portuguese Grand Prix
31,59.0,0 days 00:01:20.877000,1,True,Portuguese Grand Prix
31,60.0,0 days 00:01:21.006000,1,True,Portuguese Grand Prix
31,61.0,0 days 00:01:20.859000,1,True,Portuguese Grand Prix
31,62.0,0 days 00:01:21.128000,1,True,Portuguese Grand Prix
31,63.0,0 days 00:01:21.102000,1,True,Portuguese Grand Prix
31,64.0,0 days 00:01:21.428000,1,True,Portuguese Grand Prix
31,65.0,0 days 00:01:21.389000,1,True,Portuguese Grand Prix
3,1.0,0 days 00:01:39.757000,2,False,Portuguese Grand Prix
3,2.0,0 days 00:01:28.322000,1,True,Portuguese Grand Prix
3,3.0,0 days 00:01:24.561000,1,True,Portuguese Grand Prix
3,4.0,0 days 00:01:23.973000,1,True,Portuguese Grand Prix
3,5.0,0 days 00:01:23.733000,1,True,Portuguese Grand Prix
3,6.0,0 days 00:01:24.752000,1,True,Portuguese Grand Prix
3,7.0,0 days 00:01:23.829000,1,True,Portuguese Grand Prix
3,8.0,0 days 00:01:24.102000,1,True,Portuguese Grand Prix
3,9.0,0 days 00:01:23.611000,1,True,Portuguese Grand Prix
3,10.0,0 days 00:01:23.986000,1,True,Portuguese Grand Prix
3,11.0,0 days 00:01:24.813000,1,True,Portuguese Grand Prix
3,12.0,0 days 00:01:23.794000,1,True,Portuguese Grand Prix
3,13.0,0 days 00:01:24.672000,1,True,Portuguese Grand Prix
3,14.0,0 days 00:01:26.865000,1,False,Portuguese Grand Prix
3,15.0,0 days 00:01:45.821000,1,False,Portuguese Grand Prix
3,16.0,0 days 00:01:22.990000,1,True,Portuguese Grand Prix
3,17.0,0 days 00:01:22.909000,1,True,Portuguese Grand Prix
3,18.0,0 days 00:01:22.686000,1,True,Portuguese Grand Prix
3,19.0,0 days 00:01:22.916000,1,True,Portuguese Grand Prix
3,20.0,0 days 00:01:22.937000,1,True,Portuguese Grand Prix
3,21.0,0 days 00:01:22.968000,1,True,Portuguese Grand Prix
3,22.0,0 days 00:01:22.769000,1,True,Portuguese Grand Prix
3,23.0,0 days 00:01:22.494000,1,True,Portuguese Grand Prix
3,24.0,0 days 00:01:22.526000,1,True,Portuguese Grand Prix
3,25.0,0 days 00:01:22.412000,1,True,Portuguese Grand Prix
3,26.0,0 days 00:01:23.085000,1,True,Portuguese Grand Prix
3,27.0,0 days 00:01:22.800000,1,True,Portuguese Grand Prix
3,28.0,0 days 00:01:22.043000,1,True,Portuguese Grand Prix
3,29.0,0 days 00:01:23.413000,1,True,Portuguese Grand Prix
3,30.0,0 days 00:01:21.773000,1,True,Portuguese Grand Prix
3,31.0,0 days 00:01:22.168000,1,True,Portuguese Grand Prix
3,32.0,0 days 00:01:22.793000,1,True,Portuguese Grand Prix
3,33.0,0 days 00:01:22.687000,1,True,Portuguese Grand Prix
3,34.0,0 days 00:01:22.500000,1,True,Portuguese Grand Prix
3,35.0,0 days 00:01:22.698000,1,True,Portuguese Grand Prix
3,36.0,0 days 00:01:24.349000,1,True,Portuguese Grand Prix
3,37.0,0 days 00:01:22.436000,1,True,Portuguese Grand Prix
3,38.0,0 days 00:01:22.399000,1,True,Portuguese Grand Prix
3,39.0,0 days 00:01:22.508000,1,True,Portuguese Grand Prix
3,40.0,0 days 00:01:22.233000,1,True,Portuguese Grand Prix
3,41.0,0 days 00:01:21.934000,1,True,Portuguese Grand Prix
3,42.0,0 days 00:01:22.109000,1,True,Portuguese Grand Prix
3,43.0,0 days 00:01:22.220000,1,True,Portuguese Grand Prix
3,44.0,0 days 00:01:22.158000,1,True,Portuguese Grand Prix
3,45.0,0 days 00:01:23.736000,1,True,Portuguese Grand Prix
3,46.0,0 days 00:01:22.230000,1,True,Portuguese Grand Prix
3,47.0,0 days 00:01:22.858000,1,True,Portuguese Grand Prix
3,48.0,0 days 00:01:22.115000,1,True,Portuguese Grand Prix
3,49.0,0 days 00:01:21.941000,1,True,Portuguese Grand Prix
3,50.0,0 days 00:01:21.924000,1,True,Portuguese Grand Prix
3,51.0,0 days 00:01:21.879000,1,True,Portuguese Grand Prix
3,52.0,0 days 00:01:23.226000,1,True,Portuguese Grand Prix
3,53.0,0 days 00:01:21.362000,1,True,Portuguese Grand Prix
3,54.0,0 days 00:01:22.935000,1,True,Portuguese Grand Prix
3,55.0,0 days 00:01:21.468000,1,True,Portuguese Grand Prix
3,56.0,0 days 00:01:21.234000,1,True,Portuguese Grand Prix
3,57.0,0 days 00:01:21.090000,1,True,Portuguese Grand Prix
3,58.0,0 days 00:01:21.246000,1,True,Portuguese Grand Prix
3,59.0,0 days 00:01:21.057000,1,True,Portuguese Grand Prix
3,60.0,0 days 00:01:21.023000,1,True,Portuguese Grand Prix
3,61.0,0 days 00:01:20.906000,1,True,Portuguese Grand Prix
3,62.0,0 days 00:01:20.998000,1,True,Portuguese Grand Prix
3,63.0,0 days 00:01:21.126000,1,True,Portuguese Grand Prix
3,64.0,0 days 00:01:21.370000,1,True,Portuguese Grand Prix
3,65.0,0 days 00:01:20.923000,1,True,Portuguese Grand Prix
5,1.0,0 days 00:01:42.017000,2,False,Portuguese Grand Prix
5,2.0,0 days 00:01:31.476000,1,True,Portuguese Grand Prix
5,3.0,0 days 00:01:27.082000,1,True,Portuguese Grand Prix
5,4.0,0 days 00:01:25.314000,1,True,Portuguese Grand Prix
5,5.0,0 days 00:01:24.170000,1,True,Portuguese Grand Prix
5,6.0,0 days 00:01:23.350000,1,True,Portuguese Grand Prix
5,7.0,0 days 00:01:23.104000,1,True,Portuguese Grand Prix
5,8.0,0 days 00:01:23.742000,1,True,Portuguese Grand Prix
5,9.0,0 days 00:01:23.885000,1,True,Portuguese Grand Prix
5,10.0,0 days 00:01:24.061000,1,True,Portuguese Grand Prix
5,11.0,0 days 00:01:24.116000,1,True,Portuguese Grand Prix
5,12.0,0 days 00:01:23.829000,1,True,Portuguese Grand Prix
5,13.0,0 days 00:01:24.722000,1,True,Portuguese Grand Prix
5,14.0,0 days 00:01:22.828000,1,True,Portuguese Grand Prix
5,15.0,0 days 00:01:23.155000,1,True,Portuguese Grand Prix
5,16.0,0 days 00:01:23.054000,1,True,Portuguese Grand Prix
5,17.0,0 days 00:01:22.817000,1,True,Portuguese Grand Prix
5,18.0,0 days 00:01:23.509000,1,True,Portuguese Grand Prix
5,19.0,0 days 00:01:22.604000,1,True,Portuguese Grand Prix
5,20.0,0 days 00:01:22.858000,1,True,Portuguese Grand Prix
5,21.0,0 days 00:01:24.053000,1,True,Portuguese Grand Prix
5,22.0,0 days 00:01:23.108000,1,True,Portuguese Grand Prix
5,23.0,0 days 00:01:22.779000,1,True,Portuguese Grand Prix
5,24.0,0 days 00:01:22.529000,1,True,Portuguese Grand Prix
5,25.0,0 days 00:01:22.990000,1,True,Portuguese Grand Prix
5,26.0,0 days 00:01:22.849000,1,True,Portuguese Grand Prix
5,27.0,0 days 00:01:26.987000,1,False,Portuguese Grand Prix
5,28.0,0 days 00:01:46.766000,1,False,Portuguese Grand Prix
5,29.0,0 days 00:01:24.010000,1,True,Portuguese Grand Prix
5,30.0,0 days 00:01:22.051000,1,True,Portuguese Grand Prix
5,31.0,0 days 00:01:21.982000,1,True,Portuguese Grand Prix
5,32.0,0 days 00:01:21.988000,1,True,Portuguese Grand Prix
5,33.0,0 days 00:01:21.908000,1,True,Portuguese Grand Prix
5,34.0,0 days 00:01:22.473000,1,True,Portuguese Grand Prix
5,35.0,0 days 00:01:23.587000,1,True,Portuguese Grand Prix
5,36.0,0 days 00:01:22.368000,1,True,Portuguese Grand Prix
5,37.0,0 days 00:01:22.125000,1,True,Portuguese Grand Prix
5,38.0,0 days 00:01:22.217000,1,True,Portuguese Grand Prix
5,39.0,0 days 00:01:21.805000,1,True,Portuguese Grand Prix
5,40.0,0 days 00:01:21.828000,1,True,Portuguese Grand Prix
5,41.0,0 days 00:01:22.088000,1,True,Portuguese Grand Prix
5,42.0,0 days 00:01:21.745000,1,True,Portuguese Grand Prix
5,43.0,0 days 00:01:21.844000,1,True,Portuguese Grand Prix
5,44.0,0 days 00:01:21.923000,1,True,Portuguese Grand Prix
5,45.0,0 days 00:01:21.592000,1,True,Portuguese Grand Prix
5,46.0,0 days 00:01:21.372000,1,True,Portuguese Grand Prix
5,47.0,0 days 00:01:21.266000,1,True,Portuguese Grand Prix
5,48.0,0 days 00:01:21.806000,1,True,Portuguese Grand Prix
5,49.0,0 days 00:01:21.618000,1,True,Portuguese Grand Prix
5,50.0,0 days 00:01:24.015000,1,True,Portuguese Grand Prix
5,51.0,0 days 00:01:21.340000,1,True,Portuguese Grand Prix
5,52.0,0 days 00:01:22.223000,1,True,Portuguese Grand Prix
5,53.0,0 days 00:01:21.074000,1,True,Portuguese Grand Prix
5,54.0,0 days 00:01:21.575000,1,True,Portuguese Grand Prix
5,55.0,0 days 00:01:21.525000,1,True,Portuguese Grand Prix
5,56.0,0 days 00:01:21.431000,1,True,Portuguese Grand Prix
5,57.0,0 days 00:01:20.893000,1,True,Portuguese Grand Prix
5,58.0,0 days 00:01:21.118000,1,True,Portuguese Grand Prix
5,59.0,0 days 00:01:22.062000,1,True,Portuguese Grand Prix
5,60.0,0 days 00:01:21.144000,1,True,Portuguese Grand Prix
5,61.0,0 days 00:01:20.877000,1,True,Portuguese Grand Prix
5,62.0,0 days 00:01:20.731000,1,True,Portuguese Grand Prix
5,63.0,0 days 00:01:20.996000,1,True,Portuguese Grand Prix
5,64.0,0 days 00:01:20.910000,1,True,Portuguese Grand Prix
5,65.0,0 days 00:01:21.027000,1,True,Portuguese Grand Prix
7,1.0,0 days 00:01:38.918000,2,False,Portuguese Grand Prix
7,2.0,0 days 00:01:27.931000,1,True,Portuguese Grand Prix
7,3.0,0 days 00:01:24.229000,1,True,Portuguese Grand Prix
7,4.0,0 days 00:01:23.523000,1,True,Portuguese Grand Prix
7,5.0,0 days 00:01:24.307000,1,True,Portuguese Grand Prix
7,6.0,0 days 00:01:23.922000,1,True,Portuguese Grand Prix
7,7.0,0 days 00:01:24.227000,1,True,Portuguese Grand Prix
7,8.0,0 days 00:01:25.642000,1,True,Portuguese Grand Prix
7,9.0,0 days 00:01:25.108000,1,True,Portuguese Grand Prix
7,10.0,0 days 00:01:25.059000,1,True,Portuguese Grand Prix
7,11.0,0 days 00:01:28.357000,1,False,Portuguese Grand Prix
7,12.0,0 days 00:01:48.303000,1,False,Portuguese Grand Prix
7,13.0,0 days 00:01:22.670000,1,True,Portuguese Grand Prix
7,14.0,0 days 00:01:22.176000,1,True,Portuguese Grand Prix
7,15.0,0 days 00:01:22.794000,1,True,Portuguese Grand Prix
7,16.0,0 days 00:01:23.449000,1,True,Portuguese Grand Prix
7,17.0,0 days 00:01:22.978000,1,True,Portuguese Grand Prix
7,18.0,0 days 00:01:22.867000,1,True,Portuguese Grand Prix
7,19.0,0 days 00:01:23.130000,1,True,Portuguese Grand Prix
7,20.0,0 days 00:01:22.885000,1,True,Portuguese Grand Prix
7,21.0,0 days 00:01:22.883000,1,True,Portuguese Grand Prix
7,22.0,0 days 00:01:22.512000,1,True,Portuguese Grand Prix
7,23.0,0 days 00:01:22.471000,1,True,Portuguese Grand Prix
7,24.0,0 days 00:01:22.598000,1,True,Portuguese Grand Prix
7,25.0,0 days 00:01:22.972000,1,True,Portuguese Grand Prix
7,26.0,0 days 00:01:22.677000,1,True,Portuguese Grand Prix
7,27.0,0 days 00:01:22.556000,1,True,Portuguese Grand Prix
7,28.0,0 days 00:01:22.504000,1,True,Portuguese Grand Prix
7,29.0,0 days 00:01:22.466000,1,True,Portuguese Grand Prix
7,30.0,0 days 00:01:23.639000,1,True,Portuguese Grand Prix
7,31.0,0 days 00:01:22.590000,1,True,Portuguese Grand Prix
7,32.0,0 days 00:01:24.116000,1,True,Portuguese Grand Prix
7,33.0,0 days 00:01:24.054000,1,True,Portuguese Grand Prix
7,34.0,0 days 00:01:22.868000,1,True,Portuguese Grand Prix
7,35.0,0 days 00:01:22.601000,1,True,Portuguese Grand Prix
7,36.0,0 days 00:01:22.668000,1,True,Portuguese Grand Prix
7,37.0,0 days 00:01:22.447000,1,True,Portuguese Grand Prix
7,38.0,0 days 00:01:23.699000,1,True,Portuguese Grand Prix
7,39.0,0 days 00:01:22.024000,1,True,Portuguese Grand Prix
7,40.0,0 days 00:01:22.006000,1,True,Portuguese Grand Prix
7,41.0,0 days 00:01:22.420000,1,True,Portuguese Grand Prix
7,42.0,0 days 00:01:21.932000,1,True,Portuguese Grand Prix
7,43.0,0 days 00:01:21.696000,1,True,Portuguese Grand Prix
7,44.0,0 days 00:01:21.814000,1,True,Portuguese Grand Prix
7,45.0,0 days 00:01:22.126000,1,True,Portuguese Grand Prix
7,46.0,0 days 00:01:21.785000,1,True,Portuguese Grand Prix
7,47.0,0 days 00:01:22.076000,1,True,Portuguese Grand Prix
7,48.0,0 days 00:01:21.475000,1,True,Portuguese Grand Prix
7,49.0,0 days 00:01:22.051000,1,True,Portuguese Grand Prix
7,50.0,0 days 00:01:22.321000,1,True,Portuguese Grand Prix
7,51.0,0 days 00:01:23.474000,1,True,Portuguese Grand Prix
7,52.0,0 days 00:01:21.507000,1,True,Portuguese Grand Prix
7,53.0,0 days 00:01:22.103000,1,True,Portuguese Grand Prix
7,54.0,0 days 00:01:22.666000,1,True,Portuguese Grand Prix
7,55.0,0 days 00:01:21.581000,1,True,Portuguese Grand Prix
7,56.0,0 days 00:01:21.461000,1,True,Portuguese Grand Prix
7,57.0,0 days 00:01:21.729000,1,True,Portuguese Grand Prix
7,58.0,0 days 00:01:21.497000,1,True,Portuguese Grand Prix
7,59.0,0 days 00:01:21.300000,1,True,Portuguese Grand Prix
7,60.0,0 days 00:01:21.058000,1,True,Portuguese Grand Prix
7,61.0,0 days 00:01:21.670000,1,True,Portuguese Grand Prix
7,62.0,0 days 00:01:21.719000,1,True,Portuguese Grand Prix
7,63.0,0 days 00:01:23.379000,1,True,Portuguese Grand Prix
7,64.0,0 days 00:01:21.819000,1,True,Portuguese Grand Prix
7,65.0,0 days 00:01:21.325000,1,True,Portuguese Grand Prix
23,1.0,0 days 00:01:40.073000,2,False,Portuguese Grand Prix
23,2.0,0 days 00:01:31.533000,1,True,Portuguese Grand Prix
23,3.0,0 days 00:01:26.173000,1,True,Portuguese Grand Prix
23,4.0,0 days 00:01:24.409000,1,True,Portuguese Grand Prix
23,5.0,0 days 00:01:23.858000,1,True,Portuguese Grand Prix
23,6.0,0 days 00:01:23.331000,1,True,Portuguese Grand Prix
23,7.0,0 days 00:01:23.402000,1,True,Portuguese Grand Prix
23,8.0,0 days 00:01:23.078000,1,True,Portuguese Grand Prix
23,9.0,0 days 00:01:23.587000,1,True,Portuguese Grand Prix
23,10.0,0 days 00:01:24.429000,1,True,Portuguese Grand Prix
23,11.0,0 days 00:01:24.528000,1,True,Portuguese Grand Prix
23,12.0,0 days 00:01:24.036000,1,True,Portuguese Grand Prix
23,13.0,0 days 00:01:23.596000,1,True,Portuguese Grand Prix
23,14.0,0 days 00:01:23.956000,1,True,Portuguese Grand Prix
23,15.0,0 days 00:01:23.693000,1,True,Portuguese Grand Prix
23,16.0,0 days 00:01:23.917000,1,True,Portuguese Grand Prix
23,17.0,0 days 00:01:23.280000,1,True,Portuguese Grand Prix
23,18.0,0 days 00:01:23.679000,1,True,Portuguese Grand Prix
23,19.0,0 days 00:01:27.293000,1,False,Portuguese Grand Prix
23,20.0,0 days 00:01:47.112000,1,False,Portuguese Grand Prix
23,21.0,0 days 00:01:23.539000,1,True,Portuguese Grand Prix
23,22.0,0 days 00:01:21.935000,1,True,Portuguese Grand Prix
23,23.0,0 days 00:01:21.831000,1,True,Portuguese Grand Prix
23,24.0,0 days 00:01:22.356000,1,True,Portuguese Grand Prix
23,25.0,0 days 00:01:22.249000,1,True,Portuguese Grand Prix
23,26.0,0 days 00:01:22.061000,1,True,Portuguese Grand Prix
23,27.0,0 days 00:01:22.318000,1,True,Portuguese Grand Prix
23,28.0,0 days 00:01:22.146000,1,True,Portuguese Grand Prix
23,29.0,0 days 00:01:22.678000,1,True,Portuguese Grand Prix
23,30.0,0 days 00:01:23.215000,1,True,Portuguese Grand Prix
23,31.0,0 days 00:01:21.794000,1,True,Portuguese Grand Prix
23,32.0,0 days 00:01:22.580000,1,True,Portuguese Grand Prix
23,33.0,0 days 00:01:23.672000,1,True,Portuguese Grand Prix
23,34.0,0 days 00:01:22.700000,1,True,Portuguese Grand Prix
23,35.0,0 days 00:01:22.673000,1,True,Portuguese Grand Prix
23,36.0,0 days 00:01:22.664000,1,True,Portuguese Grand Prix
23,37.0,0 days 00:01:22.861000,1,True,Portuguese Grand Prix
23,38.0,0 days 00:01:23.579000,1,True,Portuguese Grand Prix
23,39.0,0 days 00:01:21.977000,1,True,Portuguese Grand Prix
23,40.0,0 days 00:01:22.198000,1,True,Portuguese Grand Prix
23,41.0,0 days 00:01:22,1,True,Portuguese Grand Prix
23,42.0,0 days 00:01:21.813000,1,True,Portuguese Grand Prix
23,43.0,0 days 00:01:21.799000,1,True,Portuguese Grand Prix
23,44.0,0 days 00:01:21.728000,1,True,Portuguese Grand Prix
23,45.0,0 days 00:01:22.357000,1,True,Portuguese Grand Prix
23,46.0,0 days 00:01:25.697000,1,False,Portuguese Grand Prix
23,47.0,0 days 00:01:43.440000,1,False,Portuguese Grand Prix
23,48.0,0 days 00:01:21.286000,1,True,Portuguese Grand Prix
23,49.0,0 days 00:01:20.997000,1,True,Portuguese Grand Prix
23,50.0,0 days 00:01:23.982000,1,True,Portuguese Grand Prix
23,51.0,0 days 00:01:20.981000,1,True,Portuguese Grand Prix
23,52.0,0 days 00:01:21.356000,1,True,Portuguese Grand Prix
23,53.0,0 days 00:01:20.704000,1,True,Portuguese Grand Prix
23,54.0,0 days 00:01:20.854000,1,True,Portuguese Grand Prix
23,55.0,0 days 00:01:20.603000,1,True,Portuguese Grand Prix
23,56.0,0 days 00:01:20.871000,1,True,Portuguese Grand Prix
23,57.0,0 days 00:01:20.416000,1,True,Portuguese Grand Prix
23,58.0,0 days 00:01:20.579000,1,True,Portuguese Grand Prix
23,59.0,0 days 00:01:20.212000,1,True,Portuguese Grand Prix
23,60.0,0 days 00:01:20.535000,1,True,Portuguese Grand Prix
23,61.0,0 days 00:01:19.890000,1,True,Portuguese Grand Prix
23,62.0,0 days 00:01:20.074000,1,True,Portuguese Grand Prix
23,63.0,0 days 00:01:20.148000,1,True,Portuguese Grand Prix
23,64.0,0 days 00:01:20.690000,1,True,Portuguese Grand Prix
23,65.0,0 days 00:01:20.048000,1,True,Portuguese Grand Prix
4,1.0,0 days 00:01:38.586000,2,False,Portuguese Grand Prix
4,2.0,0 days 00:01:26.656000,1,True,Portuguese Grand Prix
4,3.0,0 days 00:01:24.028000,1,True,Portuguese Grand Prix
4,4.0,0 days 00:01:23.867000,1,True,Portuguese Grand Prix
4,5.0,0 days 00:01:24.859000,1,True,Portuguese Grand Prix
4,6.0,0 days 00:01:23.963000,1,True,Portuguese Grand Prix
4,7.0,0 days 00:01:23.894000,1,True,Portuguese Grand Prix
4,8.0,0 days 00:01:23.783000,1,True,Portuguese Grand Prix
4,9.0,0 days 00:01:24.987000,1,True,Portuguese Grand Prix
4,10.0,0 days 00:01:24.013000,1,True,Portuguese Grand Prix
4,11.0,0 days 00:01:23.700000,1,True,Portuguese Grand Prix
4,12.0,0 days 00:01:23.431000,1,True,Portuguese Grand Prix
4,13.0,0 days 00:01:24.848000,1,True,Portuguese Grand Prix
4,14.0,0 days 00:01:24.056000,1,True,Portuguese Grand Prix
4,15.0,0 days 00:01:23.665000,1,True,Portuguese Grand Prix
4,16.0,0 days 00:01:23.693000,1,True,Portuguese Grand Prix
4,17.0,0 days 00:01:23.450000,1,True,Portuguese Grand Prix
4,18.0,0 days 00:01:29.148000,1,False,Portuguese Grand Prix
4,19.0,0 days 00:01:54.715000,1,False,Portuguese Grand Prix
4,20.0,0 days 00:01:24.002000,1,True,Portuguese Grand Prix
4,21.0,0 days 00:01:23.664000,1,True,Portuguese Grand Prix
4,22.0,0 days 00:01:22.844000,1,True,Portuguese Grand Prix
4,23.0,0 days 00:01:22.513000,1,True,Portuguese Grand Prix
4,24.0,0 days 00:01:22.668000,1,True,Portuguese Grand Prix
4,25.0,0 days 00:01:22.645000,1,True,Portuguese Grand Prix
4,26.0,0 days 00:01:22.952000,1,True,Portuguese Grand Prix
4,27.0,0 days 00:01:23.192000,1,True,Portuguese Grand Prix
4,28.0,0 days 00:01:23.536000,1,True,Portuguese Grand Prix
4,29.0,0 days 00:01:22.468000,1,True,Portuguese Grand Prix
4,30.0,0 days 00:01:22.402000,1,True,Portuguese Grand Prix
4,31.0,0 days 00:01:22.426000,1,True,Portuguese Grand Prix
4,32.0,0 days 00:01:23.682000,1,True,Portuguese Grand Prix
4,33.0,0 days 00:01:22.229000,1,True,Portuguese Grand Prix
4,34.0,0 days 00:01:22.676000,1,True,Portuguese Grand Prix
4,35.0,0 days 00:01:22.448000,1,True,Portuguese Grand Prix
4,36.0,0 days 00:01:23.131000,1,True,Portuguese Grand Prix
4,37.0,0 days 00:01:22.475000,1,True,Portuguese Grand Prix
4,38.0,0 days 00:01:23.142000,1,True,Portuguese Grand Prix
4,39.0,0 days 00:01:22.705000,1,True,Portuguese Grand Prix
4,40.0,0 days 00:01:22.305000,1,True,Portuguese Grand Prix
4,41.0,0 days 00:01:22.332000,1,True,Portuguese Grand Prix
4,42.0,0 days 00:01:22.306000,1,True,Portuguese Grand Prix
4,43.0,0 days 00:01:26.691000,1,False,Portuguese Grand Prix
4,44.0,0 days 00:01:46.318000,1,False,Portuguese Grand Prix
4,45.0,0 days 00:01:21.790000,1,True,Portuguese Grand Prix
4,46.0,0 days 00:01:21.285000,1,True,Portuguese Grand Prix
4,47.0,0 days 00:01:21.352000,1,True,Portuguese Grand Prix
4,48.0,0 days 00:01:21.092000,1,True,Portuguese Grand Prix
4,49.0,0 days 00:01:21.261000,1,True,Portuguese Grand Prix
4,50.0,0 days 00:01:21.457000,1,True,Portuguese Grand Prix
4,51.0,0 days 00:01:21.053000,1,True,Portuguese Grand Prix
4,52.0,0 days 00:01:21.237000,1,True,Portuguese Grand Prix
4,53.0,0 days 00:01:21.667000,1,True,Portuguese Grand Prix
4,54.0,0 days 00:01:21.508000,1,True,Portuguese Grand Prix
4,55.0,0 days 00:01:20.400000,1,True,Portuguese Grand Prix
4,56.0,0 days 00:01:21.124000,1,True,Portuguese Grand Prix
4,57.0,0 days 00:01:20.726000,1,True,Portuguese Grand Prix
4,58.0,0 days 00:01:22.302000,1,True,Portuguese Grand Prix
4,59.0,0 days 00:01:20.621000,1,True,Portuguese Grand Prix
4,60.0,0 days 00:01:20.595000,1,True,Portuguese Grand Prix
4,61.0,0 days 00:01:20.436000,1,True,Portuguese Grand Prix
4,62.0,0 days 00:01:20.285000,1,True,Portuguese Grand Prix
4,63.0,0 days 00:01:20.343000,1,True,Portuguese Grand Prix
4,64.0,0 days 00:01:20.450000,1,True,Portuguese Grand Prix
4,65.0,0 days 00:01:19.360000,1,True,Portuguese Grand Prix
63,1.0,0 days 00:01:41.407000,2,False,Portuguese Grand Prix
63,2.0,0 days 00:01:30.752000,1,True,Portuguese Grand Prix
63,3.0,0 days 00:01:26.337000,1,True,Portuguese Grand Prix
63,4.0,0 days 00:01:25.251000,1,True,Portuguese Grand Prix
63,5.0,0 days 00:01:23.914000,1,True,Portuguese Grand Prix
63,6.0,0 days 00:01:23.729000,1,True,Portuguese Grand Prix
63,7.0,0 days 00:01:23.650000,1,True,Portuguese Grand Prix
63,8.0,0 days 00:01:24.076000,1,True,Portuguese Grand Prix
63,9.0,0 days 00:01:24.013000,1,True,Portuguese Grand Prix
63,10.0,0 days 00:01:24.184000,1,True,Portuguese Grand Prix
63,11.0,0 days 00:01:24.198000,1,True,Portuguese Grand Prix
63,12.0,0 days 00:01:24.228000,1,True,Portuguese Grand Prix
63,13.0,0 days 00:01:24.893000,1,True,Portuguese Grand Prix
63,14.0,0 days 00:01:24.704000,1,True,Portuguese Grand Prix
63,15.0,0 days 00:01:23.851000,1,True,Portuguese Grand Prix
63,16.0,0 days 00:01:23.904000,1,True,Portuguese Grand Prix
63,17.0,0 days 00:01:23.774000,1,True,Portuguese Grand Prix
63,18.0,0 days 00:01:24.045000,1,True,Portuguese Grand Prix
63,19.0,0 days 00:01:22.887000,1,True,Portuguese Grand Prix
63,20.0,0 days 00:01:23.268000,1,True,Portuguese Grand Prix
63,21.0,0 days 00:01:23.658000,1,True,Portuguese Grand Prix
63,22.0,0 days 00:01:23.226000,1,True,Portuguese Grand Prix
63,23.0,0 days 00:01:23.112000,1,True,Portuguese Grand Prix
63,24.0,0 days 00:01:23.184000,1,True,Portuguese Grand Prix
63,25.0,0 days 00:01:23.952000,1,True,Portuguese Grand Prix
63,26.0,0 days 00:01:23.205000,1,True,Portuguese Grand Prix
63,27.0,0 days 00:01:23.666000,1,True,Portuguese Grand Prix
63,28.0,0 days 00:01:22.824000,1,True,Portuguese Grand Prix
63,29.0,0 days 00:01:22.948000,1,True,Portuguese Grand Prix
63,30.0,0 days 00:01:22.668000,1,True,Portuguese Grand Prix
63,31.0,0 days 00:01:22.763000,1,True,Portuguese Grand Prix
63,32.0,0 days 00:01:22.864000,1,True,Portuguese Grand Prix
63,33.0,0 days 00:01:22.509000,1,True,Portuguese Grand Prix
63,34.0,0 days 00:01:23.006000,1,True,Portuguese Grand Prix
63,35.0,0 days 00:01:23.337000,1,True,Portuguese Grand Prix
63,36.0,0 days 00:01:27.433000,1,False,Portuguese Grand Prix
63,37.0,0 days 00:01:53.167000,1,False,Portuguese Grand Prix
63,38.0,0 days 00:01:22.841000,1,True,Portuguese Grand Prix
63,39.0,0 days 00:01:22.392000,1,True,Portuguese Grand Prix
63,40.0,0 days 00:01:21.887000,1,True,Portuguese Grand Prix
63,41.0,0 days 00:01:23.321000,1,True,Portuguese Grand Prix
63,42.0,0 days 00:01:22.110000,1,True,Portuguese Grand Prix
63,43.0,0 days 00:01:23.065000,1,True,Portuguese Grand Prix
63,44.0,0 days 00:01:23.956000,1,True,Portuguese Grand Prix
63,45.0,0 days 00:01:22.303000,1,True,Portuguese Grand Prix
63,46.0,0 days 00:01:21.861000,1,True,Portuguese Grand Prix
63,47.0,0 days 00:01:22.522000,1,True,Portuguese Grand Prix
63,48.0,0 days 00:01:24.205000,1,True,Portuguese Grand Prix
63,49.0,0 days 00:01:23.007000,1,True,Portuguese Grand Prix
63,50.0,0 days 00:01:22.195000,1,True,Portuguese Grand Prix
63,51.0,0 days 00:01:21.469000,1,True,Portuguese Grand Prix
63,52.0,0 days 00:01:22.242000,1,True,Portuguese Grand Prix
63,53.0,0 days 00:01:21.943000,1,True,Portuguese Grand Prix
63,54.0,0 days 00:01:21.662000,1,True,Portuguese Grand Prix
63,55.0,0 days 00:01:21.515000,1,True,Portuguese Grand Prix
63,56.0,0 days 00:01:21.865000,1,True,Portuguese Grand Prix
63,57.0,0 days 00:01:21.563000,1,True,Portuguese Grand Prix
63,58.0,0 days 00:01:23.867000,1,True,Portuguese Grand Prix
63,59.0,0 days 00:01:21.943000,1,True,Portuguese Grand Prix
63,60.0,0 days 00:01:21.478000,1,True,Portuguese Grand Prix
63,61.0,0 days 00:01:20.884000,1,True,Portuguese Grand Prix
63,62.0,0 days 00:01:20.882000,1,True,Portuguese Grand Prix
63,63.0,0 days 00:01:21.047000,1,True,Portuguese Grand Prix
63,64.0,0 days 00:01:21.019000,1,True,Portuguese Grand Prix
63,65.0,0 days 00:01:21.410000,1,True,Portuguese Grand Prix
99,1.0,0 days 00:01:41.422000,2,False,Portuguese Grand Prix
99,2.0,0 days 00:01:31.390000,1,True,Portuguese Grand Prix
99,3.0,0 days 00:01:26.635000,1,True,Portuguese Grand Prix
99,4.0,0 days 00:01:25.466000,1,True,Portuguese Grand Prix
99,5.0,0 days 00:01:23.742000,1,True,Portuguese Grand Prix
99,6.0,0 days 00:01:23.586000,1,True,Portuguese Grand Prix
99,7.0,0 days 00:01:23.366000,1,True,Portuguese Grand Prix
99,8.0,0 days 00:01:24.182000,1,True,Portuguese Grand Prix
99,9.0,0 days 00:01:23.950000,1,True,Portuguese Grand Prix
99,10.0,0 days 00:01:23.963000,1,True,Portuguese Grand Prix
99,11.0,0 days 00:01:24.459000,1,True,Portuguese Grand Prix
99,12.0,0 days 00:01:25.013000,1,True,Portuguese Grand Prix
99,13.0,0 days 00:01:24.469000,1,True,Portuguese Grand Prix
99,14.0,0 days 00:01:24.337000,1,True,Portuguese Grand Prix
99,15.0,0 days 00:01:24.080000,1,True,Portuguese Grand Prix
99,16.0,0 days 00:01:23.827000,1,True,Portuguese Grand Prix
99,17.0,0 days 00:01:23.651000,1,True,Portuguese Grand Prix
99,18.0,0 days 00:01:24.181000,1,True,Portuguese Grand Prix
99,19.0,0 days 00:01:23.215000,1,True,Portuguese Grand Prix
99,20.0,0 days 00:01:23.705000,1,True,Portuguese Grand Prix
99,21.0,0 days 00:01:23.989000,1,True,Portuguese Grand Prix
99,22.0,0 days 00:01:23.223000,1,True,Portuguese Grand Prix
99,23.0,0 days 00:01:24.759000,1,True,Portuguese Grand Prix
99,24.0,0 days 00:01:23.961000,1,True,Portuguese Grand Prix
99,25.0,0 days 00:01:23.442000,1,True,Portuguese Grand Prix
99,26.0,0 days 00:01:23.519000,1,True,Portuguese Grand Prix
99,27.0,0 days 00:01:23.831000,1,True,Portuguese Grand Prix
99,28.0,0 days 00:01:27.016000,1,False,Portuguese Grand Prix
99,29.0,0 days 00:01:47.791000,1,False,Portuguese Grand Prix
99,30.0,0 days 00:01:23.491000,1,True,Portuguese Grand Prix
99,31.0,0 days 00:01:22.769000,1,True,Portuguese Grand Prix
99,32.0,0 days 00:01:22.435000,1,True,Portuguese Grand Prix
99,33.0,0 days 00:01:22.321000,1,True,Portuguese Grand Prix
99,34.0,0 days 00:01:22.945000,1,True,Portuguese Grand Prix
99,35.0,0 days 00:01:22.598000,1,True,Portuguese Grand Prix
99,36.0,0 days 00:01:22.886000,1,True,Portuguese Grand Prix
99,37.0,0 days 00:01:23.815000,1,True,Portuguese Grand Prix
99,38.0,0 days 00:01:22.789000,1,True,Portuguese Grand Prix
99,39.0,0 days 00:01:22.420000,1,True,Portuguese Grand Prix
99,40.0,0 days 00:01:22.301000,1,True,Portuguese Grand Prix
99,41.0,0 days 00:01:22.825000,1,True,Portuguese Grand Prix
99,42.0,0 days 00:01:22.702000,1,True,Portuguese Grand Prix
99,43.0,0 days 00:01:22.447000,1,True,Portuguese Grand Prix
99,44.0,0 days 00:01:24.095000,1,True,Portuguese Grand Prix
99,45.0,0 days 00:01:22.401000,1,True,Portuguese Grand Prix
99,46.0,0 days 00:01:21.893000,1,True,Portuguese Grand Prix
99,47.0,0 days 00:01:22.953000,1,True,Portuguese Grand Prix
99,48.0,0 days 00:01:24.180000,1,True,Portuguese Grand Prix
99,49.0,0 days 00:01:22.537000,1,True,Portuguese Grand Prix
99,50.0,0 days 00:01:22.872000,1,True,Portuguese Grand Prix
99,51.0,0 days 00:01:23.262000,1,True,Portuguese Grand Prix
99,52.0,0 days 00:01:22.375000,1,True,Portuguese Grand Prix
99,53.0,0 days 00:01:22.451000,1,True,Portuguese Grand Prix
99,54.0,0 days 00:01:22.452000,1,True,Portuguese Grand Prix
99,55.0,0 days 00:01:23.157000,1,True,Portuguese Grand Prix
99,56.0,0 days 00:01:22.475000,1,True,Portuguese Grand Prix
99,57.0,0 days 00:01:22.294000,1,True,Portuguese Grand Prix
99,58.0,0 days 00:01:22.254000,1,True,Portuguese Grand Prix
99,59.0,0 days 00:01:22.022000,1,True,Portuguese Grand Prix
99,60.0,0 days 00:01:24.005000,1,True,Portuguese Grand Prix
99,61.0,0 days 00:01:22.783000,1,True,Portuguese Grand Prix
99,62.0,0 days 00:01:22.038000,1,True,Portuguese Grand Prix
99,63.0,0 days 00:01:22.248000,1,True,Portuguese Grand Prix
99,64.0,0 days 00:01:21.995000,1,True,Portuguese Grand Prix
99,65.0,0 days 00:01:21.965000,1,True,Portuguese Grand Prix
20,1.0,0 days 00:01:42.744000,2,False,Portuguese Grand Prix
20,2.0,0 days 00:01:31.474000,1,True,Portuguese Grand Prix
20,3.0,0 days 00:01:27.604000,1,True,Portuguese Grand Prix
20,4.0,0 days 00:01:25.867000,1,True,Portuguese Grand Prix
20,5.0,0 days 00:01:26.385000,1,True,Portuguese Grand Prix
20,6.0,0 days 00:01:24.574000,1,True,Portuguese Grand Prix
20,7.0,0 days 00:01:24.628000,1,True,Portuguese Grand Prix
20,8.0,0 days 00:01:24.032000,1,True,Portuguese Grand Prix
20,9.0,0 days 00:01:24.188000,1,True,Portuguese Grand Prix
20,10.0,0 days 00:01:23.679000,1,True,Portuguese Grand Prix
20,11.0,0 days 00:01:23.575000,1,True,Portuguese Grand Prix
20,12.0,0 days 00:01:23.713000,1,True,Portuguese Grand Prix
20,13.0,0 days 00:01:23.094000,1,True,Portuguese Grand Prix
20,14.0,0 days 00:01:24.032000,1,True,Portuguese Grand Prix
20,15.0,0 days 00:01:24.580000,1,True,Portuguese Grand Prix
20,16.0,0 days 00:01:24.254000,1,True,Portuguese Grand Prix
20,17.0,0 days 00:01:24.084000,1,True,Portuguese Grand Prix
20,18.0,0 days 00:01:24.185000,1,True,Portuguese Grand Prix
20,19.0,0 days 00:01:24.025000,1,True,Portuguese Grand Prix
20,20.0,0 days 00:01:23.831000,1,True,Portuguese Grand Prix
20,21.0,0 days 00:01:23.727000,1,True,Portuguese Grand Prix
20,22.0,0 days 00:01:23.338000,1,True,Portuguese Grand Prix
20,23.0,0 days 00:01:23.362000,1,True,Portuguese Grand Prix
20,24.0,0 days 00:01:23.742000,1,True,Portuguese Grand Prix
20,25.0,0 days 00:01:23.614000,1,True,Portuguese Grand Prix
20,26.0,0 days 00:01:23.626000,1,True,Portuguese Grand Prix
20,27.0,0 days 00:01:23.972000,1,True,Portuguese Grand Prix
20,28.0,0 days 00:01:24.907000,1,True,Portuguese Grand Prix
20,29.0,0 days 00:01:23.688000,1,True,Portuguese Grand Prix
20,30.0,0 days 00:01:24.385000,1,True,Portuguese Grand Prix
20,31.0,0 days 00:01:27.858000,1,False,Portuguese Grand Prix
20,32.0,0 days 00:01:48.107000,1,False,Portuguese Grand Prix
20,33.0,0 days 00:01:23.837000,1,True,Portuguese Grand Prix
20,34.0,0 days 00:01:23.048000,1,True,Portuguese Grand Prix
20,35.0,0 days 00:01:24.100000,1,True,Portuguese Grand Prix
20,36.0,0 days 00:01:23.296000,1,True,Portuguese Grand Prix
20,37.0,0 days 00:01:23.719000,1,True,Portuguese Grand Prix
20,38.0,0 days 00:01:23.472000,1,True,Portuguese Grand Prix
20,39.0,0 days 00:01:22.755000,1,True,Portuguese Grand Prix
20,40.0,0 days 00:01:24.170000,1,True,Portuguese Grand Prix
20,41.0,0 days 00:01:22.625000,1,True,Portuguese Grand Prix
20,42.0,0 days 00:01:22.428000,1,True,Portuguese Grand Prix
20,43.0,0 days 00:01:22.504000,1,True,Portuguese Grand Prix
20,44.0,0 days 00:01:23.481000,1,True,Portuguese Grand Prix
20,45.0,0 days 00:01:22.354000,1,True,Portuguese Grand Prix
20,46.0,0 days 00:01:22.496000,1,True,Portuguese Grand Prix
20,47.0,0 days 00:01:22.308000,1,True,Portuguese Grand Prix
20,48.0,0 days 00:01:23.538000,1,True,Portuguese Grand Prix
20,49.0,0 days 00:01:22.218000,1,True,Portuguese Grand Prix
20,50.0,0 days 00:01:22.793000,1,True,Portuguese Grand Prix
20,51.0,0 days 00:01:22.188000,1,True,Portuguese Grand Prix
20,52.0,0 days 00:01:21.946000,1,True,Portuguese Grand Prix
20,53.0,0 days 00:01:21.917000,1,True,Portuguese Grand Prix
20,54.0,0 days 00:01:21.789000,1,True,Portuguese Grand Prix
20,55.0,0 days 00:01:21.721000,1,True,Portuguese Grand Prix
20,56.0,0 days 00:01:22.003000,1,True,Portuguese Grand Prix
20,57.0,0 days 00:01:22.367000,1,True,Portuguese Grand Prix
20,58.0,0 days 00:01:21.609000,1,True,Portuguese Grand Prix
20,59.0,0 days 00:01:21.667000,1,True,Portuguese Grand Prix
20,60.0,0 days 00:01:21.715000,1,True,Portuguese Grand Prix
20,61.0,0 days 00:01:21.478000,1,True,Portuguese Grand Prix
20,62.0,0 days 00:01:21.465000,1,True,Portuguese Grand Prix
20,63.0,0 days 00:01:21.460000,1,True,Portuguese Grand Prix
20,64.0,0 days 00:01:21.712000,1,True,Portuguese Grand Prix
20,65.0,0 days 00:01:21.822000,1,True,Portuguese Grand Prix
8,1.0,0 days 00:01:42.259000,2,False,Portuguese Grand Prix
8,2.0,0 days 00:01:30.640000,1,True,Portuguese Grand Prix
8,3.0,0 days 00:01:27.253000,1,True,Portuguese Grand Prix
8,4.0,0 days 00:01:25.324000,1,True,Portuguese Grand Prix
8,5.0,0 days 00:01:24.184000,1,True,Portuguese Grand Prix
8,6.0,0 days 00:01:23.674000,1,True,Portuguese Grand Prix
8,7.0,0 days 00:01:24.655000,1,True,Portuguese Grand Prix
8,8.0,0 days 00:01:24.229000,1,True,Portuguese Grand Prix
8,9.0,0 days 00:01:24.958000,1,True,Portuguese Grand Prix
8,10.0,0 days 00:01:24.612000,1,True,Portuguese Grand Prix
8,11.0,0 days 00:01:23.542000,1,True,Portuguese Grand Prix
8,12.0,0 days 00:01:24.391000,1,True,Portuguese Grand Prix
8,13.0,0 days 00:01:23.959000,1,True,Portuguese Grand Prix
8,14.0,0 days 00:01:24.404000,1,True,Portuguese Grand Prix
8,15.0,0 days 00:01:24.036000,1,True,Portuguese Grand Prix
8,16.0,0 days 00:01:24.621000,1,True,Portuguese Grand Prix
8,17.0,0 days 00:01:23.195000,1,True,Portuguese Grand Prix
8,18.0,0 days 00:01:23.767000,1,True,Portuguese Grand Prix
8,19.0,0 days 00:01:23.854000,1,True,Portuguese Grand Prix
8,20.0,0 days 00:01:23.675000,1,True,Portuguese Grand Prix
8,21.0,0 days 00:01:23.720000,1,True,Portuguese Grand Prix
8,22.0,0 days 00:01:23.201000,1,True,Portuguese Grand Prix
8,23.0,0 days 00:01:23.873000,1,True,Portuguese Grand Prix
8,24.0,0 days 00:01:23.430000,1,True,Portuguese Grand Prix
8,25.0,0 days 00:01:23.253000,1,True,Portuguese Grand Prix
8,26.0,0 days 00:01:27.519000,1,False,Portuguese Grand Prix
8,27.0,0 days 00:01:47.973000,1,False,Portuguese Grand Prix
8,28.0,0 days 00:01:23.814000,1,True,Portuguese Grand Prix
8,29.0,0 days 00:01:22.653000,1,True,Portuguese Grand Prix
8,30.0,0 days 00:01:24.050000,1,True,Portuguese Grand Prix
8,31.0,0 days 00:01:22.901000,1,True,Portuguese Grand Prix
8,32.0,0 days 00:01:22.877000,1,True,Portuguese Grand Prix
8,33.0,0 days 00:01:23.382000,1,True,Portuguese Grand Prix
8,34.0,0 days 00:01:23.261000,1,True,Portuguese Grand Prix
8,35.0,0 days 00:01:22.529000,1,True,Portuguese Grand Prix
8,36.0,0 days 00:01:22.989000,1,True,Portuguese Grand Prix
8,37.0,0 days 00:01:22.552000,1,True,Portuguese Grand Prix
8,38.0,0 days 00:01:23.231000,1,True,Portuguese Grand Prix
8,39.0,0 days 00:01:22.565000,1,True,Portuguese Grand Prix
8,40.0,0 days 00:01:22.486000,1,True,Portuguese Grand Prix
8,41.0,0 days 00:01:25.019000,1,True,Portuguese Grand Prix
8,42.0,0 days 00:01:23.239000,1,True,Portuguese Grand Prix
8,43.0,0 days 00:01:22.646000,1,True,Portuguese Grand Prix
8,44.0,0 days 00:01:22.588000,1,True,Portuguese Grand Prix
8,45.0,0 days 00:01:22.251000,1,True,Portuguese Grand Prix
8,46.0,0 days 00:01:24.521000,1,True,Portuguese Grand Prix
8,47.0,0 days 00:01:21.989000,1,True,Portuguese Grand Prix
8,48.0,0 days 00:01:22.040000,1,True,Portuguese Grand Prix
8,49.0,0 days 00:01:22.720000,1,True,Portuguese Grand Prix
8,50.0,0 days 00:01:22.255000,1,True,Portuguese Grand Prix
8,51.0,0 days 00:01:21.985000,1,True,Portuguese Grand Prix
8,52.0,0 days 00:01:22.678000,1,True,Portuguese Grand Prix
8,53.0,0 days 00:01:23.071000,1,True,Portuguese Grand Prix
8,54.0,0 days 00:01:22.115000,1,True,Portuguese Grand Prix
8,55.0,0 days 00:01:22.819000,1,True,Portuguese Grand Prix
8,56.0,0 days 00:01:22.675000,1,True,Portuguese Grand Prix
8,57.0,0 days 00:01:24.093000,1,True,Portuguese Grand Prix
8,58.0,0 days 00:01:22.120000,1,True,Portuguese Grand Prix
8,59.0,0 days 00:01:21.664000,1,True,Portuguese Grand Prix
8,60.0,0 days 00:01:21.868000,1,True,Portuguese Grand Prix
8,61.0,0 days 00:01:22.244000,1,True,Portuguese Grand Prix
8,62.0,0 days 00:01:21.819000,1,True,Portuguese Grand Prix
8,63.0,0 days 00:01:22.786000,1,True,Portuguese Grand Prix
8,64.0,0 days 00:01:21.775000,1,True,Portuguese Grand Prix
8,65.0,0 days 00:01:22.001000,1,True,Portuguese Grand Prix
6,1.0,0 days 00:01:42.799000,2,False,Portuguese Grand Prix
6,2.0,0 days 00:01:30.786000,1,True,Portuguese Grand Prix
6,3.0,0 days 00:01:27.829000,1,True,Portuguese Grand Prix
6,4.0,0 days 00:01:25.193000,1,True,Portuguese Grand Prix
6,5.0,0 days 00:01:25.061000,1,True,Portuguese Grand Prix
6,6.0,0 days 00:01:24.577000,1,True,Portuguese Grand Prix
6,7.0,0 days 00:01:25.431000,1,True,Portuguese Grand Prix
6,8.0,0 days 00:01:24.404000,1,True,Portuguese Grand Prix
6,9.0,0 days 00:01:24.616000,1,True,Portuguese Grand Prix
6,10.0,0 days 00:01:23.853000,1,True,Portuguese Grand Prix
6,11.0,0 days 00:01:23.639000,1,True,Portuguese Grand Prix
6,12.0,0 days 00:01:23.973000,1,True,Portuguese Grand Prix
6,13.0,0 days 00:01:25.672000,1,True,Portuguese Grand Prix
6,14.0,0 days 00:01:24.099000,1,True,Portuguese Grand Prix
6,15.0,0 days 00:01:24.167000,1,True,Portuguese Grand Prix
6,16.0,0 days 00:01:24.051000,1,True,Portuguese Grand Prix
6,17.0,0 days 00:01:23.896000,1,True,Portuguese Grand Prix
6,18.0,0 days 00:01:24.178000,1,True,Portuguese Grand Prix
6,19.0,0 days 00:01:23.866000,1,True,Portuguese Grand Prix
6,20.0,0 days 00:01:24.312000,1,True,Portuguese Grand Prix
6,21.0,0 days 00:01:23.886000,1,True,Portuguese Grand Prix
6,22.0,0 days 00:01:23.804000,1,True,Portuguese Grand Prix
6,23.0,0 days 00:01:23.614000,1,True,Portuguese Grand Prix
6,24.0,0 days 00:01:27.384000,1,False,Portuguese Grand Prix
6,25.0,0 days 00:01:46.986000,1,False,Portuguese Grand Prix
6,26.0,0 days 00:01:24.723000,1,True,Portuguese Grand Prix
6,27.0,0 days 00:01:23.955000,1,True,Portuguese Grand Prix
6,28.0,0 days 00:01:23.357000,1,True,Portuguese Grand Prix
6,29.0,0 days 00:01:23.029000,1,True,Portuguese Grand Prix
6,30.0,0 days 00:01:23.635000,1,True,Portuguese Grand Prix
6,31.0,0 days 00:01:24.284000,1,True,Portuguese Grand Prix
6,32.0,0 days 00:01:24.185000,1,True,Portuguese Grand Prix
6,33.0,0 days 00:01:22.636000,1,True,Portuguese Grand Prix
6,34.0,0 days 00:01:23.340000,1,True,Portuguese Grand Prix
6,35.0,0 days 00:01:23.921000,1,True,Portuguese Grand Prix
6,36.0,0 days 00:01:23.539000,1,True,Portuguese Grand Prix
6,37.0,0 days 00:01:23.910000,1,True,Portuguese Grand Prix
6,38.0,0 days 00:01:25.975000,1,True,Portuguese Grand Prix
6,39.0,0 days 00:01:24.376000,1,True,Portuguese Grand Prix
6,40.0,0 days 00:01:22.910000,1,True,Portuguese Grand Prix
6,41.0,0 days 00:01:22.818000,1,True,Portuguese Grand Prix
6,42.0,0 days 00:01:22.780000,1,True,Portuguese Grand Prix
6,43.0,0 days 00:01:22.803000,1,True,Portuguese Grand Prix
6,44.0,0 days 00:01:22.665000,1,True,Portuguese Grand Prix
6,45.0,0 days 00:01:22.630000,1,True,Portuguese Grand Prix
6,46.0,0 days 00:01:23.565000,1,True,Portuguese Grand Prix
6,47.0,0 days 00:01:22.077000,1,True,Portuguese Grand Prix
6,48.0,0 days 00:01:22.523000,1,True,Portuguese Grand Prix
6,49.0,0 days 00:01:22.337000,1,True,Portuguese Grand Prix
6,50.0,0 days 00:01:22.415000,1,True,Portuguese Grand Prix
6,51.0,0 days 00:01:22.339000,1,True,Portuguese Grand Prix
6,52.0,0 days 00:01:22.546000,1,True,Portuguese Grand Prix
6,53.0,0 days 00:01:21.859000,1,True,Portuguese Grand Prix
6,54.0,0 days 00:01:22.030000,1,True,Portuguese Grand Prix
6,55.0,0 days 00:01:22.715000,1,True,Portuguese Grand Prix
6,56.0,0 days 00:01:22.357000,1,True,Portuguese Grand Prix
6,57.0,0 days 00:01:22.127000,1,True,Portuguese Grand Prix
6,58.0,0 days 00:01:22.150000,1,True,Portuguese Grand Prix
6,59.0,0 days 00:01:22.321000,1,True,Portuguese Grand Prix
6,60.0,0 days 00:01:22.851000,1,True,Portuguese Grand Prix
6,61.0,0 days 00:01:22.552000,1,True,Portuguese Grand Prix
6,62.0,0 days 00:01:22.453000,1,True,Portuguese Grand Prix
6,63.0,0 days 00:01:23.571000,1,True,Portuguese Grand Prix
6,64.0,0 days 00:01:22.743000,1,True,Portuguese Grand Prix
26,1.0,0 days 00:01:43.591000,2,False,Portuguese Grand Prix
26,2.0,0 days 00:01:31.246000,1,True,Portuguese Grand Prix
26,3.0,0 days 00:01:27.981000,1,True,Portuguese Grand Prix
26,4.0,0 days 00:01:24.951000,1,True,Portuguese Grand Prix
26,5.0,0 days 00:01:24.324000,1,True,Portuguese Grand Prix
26,6.0,0 days 00:01:24.446000,1,True,Portuguese Grand Prix
26,7.0,0 days 00:01:22.838000,1,True,Portuguese Grand Prix
26,8.0,0 days 00:01:23.145000,1,True,Portuguese Grand Prix
26,9.0,0 days 00:01:22.903000,1,True,Portuguese Grand Prix
26,10.0,0 days 00:01:23.459000,1,True,Portuguese Grand Prix
26,11.0,0 days 00:01:24.553000,1,True,Portuguese Grand Prix
26,12.0,0 days 00:01:24.155000,1,True,Portuguese Grand Prix
26,13.0,0 days 00:01:24.431000,1,True,Portuguese Grand Prix
26,14.0,0 days 00:01:24.300000,1,True,Portuguese Grand Prix
26,15.0,0 days 00:01:24.254000,1,True,Portuguese Grand Prix
26,16.0,0 days 00:01:23.846000,1,True,Portuguese Grand Prix
26,17.0,0 days 00:01:23.869000,1,True,Portuguese Grand Prix
26,18.0,0 days 00:01:24.060000,1,True,Portuguese Grand Prix
26,19.0,0 days 00:01:23.622000,1,True,Portuguese Grand Prix
26,20.0,0 days 00:01:23.814000,1,True,Portuguese Grand Prix
26,21.0,0 days 00:01:24.565000,1,True,Portuguese Grand Prix
26,22.0,0 days 00:01:23.239000,1,True,Portuguese Grand Prix
26,23.0,0 days 00:01:23.463000,1,True,Portuguese Grand Prix
26,24.0,0 days 00:01:22.633000,1,True,Portuguese Grand Prix
26,25.0,0 days 00:01:26.608000,1,False,Portuguese Grand Prix
26,26.0,0 days 00:01:53.451000,1,False,Portuguese Grand Prix
26,27.0,0 days 00:01:24.647000,1,True,Portuguese Grand Prix
26,28.0,0 days 00:01:23.664000,1,True,Portuguese Grand Prix
26,29.0,0 days 00:01:23.449000,1,True,Portuguese Grand Prix
26,30.0,0 days 00:01:22.754000,1,True,Portuguese Grand Prix
26,31.0,0 days 00:01:22.855000,1,True,Portuguese Grand Prix
26,32.0,0 days 00:01:22.594000,1,True,Portuguese Grand Prix
26,33.0,0 days 00:01:22.440000,1,True,Portuguese Grand Prix
26,34.0,0 days 00:01:22.799000,1,True,Portuguese Grand Prix
26,35.0,0 days 00:01:22.300000,1,True,Portuguese Grand Prix
26,36.0,0 days 00:01:22.612000,1,True,Portuguese Grand Prix
26,37.0,0 days 00:01:22.708000,1,True,Portuguese Grand Prix
26,38.0,0 days 00:01:22.613000,1,True,Portuguese Grand Prix
26,39.0,0 days 00:01:22.485000,1,True,Portuguese Grand Prix
26,40.0,0 days 00:01:22.350000,1,True,Portuguese Grand Prix
26,41.0,0 days 00:01:23.194000,1,True,Portuguese Grand Prix
26,42.0,0 days 00:01:23.863000,1,True,Portuguese Grand Prix
26,43.0,0 days 00:01:22.391000,1,True,Portuguese Grand Prix
26,44.0,0 days 00:01:22.419000,1,True,Portuguese Grand Prix
26,45.0,0 days 00:01:21.645000,1,True,Portuguese Grand Prix
26,46.0,0 days 00:01:22.093000,1,True,Portuguese Grand Prix
26,47.0,0 days 00:01:23.572000,1,True,Portuguese Grand Prix
26,48.0,0 days 00:01:23.253000,1,True,Portuguese Grand Prix
26,49.0,0 days 00:01:22.490000,1,True,Portuguese Grand Prix
26,50.0,0 days 00:01:23.136000,1,True,Portuguese Grand Prix
26,51.0,0 days 00:01:22.086000,1,True,Portuguese Grand Prix
26,52.0,0 days 00:01:22.300000,1,True,Portuguese Grand Prix
26,53.0,0 days 00:01:22.763000,1,True,Portuguese Grand Prix
26,54.0,0 days 00:01:22.760000,1,True,Portuguese Grand Prix
26,55.0,0 days 00:01:26.581000,1,False,Portuguese Grand Prix
26,56.0,0 days 00:02:00.063000,1,False,Portuguese Grand Prix
26,57.0,0 days 00:01:28.027000,1,True,Portuguese Grand Prix
26,58.0,0 days 00:01:21.229000,1,True,Portuguese Grand Prix
26,59.0,0 days 00:01:20.449000,1,True,Portuguese Grand Prix
26,60.0,0 days 00:01:20.825000,1,True,Portuguese Grand Prix
26,61.0,0 days 00:01:24.906000,1,True,Portuguese Grand Prix
26,62.0,0 days 00:01:21.976000,1,True,Portuguese Grand Prix
26,63.0,0 days 00:01:21.268000,1,True,Portuguese Grand Prix
26,64.0,0 days 00:01:20.863000,1,True,Portuguese Grand Prix
18,1.0,0 days 00:01:41.139000,2,False,Portuguese Grand Prix
18,2.0,0 days 00:01:29.459000,1,True,Portuguese Grand Prix
18,3.0,0 days 00:01:25.267000,1,True,Portuguese Grand Prix
18,4.0,0 days 00:01:24.440000,1,True,Portuguese Grand Prix
18,5.0,0 days 00:01:23.430000,1,True,Portuguese Grand Prix
18,6.0,0 days 00:01:23.860000,1,True,Portuguese Grand Prix
18,7.0,0 days 00:01:23.346000,1,True,Portuguese Grand Prix
18,8.0,0 days 00:01:23.352000,1,True,Portuguese Grand Prix
18,9.0,0 days 00:01:24.314000,1,True,Portuguese Grand Prix
18,10.0,0 days 00:01:24.633000,1,True,Portuguese Grand Prix
18,11.0,0 days 00:01:23.160000,1,True,Portuguese Grand Prix
18,12.0,0 days 00:01:23.339000,1,True,Portuguese Grand Prix
18,13.0,0 days 00:01:22.708000,1,True,Portuguese Grand Prix
18,14.0,0 days 00:01:23.037000,1,True,Portuguese Grand Prix
18,15.0,0 days 00:01:23.440000,1,True,Portuguese Grand Prix
18,16.0,0 days 00:01:23.807000,1,True,Portuguese Grand Prix
18,17.0,0 days 00:01:23.369000,1,True,Portuguese Grand Prix
18,18.0,0 days 00:01:38.849000,1,False,Portuguese Grand Prix
18,19.0,0 days 00:01:56.458000,1,False,Portuguese Grand Prix
18,20.0,0 days 00:01:27.278000,1,True,Portuguese Grand Prix
18,21.0,0 days 00:01:23.993000,1,True,Portuguese Grand Prix
18,22.0,0 days 00:01:22.594000,1,True,Portuguese Grand Prix
18,23.0,0 days 00:01:22.515000,1,True,Portuguese Grand Prix
18,24.0,0 days 00:01:22.844000,1,True,Portuguese Grand Prix
18,25.0,0 days 00:01:22.904000,1,True,Portuguese Grand Prix
18,26.0,0 days 00:01:24.636000,1,True,Portuguese Grand Prix
18,27.0,0 days 00:01:23.935000,1,True,Portuguese Grand Prix
18,28.0,0 days 00:01:23.366000,1,True,Portuguese Grand Prix
18,29.0,0 days 00:01:22.961000,1,True,Portuguese Grand Prix
18,30.0,0 days 00:01:25.537000,1,True,Portuguese Grand Prix
18,31.0,0 days 00:01:22.947000,1,True,Portuguese Grand Prix
18,32.0,0 days 00:01:23.832000,1,True,Portuguese Grand Prix
18,33.0,0 days 00:01:22.793000,1,True,Portuguese Grand Prix
18,34.0,0 days 00:01:26.991000,1,False,Portuguese Grand Prix
18,35.0,0 days 00:01:55.574000,1,False,Portuguese Grand Prix
18,36.0,0 days 00:01:22.272000,1,True,Portuguese Grand Prix
18,37.0,0 days 00:01:22.359000,1,True,Portuguese Grand Prix
18,38.0,0 days 00:01:22.450000,1,True,Portuguese Grand Prix
18,39.0,0 days 00:01:22.283000,1,True,Portuguese Grand Prix
18,40.0,0 days 00:01:22.343000,1,True,Portuguese Grand Prix
18,41.0,0 days 00:01:21.920000,1,True,Portuguese Grand Prix
18,42.0,0 days 00:01:21.796000,1,True,Portuguese Grand Prix
18,43.0,0 days 00:01:22.058000,1,True,Portuguese Grand Prix
18,44.0,0 days 00:01:22.091000,1,True,Portuguese Grand Prix
18,45.0,0 days 00:01:21.694000,1,True,Portuguese Grand Prix
18,46.0,0 days 00:01:22.387000,1,True,Portuguese Grand Prix
18,47.0,0 days 00:01:21.763000,1,True,Portuguese Grand Prix
18,48.0,0 days 00:01:22.350000,1,True,Portuguese Grand Prix
18,49.0,0 days 00:01:22.301000,1,True,Portuguese Grand Prix
18,50.0,0 days 00:01:22.053000,1,True,Portuguese Grand Prix
18,51.0,0 days 00:01:26.268000,1,False,Portuguese Grand Prix
10,1.0,0 days 00:01:26.537000,2,False,Emilia Romagna Grand Prix
10,2.0,0 days 00:01:21.793000,1,True,Emilia Romagna Grand Prix
10,3.0,0 days 00:01:20.835000,1,True,Emilia Romagna Grand Prix
10,4.0,0 days 00:01:20.837000,1,True,Emilia Romagna Grand Prix
10,5.0,0 days 00:01:20.403000,1,True,Emilia Romagna Grand Prix
10,6.0,0 days 00:01:20.816000,1,True,Emilia Romagna Grand Prix
10,7.0,0 days 00:01:20.446000,1,True,Emilia Romagna Grand Prix
10,8.0,0 days 00:01:25.120000,1,False,Emilia Romagna Grand Prix
11,1.0,0 days 00:01:30.196000,2,False,Emilia Romagna Grand Prix
11,2.0,0 days 00:01:22.917000,1,True,Emilia Romagna Grand Prix
11,3.0,0 days 00:01:21.803000,1,True,Emilia Romagna Grand Prix
11,4.0,0 days 00:01:21.363000,1,True,Emilia Romagna Grand Prix
11,5.0,0 days 00:01:21.120000,1,True,Emilia Romagna Grand Prix
11,6.0,0 days 00:01:21.082000,1,True,Emilia Romagna Grand Prix
11,7.0,0 days 00:01:21.442000,1,True,Emilia Romagna Grand Prix
11,8.0,0 days 00:01:20.970000,1,True,Emilia Romagna Grand Prix
11,9.0,0 days 00:01:20.651000,1,True,Emilia Romagna Grand Prix
11,10.0,0 days 00:01:20.635000,1,True,Emilia Romagna Grand Prix
11,11.0,0 days 00:01:20.924000,1,True,Emilia Romagna Grand Prix
11,12.0,0 days 00:01:20.708000,1,True,Emilia Romagna Grand Prix
11,13.0,0 days 00:01:21.008000,1,True,Emilia Romagna Grand Prix
11,14.0,0 days 00:01:19.367000,1,True,Emilia Romagna Grand Prix
11,15.0,0 days 00:01:20.109000,1,True,Emilia Romagna Grand Prix
11,16.0,0 days 00:01:19.982000,1,True,Emilia Romagna Grand Prix
11,17.0,0 days 00:01:20.104000,1,True,Emilia Romagna Grand Prix
11,18.0,0 days 00:01:19.773000,1,True,Emilia Romagna Grand Prix
11,19.0,0 days 00:01:19.603000,1,True,Emilia Romagna Grand Prix
11,20.0,0 days 00:01:19.137000,1,True,Emilia Romagna Grand Prix
11,21.0,0 days 00:01:18.903000,1,True,Emilia Romagna Grand Prix
11,22.0,0 days 00:01:18.902000,1,True,Emilia Romagna Grand Prix
11,23.0,0 days 00:01:18.894000,1,True,Emilia Romagna Grand Prix
11,24.0,0 days 00:01:18.816000,1,True,Emilia Romagna Grand Prix
11,25.0,0 days 00:01:18.849000,1,True,Emilia Romagna Grand Prix
11,26.0,0 days 00:01:19.130000,1,True,Emilia Romagna Grand Prix
11,27.0,0 days 00:01:23.796000,1,False,Emilia Romagna Grand Prix
11,28.0,0 days 00:01:41.771000,2,False,Emilia Romagna Grand Prix
11,29.0,0 days 00:01:19.017000,2,True,Emilia Romagna Grand Prix
11,30.0,0 days 00:01:28.212000,267,False,Emilia Romagna Grand Prix
11,31.0,0 days 00:01:18.777000,1,True,Emilia Romagna Grand Prix
11,32.0,0 days 00:01:18.838000,1,True,Emilia Romagna Grand Prix
11,33.0,0 days 00:01:18.692000,1,True,Emilia Romagna Grand Prix
11,34.0,0 days 00:01:18.890000,1,True,Emilia Romagna Grand Prix
11,35.0,0 days 00:01:18.765000,1,True,Emilia Romagna Grand Prix
11,36.0,0 days 00:01:18.524000,1,True,Emilia Romagna Grand Prix
11,37.0,0 days 00:01:18.442000,1,True,Emilia Romagna Grand Prix
11,38.0,0 days 00:01:18.744000,1,True,Emilia Romagna Grand Prix
11,39.0,0 days 00:01:18.744000,1,True,Emilia Romagna Grand Prix
11,40.0,0 days 00:01:18.391000,1,True,Emilia Romagna Grand Prix
11,41.0,0 days 00:01:18.659000,1,True,Emilia Romagna Grand Prix
11,42.0,0 days 00:01:18.666000,1,True,Emilia Romagna Grand Prix
11,43.0,0 days 00:01:19.025000,1,True,Emilia Romagna Grand Prix
11,44.0,0 days 00:01:19.219000,1,True,Emilia Romagna Grand Prix
11,45.0,0 days 00:01:19.040000,1,True,Emilia Romagna Grand Prix
11,46.0,0 days 00:01:19.048000,1,True,Emilia Romagna Grand Prix
11,47.0,0 days 00:01:18.678000,1,True,Emilia Romagna Grand Prix
11,48.0,0 days 00:01:19.134000,1,True,Emilia Romagna Grand Prix
11,49.0,0 days 00:01:18.084000,1,True,Emilia Romagna Grand Prix
11,50.0,0 days 00:01:18.326000,2,True,Emilia Romagna Grand Prix
11,51.0,0 days 00:01:42.010000,24,False,Emilia Romagna Grand Prix
11,52.0,0 days 00:02:01.366000,4,False,Emilia Romagna Grand Prix
11,53.0,0 days 00:01:34.033000,4,False,Emilia Romagna Grand Prix
11,54.0,0 days 00:02:04.352000,4,False,Emilia Romagna Grand Prix
11,55.0,0 days 00:02:14.017000,4,False,Emilia Romagna Grand Prix
11,56.0,0 days 00:02:07.986000,4,False,Emilia Romagna Grand Prix
11,57.0,0 days 00:02:09.780000,4,False,Emilia Romagna Grand Prix
11,58.0,0 days 00:01:21.416000,2,False,Emilia Romagna Grand Prix
11,59.0,0 days 00:01:19.379000,1,True,Emilia Romagna Grand Prix
11,60.0,0 days 00:01:18.858000,1,True,Emilia Romagna Grand Prix
11,61.0,0 days 00:01:18.386000,1,True,Emilia Romagna Grand Prix
11,62.0,0 days 00:01:18.110000,1,True,Emilia Romagna Grand Prix
11,63.0,0 days 00:01:18.519000,1,True,Emilia Romagna Grand Prix
16,1.0,0 days 00:01:27.074000,2,False,Emilia Romagna Grand Prix
16,2.0,0 days 00:01:22.058000,1,True,Emilia Romagna Grand Prix
16,3.0,0 days 00:01:21.592000,1,True,Emilia Romagna Grand Prix
16,4.0,0 days 00:01:20.850000,1,True,Emilia Romagna Grand Prix
16,5.0,0 days 00:01:20.815000,1,True,Emilia Romagna Grand Prix
16,6.0,0 days 00:01:20.638000,1,True,Emilia Romagna Grand Prix
16,7.0,0 days 00:01:20.753000,1,True,Emilia Romagna Grand Prix
16,8.0,0 days 00:01:20.639000,1,True,Emilia Romagna Grand Prix
16,9.0,0 days 00:01:20.710000,1,True,Emilia Romagna Grand Prix
16,10.0,0 days 00:01:20.438000,1,True,Emilia Romagna Grand Prix
16,11.0,0 days 00:01:20.403000,1,True,Emilia Romagna Grand Prix
16,12.0,0 days 00:01:20.494000,1,True,Emilia Romagna Grand Prix
16,13.0,0 days 00:01:24.915000,1,False,Emilia Romagna Grand Prix
16,14.0,0 days 00:01:44.016000,1,False,Emilia Romagna Grand Prix
16,15.0,0 days 00:01:21.189000,1,True,Emilia Romagna Grand Prix
16,16.0,0 days 00:01:20.770000,1,True,Emilia Romagna Grand Prix
16,17.0,0 days 00:01:20.186000,1,True,Emilia Romagna Grand Prix
16,18.0,0 days 00:01:20.005000,1,True,Emilia Romagna Grand Prix
16,19.0,0 days 00:01:20.201000,1,True,Emilia Romagna Grand Prix
16,20.0,0 days 00:01:19.937000,1,True,Emilia Romagna Grand Prix
16,21.0,0 days 00:01:19.714000,1,True,Emilia Romagna Grand Prix
16,22.0,0 days 00:01:19.867000,1,True,Emilia Romagna Grand Prix
16,23.0,0 days 00:01:19.407000,1,True,Emilia Romagna Grand Prix
16,24.0,0 days 00:01:19.471000,1,True,Emilia Romagna Grand Prix
16,25.0,0 days 00:01:19.943000,1,True,Emilia Romagna Grand Prix
16,26.0,0 days 00:01:20.284000,1,True,Emilia Romagna Grand Prix
16,27.0,0 days 00:01:20.792000,1,True,Emilia Romagna Grand Prix
16,28.0,0 days 00:01:19.350000,2,True,Emilia Romagna Grand Prix
16,29.0,0 days 00:01:19.748000,2,True,Emilia Romagna Grand Prix
16,30.0,0 days 00:01:29.709000,267,False,Emilia Romagna Grand Prix
16,31.0,0 days 00:01:19.269000,1,True,Emilia Romagna Grand Prix
16,32.0,0 days 00:01:19.167000,1,True,Emilia Romagna Grand Prix
16,33.0,0 days 00:01:19.062000,1,True,Emilia Romagna Grand Prix
16,34.0,0 days 00:01:19.202000,1,True,Emilia Romagna Grand Prix
16,35.0,0 days 00:01:19.028000,1,True,Emilia Romagna Grand Prix
16,36.0,0 days 00:01:18.817000,1,True,Emilia Romagna Grand Prix
16,37.0,0 days 00:01:18.874000,1,True,Emilia Romagna Grand Prix
16,38.0,0 days 00:01:18.859000,1,True,Emilia Romagna Grand Prix
16,39.0,0 days 00:01:18.764000,1,True,Emilia Romagna Grand Prix
16,40.0,0 days 00:01:18.817000,1,True,Emilia Romagna Grand Prix
16,41.0,0 days 00:01:19.153000,1,True,Emilia Romagna Grand Prix
16,42.0,0 days 00:01:18.784000,1,True,Emilia Romagna Grand Prix
16,43.0,0 days 00:01:18.874000,1,True,Emilia Romagna Grand Prix
16,44.0,0 days 00:01:18.681000,1,True,Emilia Romagna Grand Prix
16,45.0,0 days 00:01:18.767000,1,True,Emilia Romagna Grand Prix
16,46.0,0 days 00:01:18.728000,1,True,Emilia Romagna Grand Prix
16,47.0,0 days 00:01:18.727000,1,True,Emilia Romagna Grand Prix
16,48.0,0 days 00:01:18.934000,1,True,Emilia Romagna Grand Prix
16,49.0,0 days 00:01:18.688000,1,True,Emilia Romagna Grand Prix
16,50.0,0 days 00:01:18.556000,2,True,Emilia Romagna Grand Prix
16,51.0,0 days 00:01:41.293000,24,False,Emilia Romagna Grand Prix
16,52.0,0 days 00:01:42.443000,4,False,Emilia Romagna Grand Prix
16,53.0,0 days 00:01:36.598000,4,False,Emilia Romagna Grand Prix
16,54.0,0 days 00:02:09.724000,4,False,Emilia Romagna Grand Prix
16,55.0,0 days 00:02:14.215000,4,False,Emilia Romagna Grand Prix
16,56.0,0 days 00:02:08.057000,4,False,Emilia Romagna Grand Prix
16,57.0,0 days 00:02:10.261000,4,False,Emilia Romagna Grand Prix
16,58.0,0 days 00:01:22.164000,2,False,Emilia Romagna Grand Prix
16,59.0,0 days 00:01:19.236000,1,True,Emilia Romagna Grand Prix
16,60.0,0 days 00:01:18.826000,1,True,Emilia Romagna Grand Prix
16,61.0,0 days 00:01:18.235000,1,True,Emilia Romagna Grand Prix
16,62.0,0 days 00:01:18.173000,1,True,Emilia Romagna Grand Prix
16,63.0,0 days 00:01:18.597000,1,True,Emilia Romagna Grand Prix
18,1.0,0 days 00:01:41.716000,2,False,Emilia Romagna Grand Prix
18,2.0,0 days 00:01:50.507000,1,False,Emilia Romagna Grand Prix
18,3.0,0 days 00:01:21.207000,1,True,Emilia Romagna Grand Prix
18,4.0,0 days 00:01:20.837000,1,True,Emilia Romagna Grand Prix
18,5.0,0 days 00:01:20.790000,1,True,Emilia Romagna Grand Prix
18,6.0,0 days 00:01:20.817000,1,True,Emilia Romagna Grand Prix
18,7.0,0 days 00:01:20.858000,1,True,Emilia Romagna Grand Prix
18,8.0,0 days 00:01:20.586000,1,True,Emilia Romagna Grand Prix
18,9.0,0 days 00:01:20.363000,1,True,Emilia Romagna Grand Prix
18,10.0,0 days 00:01:21.302000,1,True,Emilia Romagna Grand Prix
18,11.0,0 days 00:01:20.671000,1,True,Emilia Romagna Grand Prix
18,12.0,0 days 00:01:20.222000,1,True,Emilia Romagna Grand Prix
18,13.0,0 days 00:01:20.016000,1,True,Emilia Romagna Grand Prix
18,14.0,0 days 00:01:19.973000,1,True,Emilia Romagna Grand Prix
18,15.0,0 days 00:01:20.160000,1,True,Emilia Romagna Grand Prix
18,16.0,0 days 00:01:19.973000,1,True,Emilia Romagna Grand Prix
18,17.0,0 days 00:01:19.990000,1,True,Emilia Romagna Grand Prix
18,18.0,0 days 00:01:20.339000,1,True,Emilia Romagna Grand Prix
18,19.0,0 days 00:01:20.059000,1,True,Emilia Romagna Grand Prix
18,20.0,0 days 00:01:21.133000,1,True,Emilia Romagna Grand Prix
18,21.0,0 days 00:01:20.250000,1,True,Emilia Romagna Grand Prix
18,22.0,0 days 00:01:20.283000,1,True,Emilia Romagna Grand Prix
18,23.0,0 days 00:01:20.239000,1,True,Emilia Romagna Grand Prix
18,24.0,0 days 00:01:20.218000,1,True,Emilia Romagna Grand Prix
18,25.0,0 days 00:01:21.933000,1,True,Emilia Romagna Grand Prix
18,26.0,0 days 00:01:20.437000,1,True,Emilia Romagna Grand Prix
18,27.0,0 days 00:01:19.952000,1,True,Emilia Romagna Grand Prix
18,28.0,0 days 00:01:19.842000,2,True,Emilia Romagna Grand Prix
18,29.0,0 days 00:01:30.597000,267,False,Emilia Romagna Grand Prix
18,30.0,0 days 00:01:42.618000,7,False,Emilia Romagna Grand Prix
18,31.0,0 days 00:01:19.007000,1,True,Emilia Romagna Grand Prix
18,32.0,0 days 00:01:19.035000,1,True,Emilia Romagna Grand Prix
18,33.0,0 days 00:01:18.930000,1,True,Emilia Romagna Grand Prix
18,34.0,0 days 00:01:19.080000,1,True,Emilia Romagna Grand Prix
18,35.0,0 days 00:01:19.197000,1,True,Emilia Romagna Grand Prix
18,36.0,0 days 00:01:18.586000,1,True,Emilia Romagna Grand Prix
18,37.0,0 days 00:01:18.913000,1,True,Emilia Romagna Grand Prix
18,38.0,0 days 00:01:18.774000,1,True,Emilia Romagna Grand Prix
18,39.0,0 days 00:01:18.776000,1,True,Emilia Romagna Grand Prix
18,40.0,0 days 00:01:18.683000,1,True,Emilia Romagna Grand Prix
18,41.0,0 days 00:01:18.613000,1,True,Emilia Romagna Grand Prix
18,42.0,0 days 00:01:18.614000,1,True,Emilia Romagna Grand Prix
18,43.0,0 days 00:01:18.574000,1,True,Emilia Romagna Grand Prix
18,44.0,0 days 00:01:18.538000,1,True,Emilia Romagna Grand Prix
18,45.0,0 days 00:01:18.645000,1,True,Emilia Romagna Grand Prix
18,46.0,0 days 00:01:18.360000,1,True,Emilia Romagna Grand Prix
18,47.0,0 days 00:01:18.402000,1,True,Emilia Romagna Grand Prix
18,48.0,0 days 00:01:18.879000,1,True,Emilia Romagna Grand Prix
18,49.0,0 days 00:01:18.865000,1,True,Emilia Romagna Grand Prix
18,50.0,0 days 00:01:34.178000,24,False,Emilia Romagna Grand Prix
18,51.0,0 days 00:01:43.009000,4,False,Emilia Romagna Grand Prix
18,52.0,0 days 00:02:10.121000,4,False,Emilia Romagna Grand Prix
18,53.0,0 days 00:02:25.144000,4,False,Emilia Romagna Grand Prix
18,54.0,0 days 00:02:11.659000,4,False,Emilia Romagna Grand Prix
18,55.0,0 days 00:01:25.168000,4,False,Emilia Romagna Grand Prix
18,56.0,0 days 00:01:19.616000,4,False,Emilia Romagna Grand Prix
18,57.0,0 days 00:01:37.466000,4,False,Emilia Romagna Grand Prix
18,58.0,0 days 00:01:23.195000,2,False,Emilia Romagna Grand Prix
18,59.0,0 days 00:01:21.187000,1,True,Emilia Romagna Grand Prix
18,60.0,0 days 00:01:19.260000,1,True,Emilia Romagna Grand Prix
18,61.0,0 days 00:01:19.269000,1,True,Emilia Romagna Grand Prix
18,62.0,0 days 00:01:19.179000,1,True,Emilia Romagna Grand Prix
18,63.0,0 days 00:01:18.783000,1,True,Emilia Romagna Grand Prix
20,1.0,0 days 00:01:52.258000,2,False,Emilia Romagna Grand Prix
20,2.0,0 days 00:01:21.583000,1,True,Emilia Romagna Grand Prix
20,3.0,0 days 00:01:23.031000,1,True,Emilia Romagna Grand Prix
20,4.0,0 days 00:01:20.710000,1,True,Emilia Romagna Grand Prix
20,5.0,0 days 00:01:20.617000,1,True,Emilia Romagna Grand Prix
20,6.0,0 days 00:01:20.687000,1,True,Emilia Romagna Grand Prix
20,7.0,0 days 00:01:20.533000,1,True,Emilia Romagna Grand Prix
20,8.0,0 days 00:01:21.044000,1,True,Emilia Romagna Grand Prix
20,9.0,0 days 00:01:20.338000,1,True,Emilia Romagna Grand Prix
20,10.0,0 days 00:01:20.201000,1,True,Emilia Romagna Grand Prix
20,11.0,0 days 00:01:20.554000,1,True,Emilia Romagna Grand Prix
20,12.0,0 days 00:01:20.267000,1,True,Emilia Romagna Grand Prix
20,13.0,0 days 00:01:20.427000,1,True,Emilia Romagna Grand Prix
20,14.0,0 days 00:01:20.436000,1,True,Emilia Romagna Grand Prix
20,15.0,0 days 00:01:20.465000,1,True,Emilia Romagna Grand Prix
20,16.0,0 days 00:01:20.226000,1,True,Emilia Romagna Grand Prix
20,17.0,0 days 00:01:20.185000,1,True,Emilia Romagna Grand Prix
20,18.0,0 days 00:01:20.059000,1,True,Emilia Romagna Grand Prix
20,19.0,0 days 00:01:19.965000,1,True,Emilia Romagna Grand Prix
20,20.0,0 days 00:01:20.174000,1,True,Emilia Romagna Grand Prix
20,21.0,0 days 00:01:20.078000,1,True,Emilia Romagna Grand Prix
20,22.0,0 days 00:01:20.156000,1,True,Emilia Romagna Grand Prix
20,23.0,0 days 00:01:19.908000,1,True,Emilia Romagna Grand Prix
20,24.0,0 days 00:01:19.985000,1,True,Emilia Romagna Grand Prix
20,25.0,0 days 00:01:20.477000,1,True,Emilia Romagna Grand Prix
20,26.0,0 days 00:01:20.380000,1,True,Emilia Romagna Grand Prix
20,27.0,0 days 00:01:28.653000,1,False,Emilia Romagna Grand Prix
20,28.0,0 days 00:01:44.811000,2,False,Emilia Romagna Grand Prix
20,29.0,0 days 00:01:29.256000,267,False,Emilia Romagna Grand Prix
20,30.0,0 days 00:01:22.941000,1,True,Emilia Romagna Grand Prix
20,31.0,0 days 00:01:23.632000,1,True,Emilia Romagna Grand Prix
20,32.0,0 days 00:01:19.586000,1,True,Emilia Romagna Grand Prix
20,33.0,0 days 00:01:19.810000,1,True,Emilia Romagna Grand Prix
20,34.0,0 days 00:01:19.602000,1,True,Emilia Romagna Grand Prix
20,35.0,0 days 00:01:19.597000,1,True,Emilia Romagna Grand Prix
20,36.0,0 days 00:01:20.608000,1,True,Emilia Romagna Grand Prix
20,37.0,0 days 00:01:20.057000,1,True,Emilia Romagna Grand Prix
20,38.0,0 days 00:01:19.643000,1,True,Emilia Romagna Grand Prix
20,39.0,0 days 00:01:19.547000,1,True,Emilia Romagna Grand Prix
20,40.0,0 days 00:01:19.508000,1,True,Emilia Romagna Grand Prix
20,41.0,0 days 00:01:19.575000,1,True,Emilia Romagna Grand Prix
20,42.0,0 days 00:01:19.595000,1,True,Emilia Romagna Grand Prix
20,43.0,0 days 00:01:19.487000,1,True,Emilia Romagna Grand Prix
20,44.0,0 days 00:01:19.576000,1,True,Emilia Romagna Grand Prix
20,45.0,0 days 00:01:19.273000,1,True,Emilia Romagna Grand Prix
20,46.0,0 days 00:01:19.525000,1,True,Emilia Romagna Grand Prix
20,47.0,0 days 00:01:25.945000,1,False,Emilia Romagna Grand Prix
23,1.0,0 days 00:01:27.853000,2,False,Emilia Romagna Grand Prix
23,2.0,0 days 00:01:22.182000,1,True,Emilia Romagna Grand Prix
23,3.0,0 days 00:01:21.611000,1,True,Emilia Romagna Grand Prix
23,4.0,0 days 00:01:20.812000,1,True,Emilia Romagna Grand Prix
23,5.0,0 days 00:01:20.772000,1,True,Emilia Romagna Grand Prix
23,6.0,0 days 00:01:20.680000,1,True,Emilia Romagna Grand Prix
23,7.0,0 days 00:01:21.138000,1,True,Emilia Romagna Grand Prix
23,8.0,0 days 00:01:20.871000,1,True,Emilia Romagna Grand Prix
23,9.0,0 days 00:01:20.677000,1,True,Emilia Romagna Grand Prix
23,10.0,0 days 00:01:20.649000,1,True,Emilia Romagna Grand Prix
23,11.0,0 days 00:01:20.543000,1,True,Emilia Romagna Grand Prix
23,12.0,0 days 00:01:20.481000,1,True,Emilia Romagna Grand Prix
23,13.0,0 days 00:01:20.634000,1,True,Emilia Romagna Grand Prix
23,14.0,0 days 00:01:25.159000,1,False,Emilia Romagna Grand Prix
23,15.0,0 days 00:01:44.141000,1,False,Emilia Romagna Grand Prix
23,16.0,0 days 00:01:20.731000,1,True,Emilia Romagna Grand Prix
23,17.0,0 days 00:01:20.153000,1,True,Emilia Romagna Grand Prix
23,18.0,0 days 00:01:19.916000,1,True,Emilia Romagna Grand Prix
23,19.0,0 days 00:01:19.851000,1,True,Emilia Romagna Grand Prix
23,20.0,0 days 00:01:20.015000,1,True,Emilia Romagna Grand Prix
23,21.0,0 days 00:01:19.832000,1,True,Emilia Romagna Grand Prix
23,22.0,0 days 00:01:19.652000,1,True,Emilia Romagna Grand Prix
23,23.0,0 days 00:01:19.528000,1,True,Emilia Romagna Grand Prix
23,24.0,0 days 00:01:19.669000,1,True,Emilia Romagna Grand Prix
23,25.0,0 days 00:01:19.754000,1,True,Emilia Romagna Grand Prix
23,26.0,0 days 00:01:19.895000,1,True,Emilia Romagna Grand Prix
23,27.0,0 days 00:01:22.278000,1,True,Emilia Romagna Grand Prix
23,28.0,0 days 00:01:19.108000,2,True,Emilia Romagna Grand Prix
23,29.0,0 days 00:01:19.463000,26,False,Emilia Romagna Grand Prix
23,30.0,0 days 00:01:29.646000,67,False,Emilia Romagna Grand Prix
23,31.0,0 days 00:01:19.100000,1,True,Emilia Romagna Grand Prix
23,32.0,0 days 00:01:19.229000,1,True,Emilia Romagna Grand Prix
23,33.0,0 days 00:01:19.292000,1,True,Emilia Romagna Grand Prix
23,34.0,0 days 00:01:19.381000,1,True,Emilia Romagna Grand Prix
23,35.0,0 days 00:01:19.042000,1,True,Emilia Romagna Grand Prix
23,36.0,0 days 00:01:18.911000,1,True,Emilia Romagna Grand Prix
23,37.0,0 days 00:01:19.017000,1,True,Emilia Romagna Grand Prix
23,38.0,0 days 00:01:18.972000,1,True,Emilia Romagna Grand Prix
23,39.0,0 days 00:01:18.720000,1,True,Emilia Romagna Grand Prix
23,40.0,0 days 00:01:18.747000,1,True,Emilia Romagna Grand Prix
23,41.0,0 days 00:01:18.955000,1,True,Emilia Romagna Grand Prix
23,42.0,0 days 00:01:18.772000,1,True,Emilia Romagna Grand Prix
23,43.0,0 days 00:01:18.638000,1,True,Emilia Romagna Grand Prix
23,44.0,0 days 00:01:18.742000,1,True,Emilia Romagna Grand Prix
23,45.0,0 days 00:01:18.568000,1,True,Emilia Romagna Grand Prix
23,46.0,0 days 00:01:18.715000,1,True,Emilia Romagna Grand Prix
23,47.0,0 days 00:01:18.669000,1,True,Emilia Romagna Grand Prix
23,48.0,0 days 00:01:18.717000,1,True,Emilia Romagna Grand Prix
23,49.0,0 days 00:01:18.769000,1,True,Emilia Romagna Grand Prix
23,50.0,0 days 00:01:18.448000,2,True,Emilia Romagna Grand Prix
23,51.0,0 days 00:01:41.125000,24,False,Emilia Romagna Grand Prix
23,52.0,0 days 00:01:42.134000,4,False,Emilia Romagna Grand Prix
23,53.0,0 days 00:01:36.571000,4,False,Emilia Romagna Grand Prix
23,54.0,0 days 00:02:10.120000,4,False,Emilia Romagna Grand Prix
23,55.0,0 days 00:02:13.967000,4,False,Emilia Romagna Grand Prix
23,56.0,0 days 00:02:07.940000,4,False,Emilia Romagna Grand Prix
23,57.0,0 days 00:02:10.374000,4,False,Emilia Romagna Grand Prix
23,58.0,0 days 00:01:32.654000,2,False,Emilia Romagna Grand Prix
23,59.0,0 days 00:01:24.803000,1,False,Emilia Romagna Grand Prix
23,60.0,0 days 00:01:42.008000,1,False,Emilia Romagna Grand Prix
23,61.0,0 days 00:01:16.495000,1,True,Emilia Romagna Grand Prix
23,62.0,0 days 00:01:20.248000,1,True,Emilia Romagna Grand Prix
23,63.0,0 days 00:01:16.177000,1,True,Emilia Romagna Grand Prix
26,1.0,0 days 00:01:28.537000,2,False,Emilia Romagna Grand Prix
26,2.0,0 days 00:01:22.177000,1,True,Emilia Romagna Grand Prix
26,3.0,0 days 00:01:21.805000,1,True,Emilia Romagna Grand Prix
26,4.0,0 days 00:01:20.898000,1,True,Emilia Romagna Grand Prix
26,5.0,0 days 00:01:20.950000,1,True,Emilia Romagna Grand Prix
26,6.0,0 days 00:01:20.678000,1,True,Emilia Romagna Grand Prix
26,7.0,0 days 00:01:20.864000,1,True,Emilia Romagna Grand Prix
26,8.0,0 days 00:01:20.888000,1,True,Emilia Romagna Grand Prix
26,9.0,0 days 00:01:20.828000,1,True,Emilia Romagna Grand Prix
26,10.0,0 days 00:01:20.710000,1,True,Emilia Romagna Grand Prix
26,11.0,0 days 00:01:20.341000,1,True,Emilia Romagna Grand Prix
26,12.0,0 days 00:01:20.458000,1,True,Emilia Romagna Grand Prix
26,13.0,0 days 00:01:20.659000,1,True,Emilia Romagna Grand Prix
26,14.0,0 days 00:01:25.002000,1,False,Emilia Romagna Grand Prix
26,15.0,0 days 00:01:44.736000,1,False,Emilia Romagna Grand Prix
26,16.0,0 days 00:01:20.057000,1,True,Emilia Romagna Grand Prix
26,17.0,0 days 00:01:20.421000,1,True,Emilia Romagna Grand Prix
26,18.0,0 days 00:01:19.921000,1,True,Emilia Romagna Grand Prix
26,19.0,0 days 00:01:19.851000,1,True,Emilia Romagna Grand Prix
26,20.0,0 days 00:01:20.098000,1,True,Emilia Romagna Grand Prix
26,21.0,0 days 00:01:19.920000,1,True,Emilia Romagna Grand Prix
26,22.0,0 days 00:01:19.714000,1,True,Emilia Romagna Grand Prix
26,23.0,0 days 00:01:19.704000,1,True,Emilia Romagna Grand Prix
26,24.0,0 days 00:01:19.528000,1,True,Emilia Romagna Grand Prix
26,25.0,0 days 00:01:19.674000,1,True,Emilia Romagna Grand Prix
26,26.0,0 days 00:01:19.858000,1,True,Emilia Romagna Grand Prix
26,27.0,0 days 00:01:21.769000,1,True,Emilia Romagna Grand Prix
26,28.0,0 days 00:01:19.583000,2,True,Emilia Romagna Grand Prix
26,29.0,0 days 00:01:19.691000,26,False,Emilia Romagna Grand Prix
26,30.0,0 days 00:01:32.126000,67,False,Emilia Romagna Grand Prix
26,31.0,0 days 00:01:19.450000,1,True,Emilia Romagna Grand Prix
26,32.0,0 days 00:01:19.115000,1,True,Emilia Romagna Grand Prix
26,33.0,0 days 00:01:19.054000,1,True,Emilia Romagna Grand Prix
26,34.0,0 days 00:01:19.055000,1,True,Emilia Romagna Grand Prix
26,35.0,0 days 00:01:18.934000,1,True,Emilia Romagna Grand Prix
26,36.0,0 days 00:01:18.720000,1,True,Emilia Romagna Grand Prix
26,37.0,0 days 00:01:18.611000,1,True,Emilia Romagna Grand Prix
26,38.0,0 days 00:01:18.751000,1,True,Emilia Romagna Grand Prix
26,39.0,0 days 00:01:18.631000,1,True,Emilia Romagna Grand Prix
26,40.0,0 days 00:01:18.580000,1,True,Emilia Romagna Grand Prix
26,41.0,0 days 00:01:18.549000,1,True,Emilia Romagna Grand Prix
26,42.0,0 days 00:01:18.508000,1,True,Emilia Romagna Grand Prix
26,43.0,0 days 00:01:18.658000,1,True,Emilia Romagna Grand Prix
26,44.0,0 days 00:01:18.543000,1,True,Emilia Romagna Grand Prix
26,45.0,0 days 00:01:18.524000,1,True,Emilia Romagna Grand Prix
26,46.0,0 days 00:01:18.678000,1,True,Emilia Romagna Grand Prix
26,47.0,0 days 00:01:18.678000,1,True,Emilia Romagna Grand Prix
26,48.0,0 days 00:01:18.623000,1,True,Emilia Romagna Grand Prix
26,49.0,0 days 00:01:18.723000,1,True,Emilia Romagna Grand Prix
26,50.0,0 days 00:01:18.411000,2,True,Emilia Romagna Grand Prix
26,51.0,0 days 00:01:45.562000,24,False,Emilia Romagna Grand Prix
26,52.0,0 days 00:01:59.353000,4,False,Emilia Romagna Grand Prix
26,53.0,0 days 00:01:29.686000,4,False,Emilia Romagna Grand Prix
26,54.0,0 days 00:01:58.101000,4,False,Emilia Romagna Grand Prix
26,55.0,0 days 00:02:12.614000,4,False,Emilia Romagna Grand Prix
26,56.0,0 days 00:02:08.425000,4,False,Emilia Romagna Grand Prix
26,57.0,0 days 00:02:07.565000,4,False,Emilia Romagna Grand Prix
26,58.0,0 days 00:01:19.662000,2,False,Emilia Romagna Grand Prix
26,59.0,0 days 00:01:19.028000,1,True,Emilia Romagna Grand Prix
26,60.0,0 days 00:01:17.909000,1,True,Emilia Romagna Grand Prix
26,61.0,0 days 00:01:17.859000,1,True,Emilia Romagna Grand Prix
26,62.0,0 days 00:01:17.666000,1,True,Emilia Romagna Grand Prix
26,63.0,0 days 00:01:17.899000,1,True,Emilia Romagna Grand Prix
3,1.0,0 days 00:01:25.406000,2,False,Emilia Romagna Grand Prix
3,2.0,0 days 00:01:21.320000,1,True,Emilia Romagna Grand Prix
3,3.0,0 days 00:01:20.942000,1,True,Emilia Romagna Grand Prix
3,4.0,0 days 00:01:20.861000,1,True,Emilia Romagna Grand Prix
3,5.0,0 days 00:01:20.656000,1,True,Emilia Romagna Grand Prix
3,6.0,0 days 00:01:20.637000,1,True,Emilia Romagna Grand Prix
3,7.0,0 days 00:01:20.622000,1,True,Emilia Romagna Grand Prix
3,8.0,0 days 00:01:20.516000,1,True,Emilia Romagna Grand Prix
3,9.0,0 days 00:01:20.847000,1,True,Emilia Romagna Grand Prix
3,10.0,0 days 00:01:20.884000,1,True,Emilia Romagna Grand Prix
3,11.0,0 days 00:01:20.996000,1,True,Emilia Romagna Grand Prix
3,12.0,0 days 00:01:21.074000,1,True,Emilia Romagna Grand Prix
3,13.0,0 days 00:01:21.007000,1,True,Emilia Romagna Grand Prix
3,14.0,0 days 00:01:25.706000,1,False,Emilia Romagna Grand Prix
3,15.0,0 days 00:01:44.061000,1,False,Emilia Romagna Grand Prix
3,16.0,0 days 00:01:20.531000,1,True,Emilia Romagna Grand Prix
3,17.0,0 days 00:01:20.389000,1,True,Emilia Romagna Grand Prix
3,18.0,0 days 00:01:20.062000,1,True,Emilia Romagna Grand Prix
3,19.0,0 days 00:01:19.914000,1,True,Emilia Romagna Grand Prix
3,20.0,0 days 00:01:19.870000,1,True,Emilia Romagna Grand Prix
3,21.0,0 days 00:01:19.740000,1,True,Emilia Romagna Grand Prix
3,22.0,0 days 00:01:19.455000,1,True,Emilia Romagna Grand Prix
3,23.0,0 days 00:01:19.520000,1,True,Emilia Romagna Grand Prix
3,24.0,0 days 00:01:19.935000,1,True,Emilia Romagna Grand Prix
3,25.0,0 days 00:01:20.205000,1,True,Emilia Romagna Grand Prix
3,26.0,0 days 00:01:20.227000,1,True,Emilia Romagna Grand Prix
3,27.0,0 days 00:01:18.582000,1,True,Emilia Romagna Grand Prix
3,28.0,0 days 00:01:19.773000,2,True,Emilia Romagna Grand Prix
3,29.0,0 days 00:01:20.367000,2,True,Emilia Romagna Grand Prix
3,30.0,0 days 00:01:29.290000,267,False,Emilia Romagna Grand Prix
3,31.0,0 days 00:01:19.215000,1,True,Emilia Romagna Grand Prix
3,32.0,0 days 00:01:19.176000,1,True,Emilia Romagna Grand Prix
3,33.0,0 days 00:01:18.848000,1,True,Emilia Romagna Grand Prix
3,34.0,0 days 00:01:19.412000,1,True,Emilia Romagna Grand Prix
3,35.0,0 days 00:01:19.018000,1,True,Emilia Romagna Grand Prix
3,36.0,0 days 00:01:19.033000,1,True,Emilia Romagna Grand Prix
3,37.0,0 days 00:01:18.808000,1,True,Emilia Romagna Grand Prix
3,38.0,0 days 00:01:18.928000,1,True,Emilia Romagna Grand Prix
3,39.0,0 days 00:01:18.885000,1,True,Emilia Romagna Grand Prix
3,40.0,0 days 00:01:19.019000,1,True,Emilia Romagna Grand Prix
3,41.0,0 days 00:01:19.323000,1,True,Emilia Romagna Grand Prix
3,42.0,0 days 00:01:18.974000,1,True,Emilia Romagna Grand Prix
3,43.0,0 days 00:01:19.150000,1,True,Emilia Romagna Grand Prix
3,44.0,0 days 00:01:18.568000,1,True,Emilia Romagna Grand Prix
3,45.0,0 days 00:01:18.923000,1,True,Emilia Romagna Grand Prix
3,46.0,0 days 00:01:18.764000,1,True,Emilia Romagna Grand Prix
3,47.0,0 days 00:01:18.820000,1,True,Emilia Romagna Grand Prix
3,48.0,0 days 00:01:18.690000,1,True,Emilia Romagna Grand Prix
3,49.0,0 days 00:01:18.650000,1,True,Emilia Romagna Grand Prix
3,50.0,0 days 00:01:18.658000,2,True,Emilia Romagna Grand Prix
3,51.0,0 days 00:01:39.991000,24,False,Emilia Romagna Grand Prix
3,52.0,0 days 00:01:43.451000,4,False,Emilia Romagna Grand Prix
3,53.0,0 days 00:01:34.154000,4,False,Emilia Romagna Grand Prix
3,54.0,0 days 00:02:11.936000,4,False,Emilia Romagna Grand Prix
3,55.0,0 days 00:02:13.693000,4,False,Emilia Romagna Grand Prix
3,56.0,0 days 00:02:09.208000,4,False,Emilia Romagna Grand Prix
3,57.0,0 days 00:02:10.969000,4,False,Emilia Romagna Grand Prix
3,58.0,0 days 00:01:20.784000,2,False,Emilia Romagna Grand Prix
3,59.0,0 days 00:01:18.665000,1,True,Emilia Romagna Grand Prix
3,60.0,0 days 00:01:18.102000,1,True,Emilia Romagna Grand Prix
3,61.0,0 days 00:01:17.901000,1,True,Emilia Romagna Grand Prix
3,62.0,0 days 00:01:17.552000,1,True,Emilia Romagna Grand Prix
3,63.0,0 days 00:01:18.087000,1,True,Emilia Romagna Grand Prix
31,1.0,0 days 00:01:30.849000,2,False,Emilia Romagna Grand Prix
31,2.0,0 days 00:01:23.031000,1,True,Emilia Romagna Grand Prix
31,3.0,0 days 00:01:21.885000,1,True,Emilia Romagna Grand Prix
31,4.0,0 days 00:01:21.570000,1,True,Emilia Romagna Grand Prix
31,5.0,0 days 00:01:21.232000,1,True,Emilia Romagna Grand Prix
31,6.0,0 days 00:01:21.090000,1,True,Emilia Romagna Grand Prix
31,7.0,0 days 00:01:21.383000,1,True,Emilia Romagna Grand Prix
31,8.0,0 days 00:01:21.013000,1,True,Emilia Romagna Grand Prix
31,9.0,0 days 00:01:20.885000,1,True,Emilia Romagna Grand Prix
31,10.0,0 days 00:01:20.574000,1,True,Emilia Romagna Grand Prix
31,11.0,0 days 00:01:20.965000,1,True,Emilia Romagna Grand Prix
31,12.0,0 days 00:01:21.005000,1,True,Emilia Romagna Grand Prix
31,13.0,0 days 00:01:25.453000,1,False,Emilia Romagna Grand Prix
31,14.0,0 days 00:01:44.267000,1,False,Emilia Romagna Grand Prix
31,15.0,0 days 00:01:20.204000,1,True,Emilia Romagna Grand Prix
31,16.0,0 days 00:01:20.089000,1,True,Emilia Romagna Grand Prix
31,17.0,0 days 00:01:20.256000,1,True,Emilia Romagna Grand Prix
31,18.0,0 days 00:01:20.210000,1,True,Emilia Romagna Grand Prix
31,19.0,0 days 00:01:20.792000,1,True,Emilia Romagna Grand Prix
31,20.0,0 days 00:01:21.052000,1,True,Emilia Romagna Grand Prix
31,21.0,0 days 00:01:21.319000,1,True,Emilia Romagna Grand Prix
31,22.0,0 days 00:01:19.606000,1,True,Emilia Romagna Grand Prix
31,23.0,0 days 00:01:19.728000,1,True,Emilia Romagna Grand Prix
31,24.0,0 days 00:01:19.986000,1,True,Emilia Romagna Grand Prix
31,25.0,0 days 00:01:20.044000,1,True,Emilia Romagna Grand Prix
31,26.0,0 days 00:01:20.033000,1,True,Emilia Romagna Grand Prix
31,27.0,0 days 00:01:19.975000,1,True,Emilia Romagna Grand Prix
31,28.0,,,False,Emilia Romagna Grand Prix
33,1.0,0 days 00:01:23.174000,2,False,Emilia Romagna Grand Prix
33,2.0,0 days 00:01:20.211000,1,True,Emilia Romagna Grand Prix
33,3.0,0 days 00:01:19.908000,1,True,Emilia Romagna Grand Prix
33,4.0,0 days 00:01:19.888000,1,True,Emilia Romagna Grand Prix
33,5.0,0 days 00:01:19.725000,1,True,Emilia Romagna Grand Prix
33,6.0,0 days 00:01:19.664000,1,True,Emilia Romagna Grand Prix
33,7.0,0 days 00:01:19.610000,1,True,Emilia Romagna Grand Prix
33,8.0,0 days 00:01:19.495000,1,True,Emilia Romagna Grand Prix
33,9.0,0 days 00:01:19.571000,1,True,Emilia Romagna Grand Prix
33,10.0,0 days 00:01:19.650000,1,True,Emilia Romagna Grand Prix
33,11.0,0 days 00:01:19.324000,1,True,Emilia Romagna Grand Prix
33,12.0,0 days 00:01:19.196000,1,True,Emilia Romagna Grand Prix
33,13.0,0 days 00:01:19.180000,1,True,Emilia Romagna Grand Prix
33,14.0,0 days 00:01:19.067000,1,True,Emilia Romagna Grand Prix
33,15.0,0 days 00:01:19.266000,1,True,Emilia Romagna Grand Prix
33,16.0,0 days 00:01:19.151000,1,True,Emilia Romagna Grand Prix
33,17.0,0 days 00:01:18.950000,1,True,Emilia Romagna Grand Prix
33,18.0,0 days 00:01:23.293000,1,False,Emilia Romagna Grand Prix
33,19.0,0 days 00:01:40.683000,1,False,Emilia Romagna Grand Prix
33,20.0,0 days 00:01:19.060000,1,True,Emilia Romagna Grand Prix
33,21.0,0 days 00:01:18.605000,1,True,Emilia Romagna Grand Prix
33,22.0,0 days 00:01:18.804000,1,True,Emilia Romagna Grand Prix
33,23.0,0 days 00:01:18.731000,1,True,Emilia Romagna Grand Prix
33,24.0,0 days 00:01:18.957000,1,True,Emilia Romagna Grand Prix
33,25.0,0 days 00:01:18.698000,1,True,Emilia Romagna Grand Prix
33,26.0,0 days 00:01:18.618000,1,True,Emilia Romagna Grand Prix
33,27.0,0 days 00:01:18.376000,1,True,Emilia Romagna Grand Prix
33,28.0,0 days 00:01:18.450000,1,True,Emilia Romagna Grand Prix
33,29.0,0 days 00:01:19.411000,2,True,Emilia Romagna Grand Prix
33,30.0,0 days 00:01:28.052000,267,False,Emilia Romagna Grand Prix
33,31.0,0 days 00:01:18.691000,1,True,Emilia Romagna Grand Prix
33,32.0,0 days 00:01:18.692000,1,True,Emilia Romagna Grand Prix
33,33.0,0 days 00:01:18.491000,1,True,Emilia Romagna Grand Prix
33,34.0,0 days 00:01:18.711000,1,True,Emilia Romagna Grand Prix
33,35.0,0 days 00:01:18.683000,1,True,Emilia Romagna Grand Prix
33,36.0,0 days 00:01:18.677000,1,True,Emilia Romagna Grand Prix
33,37.0,0 days 00:01:19.220000,1,True,Emilia Romagna Grand Prix
33,38.0,0 days 00:01:18.719000,1,True,Emilia Romagna Grand Prix
33,39.0,0 days 00:01:18.657000,1,True,Emilia Romagna Grand Prix
33,40.0,0 days 00:01:19.005000,1,True,Emilia Romagna Grand Prix
33,41.0,0 days 00:01:18.546000,1,True,Emilia Romagna Grand Prix
33,42.0,0 days 00:01:19.432000,1,True,Emilia Romagna Grand Prix
33,43.0,0 days 00:01:18.151000,1,True,Emilia Romagna Grand Prix
33,44.0,0 days 00:01:17.637000,1,True,Emilia Romagna Grand Prix
33,45.0,0 days 00:01:17.860000,1,True,Emilia Romagna Grand Prix
33,46.0,0 days 00:01:18.193000,1,True,Emilia Romagna Grand Prix
33,47.0,0 days 00:01:17.707000,1,True,Emilia Romagna Grand Prix
33,48.0,0 days 00:01:17.924000,1,True,Emilia Romagna Grand Prix
33,49.0,0 days 00:01:17.952000,1,True,Emilia Romagna Grand Prix
33,50.0,0 days 00:01:17.932000,1,True,Emilia Romagna Grand Prix
33,51.0,,,False,Emilia Romagna Grand Prix
4,1.0,0 days 00:01:29.178000,2,False,Emilia Romagna Grand Prix
4,2.0,0 days 00:01:22.509000,1,True,Emilia Romagna Grand Prix
4,3.0,0 days 00:01:21.694000,1,True,Emilia Romagna Grand Prix
4,4.0,0 days 00:01:21.372000,1,True,Emilia Romagna Grand Prix
4,5.0,0 days 00:01:21.115000,1,True,Emilia Romagna Grand Prix
4,6.0,0 days 00:01:21.994000,1,True,Emilia Romagna Grand Prix
4,7.0,0 days 00:01:20.874000,1,True,Emilia Romagna Grand Prix
4,8.0,0 days 00:01:20.961000,1,True,Emilia Romagna Grand Prix
4,9.0,0 days 00:01:20.764000,1,True,Emilia Romagna Grand Prix
4,10.0,0 days 00:01:20.984000,1,True,Emilia Romagna Grand Prix
4,11.0,0 days 00:01:20.850000,1,True,Emilia Romagna Grand Prix
4,12.0,0 days 00:01:20.818000,1,True,Emilia Romagna Grand Prix
4,13.0,0 days 00:01:25.522000,1,False,Emilia Romagna Grand Prix
4,14.0,0 days 00:01:43.422000,1,False,Emilia Romagna Grand Prix
4,15.0,0 days 00:01:20.365000,1,True,Emilia Romagna Grand Prix
4,16.0,0 days 00:01:19.974000,1,True,Emilia Romagna Grand Prix
4,17.0,0 days 00:01:20.079000,1,True,Emilia Romagna Grand Prix
4,18.0,0 days 00:01:20.255000,1,True,Emilia Romagna Grand Prix
4,19.0,0 days 00:01:20.223000,1,True,Emilia Romagna Grand Prix
4,20.0,0 days 00:01:20.088000,1,True,Emilia Romagna Grand Prix
4,21.0,0 days 00:01:19.729000,1,True,Emilia Romagna Grand Prix
4,22.0,0 days 00:01:19.448000,1,True,Emilia Romagna Grand Prix
4,23.0,0 days 00:01:19.731000,1,True,Emilia Romagna Grand Prix
4,24.0,0 days 00:01:19.661000,1,True,Emilia Romagna Grand Prix
4,25.0,0 days 00:01:19.747000,1,True,Emilia Romagna Grand Prix
4,26.0,0 days 00:01:19.853000,1,True,Emilia Romagna Grand Prix
4,27.0,0 days 00:01:20.104000,1,True,Emilia Romagna Grand Prix
4,28.0,0 days 00:01:20.244000,2,True,Emilia Romagna Grand Prix
4,29.0,0 days 00:01:23.745000,26,False,Emilia Romagna Grand Prix
4,30.0,0 days 00:01:28.761000,67,False,Emilia Romagna Grand Prix
4,31.0,0 days 00:01:19.442000,1,True,Emilia Romagna Grand Prix
4,32.0,0 days 00:01:19.487000,1,True,Emilia Romagna Grand Prix
4,33.0,0 days 00:01:19.481000,1,True,Emilia Romagna Grand Prix
4,34.0,0 days 00:01:19.477000,1,True,Emilia Romagna Grand Prix
4,35.0,0 days 00:01:19.038000,1,True,Emilia Romagna Grand Prix
4,36.0,0 days 00:01:18.935000,1,True,Emilia Romagna Grand Prix
4,37.0,0 days 00:01:18.644000,1,True,Emilia Romagna Grand Prix
4,38.0,0 days 00:01:18.779000,1,True,Emilia Romagna Grand Prix
4,39.0,0 days 00:01:18.837000,1,True,Emilia Romagna Grand Prix
4,40.0,0 days 00:01:18.735000,1,True,Emilia Romagna Grand Prix
4,41.0,0 days 00:01:18.743000,1,True,Emilia Romagna Grand Prix
4,42.0,0 days 00:01:18.706000,1,True,Emilia Romagna Grand Prix
4,43.0,0 days 00:01:18.479000,1,True,Emilia Romagna Grand Prix
4,44.0,0 days 00:01:18.252000,1,True,Emilia Romagna Grand Prix
4,45.0,0 days 00:01:18.480000,1,True,Emilia Romagna Grand Prix
4,46.0,0 days 00:01:18.373000,1,True,Emilia Romagna Grand Prix
4,47.0,0 days 00:01:18.321000,1,True,Emilia Romagna Grand Prix
4,48.0,0 days 00:01:18.366000,1,True,Emilia Romagna Grand Prix
4,49.0,0 days 00:01:18.400000,1,True,Emilia Romagna Grand Prix
4,50.0,0 days 00:01:18.379000,2,True,Emilia Romagna Grand Prix
4,51.0,0 days 00:01:42.065000,24,False,Emilia Romagna Grand Prix
4,52.0,0 days 00:01:42.423000,4,False,Emilia Romagna Grand Prix
4,53.0,0 days 00:01:37.027000,4,False,Emilia Romagna Grand Prix
4,54.0,0 days 00:02:10.065000,4,False,Emilia Romagna Grand Prix
4,55.0,0 days 00:02:13.405000,4,False,Emilia Romagna Grand Prix
4,56.0,0 days 00:02:10.208000,4,False,Emilia Romagna Grand Prix
4,57.0,0 days 00:02:03.885000,4,False,Emilia Romagna Grand Prix
4,58.0,0 days 00:01:21.717000,2,False,Emilia Romagna Grand Prix
4,59.0,0 days 00:01:19.417000,1,True,Emilia Romagna Grand Prix
4,60.0,0 days 00:01:19.072000,1,True,Emilia Romagna Grand Prix
4,61.0,0 days 00:01:18.641000,1,True,Emilia Romagna Grand Prix
4,62.0,0 days 00:01:18.149000,1,True,Emilia Romagna Grand Prix
4,63.0,0 days 00:01:18.069000,1,True,Emilia Romagna Grand Prix
44,1.0,0 days 00:01:24.142000,2,False,Emilia Romagna Grand Prix
44,2.0,0 days 00:01:20.226000,1,True,Emilia Romagna Grand Prix
44,3.0,0 days 00:01:19.664000,1,True,Emilia Romagna Grand Prix
44,4.0,0 days 00:01:19.891000,1,True,Emilia Romagna Grand Prix
44,5.0,0 days 00:01:20.183000,1,True,Emilia Romagna Grand Prix
44,6.0,0 days 00:01:19.842000,1,True,Emilia Romagna Grand Prix
44,7.0,0 days 00:01:19.651000,1,True,Emilia Romagna Grand Prix
44,8.0,0 days 00:01:19.443000,1,True,Emilia Romagna Grand Prix
44,9.0,0 days 00:01:19.711000,1,True,Emilia Romagna Grand Prix
44,10.0,0 days 00:01:19.634000,1,True,Emilia Romagna Grand Prix
44,11.0,0 days 00:01:19.136000,1,True,Emilia Romagna Grand Prix
44,12.0,0 days 00:01:19.504000,1,True,Emilia Romagna Grand Prix
44,13.0,0 days 00:01:19.155000,1,True,Emilia Romagna Grand Prix
44,14.0,0 days 00:01:19.207000,1,True,Emilia Romagna Grand Prix
44,15.0,0 days 00:01:19.128000,1,True,Emilia Romagna Grand Prix
44,16.0,0 days 00:01:19.186000,1,True,Emilia Romagna Grand Prix
44,17.0,0 days 00:01:19.133000,1,True,Emilia Romagna Grand Prix
44,18.0,0 days 00:01:19.017000,1,True,Emilia Romagna Grand Prix
44,19.0,0 days 00:01:18.477000,1,True,Emilia Romagna Grand Prix
44,20.0,0 days 00:01:18.544000,1,True,Emilia Romagna Grand Prix
44,21.0,0 days 00:01:18.416000,1,True,Emilia Romagna Grand Prix
44,22.0,0 days 00:01:18.367000,1,True,Emilia Romagna Grand Prix
44,23.0,0 days 00:01:17.830000,1,True,Emilia Romagna Grand Prix
44,24.0,0 days 00:01:18.026000,1,True,Emilia Romagna Grand Prix
44,25.0,0 days 00:01:18.546000,1,True,Emilia Romagna Grand Prix
44,26.0,0 days 00:01:18.671000,1,True,Emilia Romagna Grand Prix
44,27.0,0 days 00:01:18.302000,1,True,Emilia Romagna Grand Prix
44,28.0,0 days 00:01:18.402000,1,True,Emilia Romagna Grand Prix
44,29.0,0 days 00:01:17.502000,2,True,Emilia Romagna Grand Prix
44,30.0,0 days 00:01:28.075000,26,False,Emilia Romagna Grand Prix
44,31.0,0 days 00:01:43.092000,67,False,Emilia Romagna Grand Prix
44,32.0,0 days 00:01:18.326000,1,True,Emilia Romagna Grand Prix
44,33.0,0 days 00:01:18.073000,1,True,Emilia Romagna Grand Prix
44,34.0,0 days 00:01:18.005000,1,True,Emilia Romagna Grand Prix
44,35.0,0 days 00:01:18.286000,1,True,Emilia Romagna Grand Prix
44,36.0,0 days 00:01:17.804000,1,True,Emilia Romagna Grand Prix
44,37.0,0 days 00:01:17.941000,1,True,Emilia Romagna Grand Prix
44,38.0,0 days 00:01:17.848000,1,True,Emilia Romagna Grand Prix
44,39.0,0 days 00:01:18.178000,1,True,Emilia Romagna Grand Prix
44,40.0,0 days 00:01:18.232000,1,True,Emilia Romagna Grand Prix
44,41.0,0 days 00:01:17.901000,1,True,Emilia Romagna Grand Prix
44,42.0,0 days 00:01:18.211000,1,True,Emilia Romagna Grand Prix
44,43.0,0 days 00:01:18.528000,1,True,Emilia Romagna Grand Prix
44,44.0,0 days 00:01:17.706000,1,True,Emilia Romagna Grand Prix
44,45.0,0 days 00:01:17.963000,1,True,Emilia Romagna Grand Prix
44,46.0,0 days 00:01:18.007000,1,True,Emilia Romagna Grand Prix
44,47.0,0 days 00:01:17.853000,1,True,Emilia Romagna Grand Prix
44,48.0,0 days 00:01:17.279000,1,True,Emilia Romagna Grand Prix
44,49.0,0 days 00:01:17.725000,1,True,Emilia Romagna Grand Prix
44,50.0,0 days 00:01:17.744000,1,True,Emilia Romagna Grand Prix
44,51.0,0 days 00:01:18.062000,24,False,Emilia Romagna Grand Prix
44,52.0,0 days 00:02:19.876000,4,False,Emilia Romagna Grand Prix
44,53.0,0 days 00:02:12.185000,4,False,Emilia Romagna Grand Prix
44,54.0,0 days 00:02:17.944000,4,False,Emilia Romagna Grand Prix
44,55.0,0 days 00:02:13.381000,4,False,Emilia Romagna Grand Prix
44,56.0,0 days 00:02:10.241000,4,False,Emilia Romagna Grand Prix
44,57.0,0 days 00:02:12.123000,4,False,Emilia Romagna Grand Prix
44,58.0,0 days 00:01:17.498000,2,False,Emilia Romagna Grand Prix
44,59.0,0 days 00:01:16.644000,1,True,Emilia Romagna Grand Prix
44,60.0,0 days 00:01:17.060000,1,True,Emilia Romagna Grand Prix
44,61.0,0 days 00:01:16.305000,1,True,Emilia Romagna Grand Prix
44,62.0,0 days 00:01:15.914000,1,True,Emilia Romagna Grand Prix
44,63.0,0 days 00:01:15.484000,1,True,Emilia Romagna Grand Prix
5,1.0,0 days 00:01:32.506000,2,False,Emilia Romagna Grand Prix
5,2.0,0 days 00:01:23.494000,1,True,Emilia Romagna Grand Prix
5,3.0,0 days 00:01:22.372000,1,True,Emilia Romagna Grand Prix
5,4.0,0 days 00:01:21.784000,1,True,Emilia Romagna Grand Prix
5,5.0,0 days 00:01:21.727000,1,True,Emilia Romagna Grand Prix
5,6.0,0 days 00:01:21.444000,1,True,Emilia Romagna Grand Prix
5,7.0,0 days 00:01:21.159000,1,True,Emilia Romagna Grand Prix
5,8.0,0 days 00:01:21.219000,1,True,Emilia Romagna Grand Prix
5,9.0,0 days 00:01:21.206000,1,True,Emilia Romagna Grand Prix
5,10.0,0 days 00:01:21.679000,1,True,Emilia Romagna Grand Prix
5,11.0,0 days 00:01:20.297000,1,True,Emilia Romagna Grand Prix
5,12.0,0 days 00:01:20.387000,1,True,Emilia Romagna Grand Prix
5,13.0,0 days 00:01:20.286000,1,True,Emilia Romagna Grand Prix
5,14.0,0 days 00:01:20.258000,1,True,Emilia Romagna Grand Prix
5,15.0,0 days 00:01:20.245000,1,True,Emilia Romagna Grand Prix
5,16.0,0 days 00:01:20.197000,1,True,Emilia Romagna Grand Prix
5,17.0,0 days 00:01:19.924000,1,True,Emilia Romagna Grand Prix
5,18.0,0 days 00:01:20.015000,1,True,Emilia Romagna Grand Prix
5,19.0,0 days 00:01:19.689000,1,True,Emilia Romagna Grand Prix
5,20.0,0 days 00:01:19.647000,1,True,Emilia Romagna Grand Prix
5,21.0,0 days 00:01:19.487000,1,True,Emilia Romagna Grand Prix
5,22.0,0 days 00:01:19.612000,1,True,Emilia Romagna Grand Prix
5,23.0,0 days 00:01:19.334000,1,True,Emilia Romagna Grand Prix
5,24.0,0 days 00:01:19.425000,1,True,Emilia Romagna Grand Prix
5,25.0,0 days 00:01:19.777000,1,True,Emilia Romagna Grand Prix
5,26.0,0 days 00:01:19.610000,1,True,Emilia Romagna Grand Prix
5,27.0,0 days 00:01:19.604000,1,True,Emilia Romagna Grand Prix
5,28.0,0 days 00:01:19.667000,1,True,Emilia Romagna Grand Prix
5,29.0,0 days 00:01:19.889000,2,True,Emilia Romagna Grand Prix
5,30.0,0 days 00:01:28.681000,267,False,Emilia Romagna Grand Prix
5,31.0,0 days 00:01:19.414000,1,True,Emilia Romagna Grand Prix
5,32.0,0 days 00:01:19.368000,1,True,Emilia Romagna Grand Prix
5,33.0,0 days 00:01:19.245000,1,True,Emilia Romagna Grand Prix
5,34.0,0 days 00:01:19.280000,1,True,Emilia Romagna Grand Prix
5,35.0,0 days 00:01:19.086000,1,True,Emilia Romagna Grand Prix
5,36.0,0 days 00:01:18.997000,1,True,Emilia Romagna Grand Prix
5,37.0,0 days 00:01:19.181000,1,True,Emilia Romagna Grand Prix
5,38.0,0 days 00:01:18.899000,1,True,Emilia Romagna Grand Prix
5,39.0,0 days 00:01:23.622000,1,False,Emilia Romagna Grand Prix
5,40.0,0 days 00:01:53.619000,1,False,Emilia Romagna Grand Prix
5,41.0,0 days 00:01:18.812000,1,True,Emilia Romagna Grand Prix
5,42.0,0 days 00:01:18.877000,1,True,Emilia Romagna Grand Prix
5,43.0,0 days 00:01:19.013000,1,True,Emilia Romagna Grand Prix
5,44.0,0 days 00:01:17.767000,1,True,Emilia Romagna Grand Prix
5,45.0,0 days 00:01:21.007000,1,True,Emilia Romagna Grand Prix
5,46.0,0 days 00:01:18.513000,1,True,Emilia Romagna Grand Prix
5,47.0,0 days 00:01:18.370000,1,True,Emilia Romagna Grand Prix
5,48.0,0 days 00:01:18.082000,1,True,Emilia Romagna Grand Prix
5,49.0,0 days 00:01:18.546000,1,True,Emilia Romagna Grand Prix
5,50.0,0 days 00:01:24.518000,24,False,Emilia Romagna Grand Prix
5,51.0,0 days 00:02:10.621000,4,False,Emilia Romagna Grand Prix
5,52.0,0 days 00:02:11.206000,4,False,Emilia Romagna Grand Prix
5,53.0,0 days 00:02:19.235000,4,False,Emilia Romagna Grand Prix
5,54.0,0 days 00:02:09.033000,4,False,Emilia Romagna Grand Prix
5,55.0,0 days 00:01:26.538000,4,False,Emilia Romagna Grand Prix
5,56.0,0 days 00:01:23.627000,4,False,Emilia Romagna Grand Prix
5,57.0,0 days 00:01:41.223000,4,False,Emilia Romagna Grand Prix
5,58.0,0 days 00:01:23.118000,2,False,Emilia Romagna Grand Prix
5,59.0,0 days 00:01:20.881000,1,True,Emilia Romagna Grand Prix
5,60.0,0 days 00:01:19.512000,1,True,Emilia Romagna Grand Prix
5,61.0,0 days 00:01:19.295000,1,True,Emilia Romagna Grand Prix
5,62.0,0 days 00:01:18.965000,1,True,Emilia Romagna Grand Prix
5,63.0,0 days 00:01:18.792000,1,True,Emilia Romagna Grand Prix
55,1.0,0 days 00:01:29.742000,2,False,Emilia Romagna Grand Prix
55,2.0,0 days 00:01:22.612000,1,True,Emilia Romagna Grand Prix
55,3.0,0 days 00:01:21.729000,1,True,Emilia Romagna Grand Prix
55,4.0,0 days 00:01:21.396000,1,True,Emilia Romagna Grand Prix
55,5.0,0 days 00:01:20.918000,1,True,Emilia Romagna Grand Prix
55,6.0,0 days 00:01:20.102000,1,True,Emilia Romagna Grand Prix
55,7.0,0 days 00:01:20.791000,1,True,Emilia Romagna Grand Prix
55,8.0,0 days 00:01:20.720000,1,True,Emilia Romagna Grand Prix
55,9.0,0 days 00:01:20.832000,1,True,Emilia Romagna Grand Prix
55,10.0,0 days 00:01:20.947000,1,True,Emilia Romagna Grand Prix
55,11.0,0 days 00:01:20.704000,1,True,Emilia Romagna Grand Prix
55,12.0,0 days 00:01:20.833000,1,True,Emilia Romagna Grand Prix
55,13.0,0 days 00:01:20.623000,1,True,Emilia Romagna Grand Prix
55,14.0,0 days 00:01:20.196000,1,True,Emilia Romagna Grand Prix
55,15.0,0 days 00:01:20.156000,1,True,Emilia Romagna Grand Prix
55,16.0,0 days 00:01:20.430000,1,True,Emilia Romagna Grand Prix
55,17.0,0 days 00:01:24.439000,1,False,Emilia Romagna Grand Prix
55,18.0,0 days 00:01:43.956000,1,False,Emilia Romagna Grand Prix
55,19.0,0 days 00:01:19.791000,1,True,Emilia Romagna Grand Prix
55,20.0,0 days 00:01:19.711000,1,True,Emilia Romagna Grand Prix
55,21.0,0 days 00:01:19.919000,1,True,Emilia Romagna Grand Prix
55,22.0,0 days 00:01:19.453000,1,True,Emilia Romagna Grand Prix
55,23.0,0 days 00:01:19.982000,1,True,Emilia Romagna Grand Prix
55,24.0,0 days 00:01:19.414000,1,True,Emilia Romagna Grand Prix
55,25.0,0 days 00:01:20.430000,1,True,Emilia Romagna Grand Prix
55,26.0,0 days 00:01:19.838000,1,True,Emilia Romagna Grand Prix
55,27.0,0 days 00:01:20.665000,1,True,Emilia Romagna Grand Prix
55,28.0,0 days 00:01:20.026000,2,True,Emilia Romagna Grand Prix
55,29.0,0 days 00:01:20.356000,26,False,Emilia Romagna Grand Prix
55,30.0,0 days 00:01:31.363000,67,False,Emilia Romagna Grand Prix
55,31.0,0 days 00:01:19.748000,1,True,Emilia Romagna Grand Prix
55,32.0,0 days 00:01:19.643000,1,True,Emilia Romagna Grand Prix
55,33.0,0 days 00:01:19.101000,1,True,Emilia Romagna Grand Prix
55,34.0,0 days 00:01:19.036000,1,True,Emilia Romagna Grand Prix
55,35.0,0 days 00:01:19.012000,1,True,Emilia Romagna Grand Prix
55,36.0,0 days 00:01:18.795000,1,True,Emilia Romagna Grand Prix
55,37.0,0 days 00:01:18.550000,1,True,Emilia Romagna Grand Prix
55,38.0,0 days 00:01:18.518000,1,True,Emilia Romagna Grand Prix
55,39.0,0 days 00:01:18.828000,1,True,Emilia Romagna Grand Prix
55,40.0,0 days 00:01:18.726000,1,True,Emilia Romagna Grand Prix
55,41.0,0 days 00:01:18.817000,1,True,Emilia Romagna Grand Prix
55,42.0,0 days 00:01:18.708000,1,True,Emilia Romagna Grand Prix
55,43.0,0 days 00:01:18.585000,1,True,Emilia Romagna Grand Prix
55,44.0,0 days 00:01:18.334000,1,True,Emilia Romagna Grand Prix
55,45.0,0 days 00:01:18.448000,1,True,Emilia Romagna Grand Prix
55,46.0,0 days 00:01:18.501000,1,True,Emilia Romagna Grand Prix
55,47.0,0 days 00:01:18.405000,1,True,Emilia Romagna Grand Prix
55,48.0,0 days 00:01:18.392000,1,True,Emilia Romagna Grand Prix
55,49.0,0 days 00:01:18.761000,1,True,Emilia Romagna Grand Prix
55,50.0,0 days 00:01:18.269000,2,True,Emilia Romagna Grand Prix
55,51.0,0 days 00:01:45.674000,24,False,Emilia Romagna Grand Prix
55,52.0,0 days 00:02:00.167000,4,False,Emilia Romagna Grand Prix
55,53.0,0 days 00:01:30.410000,4,False,Emilia Romagna Grand Prix
55,54.0,0 days 00:01:56.542000,4,False,Emilia Romagna Grand Prix
55,55.0,0 days 00:02:12.958000,4,False,Emilia Romagna Grand Prix
55,56.0,0 days 00:02:09.107000,4,False,Emilia Romagna Grand Prix
55,57.0,0 days 00:02:05.782000,4,False,Emilia Romagna Grand Prix
55,58.0,0 days 00:01:21.762000,2,False,Emilia Romagna Grand Prix
55,59.0,0 days 00:01:19.215000,1,True,Emilia Romagna Grand Prix
55,60.0,0 days 00:01:19.035000,1,True,Emilia Romagna Grand Prix
55,61.0,0 days 00:01:18.487000,1,True,Emilia Romagna Grand Prix
55,62.0,0 days 00:01:18.118000,1,True,Emilia Romagna Grand Prix
55,63.0,0 days 00:01:18.152000,1,True,Emilia Romagna Grand Prix
6,1.0,0 days 00:01:34.416000,2,False,Emilia Romagna Grand Prix
6,2.0,0 days 00:01:23.398000,1,True,Emilia Romagna Grand Prix
6,3.0,0 days 00:01:22.929000,1,True,Emilia Romagna Grand Prix
6,4.0,0 days 00:01:21.606000,1,True,Emilia Romagna Grand Prix
6,5.0,0 days 00:01:21.702000,1,True,Emilia Romagna Grand Prix
6,6.0,0 days 00:01:21.959000,1,True,Emilia Romagna Grand Prix
6,7.0,0 days 00:01:21.255000,1,True,Emilia Romagna Grand Prix
6,8.0,0 days 00:01:21.148000,1,True,Emilia Romagna Grand Prix
6,9.0,0 days 00:01:21.432000,1,True,Emilia Romagna Grand Prix
6,10.0,0 days 00:01:20.888000,1,True,Emilia Romagna Grand Prix
6,11.0,0 days 00:01:21.157000,1,True,Emilia Romagna Grand Prix
6,12.0,0 days 00:01:21.041000,1,True,Emilia Romagna Grand Prix
6,13.0,0 days 00:01:20.638000,1,True,Emilia Romagna Grand Prix
6,14.0,0 days 00:01:20.624000,1,True,Emilia Romagna Grand Prix
6,15.0,0 days 00:01:20.720000,1,True,Emilia Romagna Grand Prix
6,16.0,0 days 00:01:20.453000,1,True,Emilia Romagna Grand Prix
6,17.0,0 days 00:01:20.687000,1,True,Emilia Romagna Grand Prix
6,18.0,0 days 00:01:20.335000,1,True,Emilia Romagna Grand Prix
6,19.0,0 days 00:01:20.323000,1,True,Emilia Romagna Grand Prix
6,20.0,0 days 00:01:20.085000,1,True,Emilia Romagna Grand Prix
6,21.0,0 days 00:01:19.919000,1,True,Emilia Romagna Grand Prix
6,22.0,0 days 00:01:19.780000,1,True,Emilia Romagna Grand Prix
6,23.0,0 days 00:01:19.724000,1,True,Emilia Romagna Grand Prix
6,24.0,0 days 00:01:19.714000,1,True,Emilia Romagna Grand Prix
6,25.0,0 days 00:01:20.461000,1,True,Emilia Romagna Grand Prix
6,26.0,0 days 00:01:19.718000,1,True,Emilia Romagna Grand Prix
6,27.0,0 days 00:01:19.514000,1,True,Emilia Romagna Grand Prix
6,28.0,0 days 00:01:19.797000,1,True,Emilia Romagna Grand Prix
6,29.0,0 days 00:01:19.907000,2,True,Emilia Romagna Grand Prix
6,30.0,0 days 00:01:29.744000,267,False,Emilia Romagna Grand Prix
6,31.0,0 days 00:01:19.702000,1,True,Emilia Romagna Grand Prix
6,32.0,0 days 00:01:19.666000,1,True,Emilia Romagna Grand Prix
6,33.0,0 days 00:01:19.342000,1,True,Emilia Romagna Grand Prix
6,34.0,0 days 00:01:23.957000,1,False,Emilia Romagna Grand Prix
6,35.0,0 days 00:01:42.290000,1,False,Emilia Romagna Grand Prix
6,36.0,0 days 00:01:19.167000,1,True,Emilia Romagna Grand Prix
6,37.0,0 days 00:01:18.719000,1,True,Emilia Romagna Grand Prix
6,38.0,0 days 00:01:18.797000,1,True,Emilia Romagna Grand Prix
6,39.0,0 days 00:01:19.103000,1,True,Emilia Romagna Grand Prix
6,40.0,0 days 00:01:20.718000,1,True,Emilia Romagna Grand Prix
6,41.0,0 days 00:01:19.167000,1,True,Emilia Romagna Grand Prix
6,42.0,0 days 00:01:18.998000,1,True,Emilia Romagna Grand Prix
6,43.0,0 days 00:01:20.366000,1,True,Emilia Romagna Grand Prix
6,44.0,0 days 00:01:19.254000,1,True,Emilia Romagna Grand Prix
6,45.0,0 days 00:01:19.046000,1,True,Emilia Romagna Grand Prix
6,46.0,0 days 00:01:19.127000,1,True,Emilia Romagna Grand Prix
6,47.0,0 days 00:01:18.831000,1,True,Emilia Romagna Grand Prix
6,48.0,0 days 00:01:19.320000,1,True,Emilia Romagna Grand Prix
6,49.0,0 days 00:01:18.955000,1,True,Emilia Romagna Grand Prix
6,50.0,0 days 00:01:23.662000,24,False,Emilia Romagna Grand Prix
6,51.0,0 days 00:02:05.118000,4,False,Emilia Romagna Grand Prix
6,52.0,0 days 00:02:08.656000,4,False,Emilia Romagna Grand Prix
6,53.0,0 days 00:02:17.104000,4,False,Emilia Romagna Grand Prix
6,54.0,0 days 00:02:04.764000,4,False,Emilia Romagna Grand Prix
6,55.0,0 days 00:01:29.649000,4,False,Emilia Romagna Grand Prix
6,56.0,0 days 00:01:26.765000,4,False,Emilia Romagna Grand Prix
6,57.0,0 days 00:01:44.527000,4,False,Emilia Romagna Grand Prix
6,58.0,0 days 00:01:22.972000,2,False,Emilia Romagna Grand Prix
6,59.0,0 days 00:01:20.447000,1,True,Emilia Romagna Grand Prix
6,60.0,0 days 00:01:19.356000,1,True,Emilia Romagna Grand Prix
6,61.0,0 days 00:01:18.965000,1,True,Emilia Romagna Grand Prix
6,62.0,0 days 00:01:18.898000,1,True,Emilia Romagna Grand Prix
6,63.0,0 days 00:01:19.083000,1,True,Emilia Romagna Grand Prix
63,1.0,0 days 00:01:31.472000,2,False,Emilia Romagna Grand Prix
63,2.0,0 days 00:01:23.350000,1,True,Emilia Romagna Grand Prix
63,3.0,0 days 00:01:21.994000,1,True,Emilia Romagna Grand Prix
63,4.0,0 days 00:01:21.787000,1,True,Emilia Romagna Grand Prix
63,5.0,0 days 00:01:21.551000,1,True,Emilia Romagna Grand Prix
63,6.0,0 days 00:01:21.349000,1,True,Emilia Romagna Grand Prix
63,7.0,0 days 00:01:21.182000,1,True,Emilia Romagna Grand Prix
63,8.0,0 days 00:01:21.097000,1,True,Emilia Romagna Grand Prix
63,9.0,0 days 00:01:21.050000,1,True,Emilia Romagna Grand Prix
63,10.0,0 days 00:01:21.084000,1,True,Emilia Romagna Grand Prix
63,11.0,0 days 00:01:24.896000,1,False,Emilia Romagna Grand Prix
63,12.0,0 days 00:01:42.788000,1,False,Emilia Romagna Grand Prix
63,13.0,0 days 00:01:19.705000,1,True,Emilia Romagna Grand Prix
63,14.0,0 days 00:01:20.345000,1,True,Emilia Romagna Grand Prix
63,15.0,0 days 00:01:20.466000,1,True,Emilia Romagna Grand Prix
63,16.0,0 days 00:01:20.243000,1,True,Emilia Romagna Grand Prix
63,17.0,0 days 00:01:20.426000,1,True,Emilia Romagna Grand Prix
63,18.0,0 days 00:01:20.381000,1,True,Emilia Romagna Grand Prix
63,19.0,0 days 00:01:20.582000,1,True,Emilia Romagna Grand Prix
63,20.0,0 days 00:01:20.361000,1,True,Emilia Romagna Grand Prix
63,21.0,0 days 00:01:19.945000,1,True,Emilia Romagna Grand Prix
63,22.0,0 days 00:01:19.498000,1,True,Emilia Romagna Grand Prix
63,23.0,0 days 00:01:19.516000,1,True,Emilia Romagna Grand Prix
63,24.0,0 days 00:01:19.744000,1,True,Emilia Romagna Grand Prix
63,25.0,0 days 00:01:19.807000,1,True,Emilia Romagna Grand Prix
63,26.0,0 days 00:01:19.810000,1,True,Emilia Romagna Grand Prix
63,27.0,0 days 00:01:19.985000,1,True,Emilia Romagna Grand Prix
63,28.0,0 days 00:01:19.684000,2,True,Emilia Romagna Grand Prix
63,29.0,0 days 00:01:25.049000,26,False,Emilia Romagna Grand Prix
63,30.0,0 days 00:01:27.278000,67,False,Emilia Romagna Grand Prix
63,31.0,0 days 00:01:19.793000,1,True,Emilia Romagna Grand Prix
63,32.0,0 days 00:01:19.669000,1,True,Emilia Romagna Grand Prix
63,33.0,0 days 00:01:19.557000,1,True,Emilia Romagna Grand Prix
63,34.0,0 days 00:01:19.589000,1,True,Emilia Romagna Grand Prix
63,35.0,0 days 00:01:19.480000,1,True,Emilia Romagna Grand Prix
63,36.0,0 days 00:01:19.069000,1,True,Emilia Romagna Grand Prix
63,37.0,0 days 00:01:19.070000,1,True,Emilia Romagna Grand Prix
63,38.0,0 days 00:01:19.018000,1,True,Emilia Romagna Grand Prix
63,39.0,0 days 00:01:18.816000,1,True,Emilia Romagna Grand Prix
63,40.0,0 days 00:01:19.086000,1,True,Emilia Romagna Grand Prix
63,41.0,0 days 00:01:19.147000,1,True,Emilia Romagna Grand Prix
63,42.0,0 days 00:01:18.869000,1,True,Emilia Romagna Grand Prix
63,43.0,0 days 00:01:18.811000,1,True,Emilia Romagna Grand Prix
63,44.0,0 days 00:01:18.958000,1,True,Emilia Romagna Grand Prix
63,45.0,0 days 00:01:18.893000,1,True,Emilia Romagna Grand Prix
63,46.0,0 days 00:01:18.862000,1,True,Emilia Romagna Grand Prix
63,47.0,0 days 00:01:18.843000,1,True,Emilia Romagna Grand Prix
63,48.0,0 days 00:01:18.923000,1,True,Emilia Romagna Grand Prix
63,49.0,0 days 00:01:21.020000,1,True,Emilia Romagna Grand Prix
63,50.0,0 days 00:01:23.780000,24,False,Emilia Romagna Grand Prix
63,51.0,0 days 00:02:08.471000,4,False,Emilia Romagna Grand Prix
63,52.0,,,False,Emilia Romagna Grand Prix
7,1.0,0 days 00:01:33.181000,2,False,Emilia Romagna Grand Prix
7,2.0,0 days 00:01:23.414000,1,True,Emilia Romagna Grand Prix
7,3.0,0 days 00:01:22.512000,1,True,Emilia Romagna Grand Prix
7,4.0,0 days 00:01:21.719000,1,True,Emilia Romagna Grand Prix
7,5.0,0 days 00:01:21.817000,1,True,Emilia Romagna Grand Prix
7,6.0,0 days 00:01:21.619000,1,True,Emilia Romagna Grand Prix
7,7.0,0 days 00:01:20.980000,1,True,Emilia Romagna Grand Prix
7,8.0,0 days 00:01:21.282000,1,True,Emilia Romagna Grand Prix
7,9.0,0 days 00:01:21.220000,1,True,Emilia Romagna Grand Prix
7,10.0,0 days 00:01:21.920000,1,True,Emilia Romagna Grand Prix
7,11.0,0 days 00:01:20.584000,1,True,Emilia Romagna Grand Prix
7,12.0,0 days 00:01:20.765000,1,True,Emilia Romagna Grand Prix
7,13.0,0 days 00:01:20.346000,1,True,Emilia Romagna Grand Prix
7,14.0,0 days 00:01:20.554000,1,True,Emilia Romagna Grand Prix
7,15.0,0 days 00:01:20.360000,1,True,Emilia Romagna Grand Prix
7,16.0,0 days 00:01:20.353000,1,True,Emilia Romagna Grand Prix
7,17.0,0 days 00:01:20.348000,1,True,Emilia Romagna Grand Prix
7,18.0,0 days 00:01:19.855000,1,True,Emilia Romagna Grand Prix
7,19.0,0 days 00:01:19.902000,1,True,Emilia Romagna Grand Prix
7,20.0,0 days 00:01:19.898000,1,True,Emilia Romagna Grand Prix
7,21.0,0 days 00:01:19.441000,1,True,Emilia Romagna Grand Prix
7,22.0,0 days 00:01:19.603000,1,True,Emilia Romagna Grand Prix
7,23.0,0 days 00:01:19.606000,1,True,Emilia Romagna Grand Prix
7,24.0,0 days 00:01:19.898000,1,True,Emilia Romagna Grand Prix
7,25.0,0 days 00:01:19.692000,1,True,Emilia Romagna Grand Prix
7,26.0,0 days 00:01:19.795000,1,True,Emilia Romagna Grand Prix
7,27.0,0 days 00:01:19.515000,1,True,Emilia Romagna Grand Prix
7,28.0,0 days 00:01:19.868000,1,True,Emilia Romagna Grand Prix
7,29.0,0 days 00:01:19.766000,2,True,Emilia Romagna Grand Prix
7,30.0,0 days 00:01:29.031000,267,False,Emilia Romagna Grand Prix
7,31.0,0 days 00:01:19.484000,1,True,Emilia Romagna Grand Prix
7,32.0,0 days 00:01:19.234000,1,True,Emilia Romagna Grand Prix
7,33.0,0 days 00:01:19.651000,1,True,Emilia Romagna Grand Prix
7,34.0,0 days 00:01:19.554000,1,True,Emilia Romagna Grand Prix
7,35.0,0 days 00:01:19.756000,1,True,Emilia Romagna Grand Prix
7,36.0,0 days 00:01:19.328000,1,True,Emilia Romagna Grand Prix
7,37.0,0 days 00:01:19.210000,1,True,Emilia Romagna Grand Prix
7,38.0,0 days 00:01:19.345000,1,True,Emilia Romagna Grand Prix
7,39.0,0 days 00:01:19.509000,1,True,Emilia Romagna Grand Prix
7,40.0,0 days 00:01:19.506000,1,True,Emilia Romagna Grand Prix
7,41.0,0 days 00:01:19.217000,1,True,Emilia Romagna Grand Prix
7,42.0,0 days 00:01:19.303000,1,True,Emilia Romagna Grand Prix
7,43.0,0 days 00:01:19.286000,1,True,Emilia Romagna Grand Prix
7,44.0,0 days 00:01:19.361000,1,True,Emilia Romagna Grand Prix
7,45.0,0 days 00:01:19.010000,1,True,Emilia Romagna Grand Prix
7,46.0,0 days 00:01:18.849000,1,True,Emilia Romagna Grand Prix
7,47.0,0 days 00:01:19.030000,1,True,Emilia Romagna Grand Prix
7,48.0,0 days 00:01:23.640000,1,False,Emilia Romagna Grand Prix
7,49.0,0 days 00:01:41.767000,1,False,Emilia Romagna Grand Prix
7,50.0,0 days 00:01:23.787000,24,False,Emilia Romagna Grand Prix
7,51.0,0 days 00:02:08.577000,4,False,Emilia Romagna Grand Prix
7,52.0,0 days 00:02:09.411000,4,False,Emilia Romagna Grand Prix
7,53.0,0 days 00:02:16.860000,4,False,Emilia Romagna Grand Prix
7,54.0,0 days 00:02:02.892000,4,False,Emilia Romagna Grand Prix
7,55.0,0 days 00:01:29.219000,4,False,Emilia Romagna Grand Prix
7,56.0,0 days 00:01:28.017000,4,False,Emilia Romagna Grand Prix
7,57.0,0 days 00:01:47.176000,4,False,Emilia Romagna Grand Prix
7,58.0,0 days 00:01:22.232000,2,False,Emilia Romagna Grand Prix
7,59.0,0 days 00:01:19.646000,1,True,Emilia Romagna Grand Prix
7,60.0,0 days 00:01:18.919000,1,True,Emilia Romagna Grand Prix
7,61.0,0 days 00:01:18.805000,1,True,Emilia Romagna Grand Prix
7,62.0,0 days 00:01:18.141000,1,True,Emilia Romagna Grand Prix
7,63.0,0 days 00:01:18.088000,1,True,Emilia Romagna Grand Prix
77,1.0,0 days 00:01:21.722000,2,False,Emilia Romagna Grand Prix
77,2.0,0 days 00:01:20.550000,1,True,Emilia Romagna Grand Prix
77,3.0,0 days 00:01:19.911000,1,True,Emilia Romagna Grand Prix
77,4.0,0 days 00:01:19.762000,1,True,Emilia Romagna Grand Prix
77,5.0,0 days 00:01:19.518000,1,True,Emilia Romagna Grand Prix
77,6.0,0 days 00:01:19.618000,1,True,Emilia Romagna Grand Prix
77,7.0,0 days 00:01:19.417000,1,True,Emilia Romagna Grand Prix
77,8.0,0 days 00:01:19.563000,1,True,Emilia Romagna Grand Prix
77,9.0,0 days 00:01:19.553000,1,True,Emilia Romagna Grand Prix
77,10.0,0 days 00:01:19.481000,1,True,Emilia Romagna Grand Prix
77,11.0,0 days 00:01:19.069000,1,True,Emilia Romagna Grand Prix
77,12.0,0 days 00:01:19.233000,1,True,Emilia Romagna Grand Prix
77,13.0,0 days 00:01:19.360000,1,True,Emilia Romagna Grand Prix
77,14.0,0 days 00:01:19.209000,1,True,Emilia Romagna Grand Prix
77,15.0,0 days 00:01:18.944000,1,True,Emilia Romagna Grand Prix
77,16.0,0 days 00:01:18.814000,1,True,Emilia Romagna Grand Prix
77,17.0,0 days 00:01:18.799000,1,True,Emilia Romagna Grand Prix
77,18.0,0 days 00:01:18.880000,1,True,Emilia Romagna Grand Prix
77,19.0,0 days 00:01:22.995000,1,False,Emilia Romagna Grand Prix
77,20.0,0 days 00:01:42.512000,1,False,Emilia Romagna Grand Prix
77,21.0,0 days 00:01:18.862000,1,True,Emilia Romagna Grand Prix
77,22.0,0 days 00:01:18.624000,1,True,Emilia Romagna Grand Prix
77,23.0,0 days 00:01:18.708000,1,True,Emilia Romagna Grand Prix
77,24.0,0 days 00:01:18.639000,1,True,Emilia Romagna Grand Prix
77,25.0,0 days 00:01:18.471000,1,True,Emilia Romagna Grand Prix
77,26.0,0 days 00:01:18.600000,1,True,Emilia Romagna Grand Prix
77,27.0,0 days 00:01:18.533000,1,True,Emilia Romagna Grand Prix
77,28.0,0 days 00:01:18.627000,1,True,Emilia Romagna Grand Prix
77,29.0,0 days 00:01:19.152000,2,True,Emilia Romagna Grand Prix
77,30.0,0 days 00:01:27.803000,267,False,Emilia Romagna Grand Prix
77,31.0,0 days 00:01:18.887000,1,True,Emilia Romagna Grand Prix
77,32.0,0 days 00:01:18.895000,1,True,Emilia Romagna Grand Prix
77,33.0,0 days 00:01:18.781000,1,True,Emilia Romagna Grand Prix
77,34.0,0 days 00:01:18.763000,1,True,Emilia Romagna Grand Prix
77,35.0,0 days 00:01:18.737000,1,True,Emilia Romagna Grand Prix
77,36.0,0 days 00:01:19.087000,1,True,Emilia Romagna Grand Prix
77,37.0,0 days 00:01:18.957000,1,True,Emilia Romagna Grand Prix
77,38.0,0 days 00:01:18.554000,1,True,Emilia Romagna Grand Prix
77,39.0,0 days 00:01:18.893000,1,True,Emilia Romagna Grand Prix
77,40.0,0 days 00:01:18.906000,1,True,Emilia Romagna Grand Prix
77,41.0,0 days 00:01:18.493000,1,True,Emilia Romagna Grand Prix
77,42.0,0 days 00:01:19.983000,1,True,Emilia Romagna Grand Prix
77,43.0,0 days 00:01:20.483000,1,True,Emilia Romagna Grand Prix
77,44.0,0 days 00:01:19.076000,1,True,Emilia Romagna Grand Prix
77,45.0,0 days 00:01:19.055000,1,True,Emilia Romagna Grand Prix
77,46.0,0 days 00:01:18.913000,1,True,Emilia Romagna Grand Prix
77,47.0,0 days 00:01:18.936000,1,True,Emilia Romagna Grand Prix
77,48.0,0 days 00:01:18.810000,1,True,Emilia Romagna Grand Prix
77,49.0,0 days 00:01:18.925000,1,True,Emilia Romagna Grand Prix
77,50.0,0 days 00:01:19.713000,1,True,Emilia Romagna Grand Prix
77,51.0,0 days 00:01:36.178000,24,False,Emilia Romagna Grand Prix
77,52.0,0 days 00:02:01.809000,4,False,Emilia Romagna Grand Prix
77,53.0,0 days 00:01:50.151000,4,False,Emilia Romagna Grand Prix
77,54.0,0 days 00:02:18.869000,4,False,Emilia Romagna Grand Prix
77,55.0,0 days 00:02:12.021000,4,False,Emilia Romagna Grand Prix
77,56.0,0 days 00:02:09.668000,4,False,Emilia Romagna Grand Prix
77,57.0,0 days 00:02:11.684000,4,False,Emilia Romagna Grand Prix
77,58.0,0 days 00:01:17.915000,2,False,Emilia Romagna Grand Prix
77,59.0,0 days 00:01:17.311000,1,True,Emilia Romagna Grand Prix
77,60.0,0 days 00:01:16.728000,1,True,Emilia Romagna Grand Prix
77,61.0,0 days 00:01:17.529000,1,True,Emilia Romagna Grand Prix
77,62.0,0 days 00:01:18.672000,1,True,Emilia Romagna Grand Prix
77,63.0,0 days 00:01:15.902000,1,True,Emilia Romagna Grand Prix
8,1.0,0 days 00:01:33.691000,2,False,Emilia Romagna Grand Prix
8,2.0,0 days 00:01:23.480000,1,True,Emilia Romagna Grand Prix
8,3.0,0 days 00:01:22.688000,1,True,Emilia Romagna Grand Prix
8,4.0,0 days 00:01:21.598000,1,True,Emilia Romagna Grand Prix
8,5.0,0 days 00:01:21.781000,1,True,Emilia Romagna Grand Prix
8,6.0,0 days 00:01:21.883000,1,True,Emilia Romagna Grand Prix
8,7.0,0 days 00:01:20.857000,1,True,Emilia Romagna Grand Prix
8,8.0,0 days 00:01:21.402000,1,True,Emilia Romagna Grand Prix
8,9.0,0 days 00:01:26.457000,1,False,Emilia Romagna Grand Prix
8,10.0,0 days 00:01:44.030000,1,False,Emilia Romagna Grand Prix
8,11.0,0 days 00:01:20.443000,1,True,Emilia Romagna Grand Prix
8,12.0,0 days 00:01:19.976000,1,True,Emilia Romagna Grand Prix
8,13.0,0 days 00:01:19.944000,1,True,Emilia Romagna Grand Prix
8,14.0,0 days 00:01:20.164000,1,True,Emilia Romagna Grand Prix
8,15.0,0 days 00:01:20.228000,1,True,Emilia Romagna Grand Prix
8,16.0,0 days 00:01:20.120000,1,True,Emilia Romagna Grand Prix
8,17.0,0 days 00:01:20.093000,1,True,Emilia Romagna Grand Prix
8,18.0,0 days 00:01:20.107000,1,True,Emilia Romagna Grand Prix
8,19.0,0 days 00:01:20.212000,1,True,Emilia Romagna Grand Prix
8,20.0,0 days 00:01:20.301000,1,True,Emilia Romagna Grand Prix
8,21.0,0 days 00:01:21.284000,1,True,Emilia Romagna Grand Prix
8,22.0,0 days 00:01:20.263000,1,True,Emilia Romagna Grand Prix
8,23.0,0 days 00:01:20.220000,1,True,Emilia Romagna Grand Prix
8,24.0,0 days 00:01:20.546000,1,True,Emilia Romagna Grand Prix
8,25.0,0 days 00:01:20.003000,1,True,Emilia Romagna Grand Prix
8,26.0,0 days 00:01:21.796000,1,True,Emilia Romagna Grand Prix
8,27.0,0 days 00:01:19.755000,1,True,Emilia Romagna Grand Prix
8,28.0,0 days 00:01:20.374000,2,True,Emilia Romagna Grand Prix
8,29.0,0 days 00:01:26.905000,26,False,Emilia Romagna Grand Prix
8,30.0,0 days 00:01:23.095000,67,False,Emilia Romagna Grand Prix
8,31.0,0 days 00:01:19.553000,1,True,Emilia Romagna Grand Prix
8,32.0,0 days 00:01:19.309000,1,True,Emilia Romagna Grand Prix
8,33.0,0 days 00:01:19.874000,1,True,Emilia Romagna Grand Prix
8,34.0,0 days 00:01:19.451000,1,True,Emilia Romagna Grand Prix
8,35.0,0 days 00:01:19.896000,1,True,Emilia Romagna Grand Prix
8,36.0,0 days 00:01:19.680000,1,True,Emilia Romagna Grand Prix
8,37.0,0 days 00:01:19.546000,1,True,Emilia Romagna Grand Prix
8,38.0,0 days 00:01:19.356000,1,True,Emilia Romagna Grand Prix
8,39.0,0 days 00:01:19.583000,1,True,Emilia Romagna Grand Prix
8,40.0,0 days 00:01:21.415000,1,True,Emilia Romagna Grand Prix
8,41.0,0 days 00:01:19.411000,1,True,Emilia Romagna Grand Prix
8,42.0,0 days 00:01:19.240000,1,True,Emilia Romagna Grand Prix
8,43.0,0 days 00:01:19.254000,1,True,Emilia Romagna Grand Prix
8,44.0,0 days 00:01:19.740000,1,True,Emilia Romagna Grand Prix
8,45.0,0 days 00:01:18.822000,1,True,Emilia Romagna Grand Prix
8,46.0,0 days 00:01:19.375000,1,True,Emilia Romagna Grand Prix
8,47.0,0 days 00:01:18.988000,1,True,Emilia Romagna Grand Prix
8,48.0,0 days 00:01:21.430000,1,True,Emilia Romagna Grand Prix
8,49.0,0 days 00:01:18.972000,1,True,Emilia Romagna Grand Prix
8,50.0,0 days 00:01:31.491000,24,False,Emilia Romagna Grand Prix
8,51.0,0 days 00:02:03.316000,4,False,Emilia Romagna Grand Prix
8,52.0,0 days 00:01:57.796000,4,False,Emilia Romagna Grand Prix
8,53.0,0 days 00:02:17.327000,4,False,Emilia Romagna Grand Prix
8,54.0,0 days 00:02:03.208000,4,False,Emilia Romagna Grand Prix
8,55.0,0 days 00:01:29.476000,4,False,Emilia Romagna Grand Prix
8,56.0,0 days 00:01:27.253000,4,False,Emilia Romagna Grand Prix
8,57.0,0 days 00:01:43.650000,4,False,Emilia Romagna Grand Prix
8,58.0,0 days 00:01:23.042000,2,False,Emilia Romagna Grand Prix
8,59.0,0 days 00:01:20.613000,1,True,Emilia Romagna Grand Prix
8,60.0,0 days 00:01:19.528000,1,True,Emilia Romagna Grand Prix
8,61.0,0 days 00:01:19.039000,1,True,Emilia Romagna Grand Prix
8,62.0,0 days 00:01:19,1,True,Emilia Romagna Grand Prix
8,63.0,0 days 00:01:19.035000,1,True,Emilia Romagna Grand Prix
99,1.0,0 days 00:01:31.960000,2,False,Emilia Romagna Grand Prix
99,2.0,0 days 00:01:23.529000,1,True,Emilia Romagna Grand Prix
99,3.0,0 days 00:01:22.095000,1,True,Emilia Romagna Grand Prix
99,4.0,0 days 00:01:21.863000,1,True,Emilia Romagna Grand Prix
99,5.0,0 days 00:01:21.702000,1,True,Emilia Romagna Grand Prix
99,6.0,0 days 00:01:21.310000,1,True,Emilia Romagna Grand Prix
99,7.0,0 days 00:01:21.192000,1,True,Emilia Romagna Grand Prix
99,8.0,0 days 00:01:21.278000,1,True,Emilia Romagna Grand Prix
99,9.0,0 days 00:01:21.331000,1,True,Emilia Romagna Grand Prix
99,10.0,0 days 00:01:26.022000,1,False,Emilia Romagna Grand Prix
99,11.0,0 days 00:01:43.945000,1,False,Emilia Romagna Grand Prix
99,12.0,0 days 00:01:20.289000,1,True,Emilia Romagna Grand Prix
99,13.0,0 days 00:01:20.083000,1,True,Emilia Romagna Grand Prix
99,14.0,0 days 00:01:20.149000,1,True,Emilia Romagna Grand Prix
99,15.0,0 days 00:01:20.245000,1,True,Emilia Romagna Grand Prix
99,16.0,0 days 00:01:20.079000,1,True,Emilia Romagna Grand Prix
99,17.0,0 days 00:01:20.162000,1,True,Emilia Romagna Grand Prix
99,18.0,0 days 00:01:20.173000,1,True,Emilia Romagna Grand Prix
99,19.0,0 days 00:01:20.431000,1,True,Emilia Romagna Grand Prix
99,20.0,0 days 00:01:20.564000,1,True,Emilia Romagna Grand Prix
99,21.0,0 days 00:01:21.548000,1,True,Emilia Romagna Grand Prix
99,22.0,0 days 00:01:20.008000,1,True,Emilia Romagna Grand Prix
99,23.0,0 days 00:01:20.054000,1,True,Emilia Romagna Grand Prix
99,24.0,0 days 00:01:19.939000,1,True,Emilia Romagna Grand Prix
99,25.0,0 days 00:01:20.090000,1,True,Emilia Romagna Grand Prix
99,26.0,0 days 00:01:19.760000,1,True,Emilia Romagna Grand Prix
99,27.0,0 days 00:01:21.441000,1,True,Emilia Romagna Grand Prix
99,28.0,0 days 00:01:20.284000,2,True,Emilia Romagna Grand Prix
99,29.0,0 days 00:01:26.987000,26,False,Emilia Romagna Grand Prix
99,30.0,0 days 00:01:22.975000,67,False,Emilia Romagna Grand Prix
99,31.0,0 days 00:01:19.371000,1,True,Emilia Romagna Grand Prix
99,32.0,0 days 00:01:19.271000,1,True,Emilia Romagna Grand Prix
99,33.0,0 days 00:01:19.231000,1,True,Emilia Romagna Grand Prix
99,34.0,0 days 00:01:19.329000,1,True,Emilia Romagna Grand Prix
99,35.0,0 days 00:01:19.421000,1,True,Emilia Romagna Grand Prix
99,36.0,0 days 00:01:19.221000,1,True,Emilia Romagna Grand Prix
99,37.0,0 days 00:01:19,1,True,Emilia Romagna Grand Prix
99,38.0,0 days 00:01:18.980000,1,True,Emilia Romagna Grand Prix
99,39.0,0 days 00:01:19.158000,1,True,Emilia Romagna Grand Prix
99,40.0,0 days 00:01:19.470000,1,True,Emilia Romagna Grand Prix
99,41.0,0 days 00:01:19.164000,1,True,Emilia Romagna Grand Prix
99,42.0,0 days 00:01:19.082000,1,True,Emilia Romagna Grand Prix
99,43.0,0 days 00:01:19.239000,1,True,Emilia Romagna Grand Prix
99,44.0,0 days 00:01:21.555000,1,True,Emilia Romagna Grand Prix
99,45.0,0 days 00:01:19.134000,1,True,Emilia Romagna Grand Prix
99,46.0,0 days 00:01:19.129000,1,True,Emilia Romagna Grand Prix
99,47.0,0 days 00:01:19.085000,1,True,Emilia Romagna Grand Prix
99,48.0,0 days 00:01:18.952000,1,True,Emilia Romagna Grand Prix
99,49.0,0 days 00:01:19.064000,1,True,Emilia Romagna Grand Prix
99,50.0,0 days 00:01:23.627000,24,False,Emilia Romagna Grand Prix
99,51.0,0 days 00:02:04.752000,4,False,Emilia Romagna Grand Prix
99,52.0,0 days 00:02:09.016000,4,False,Emilia Romagna Grand Prix
99,53.0,0 days 00:02:16.883000,4,False,Emilia Romagna Grand Prix
99,54.0,0 days 00:02:03.712000,4,False,Emilia Romagna Grand Prix
99,55.0,0 days 00:01:29.101000,4,False,Emilia Romagna Grand Prix
99,56.0,0 days 00:01:27.871000,4,False,Emilia Romagna Grand Prix
99,57.0,0 days 00:01:46.158000,4,False,Emilia Romagna Grand Prix
99,58.0,0 days 00:01:22.587000,2,False,Emilia Romagna Grand Prix
99,59.0,0 days 00:01:20.092000,1,True,Emilia Romagna Grand Prix
99,60.0,0 days 00:01:19.259000,1,True,Emilia Romagna Grand Prix
99,61.0,0 days 00:01:18.794000,1,True,Emilia Romagna Grand Prix
99,62.0,0 days 00:01:18.991000,1,True,Emilia Romagna Grand Prix
99,63.0,0 days 00:01:19.641000,1,True,Emilia Romagna Grand Prix
10,1.0,0 days 00:02:20.954000,2,False,Turkish Grand Prix
10,2.0,0 days 00:02:04.663000,2,True,Turkish Grand Prix
10,3.0,0 days 00:02:01.401000,1,True,Turkish Grand Prix
10,4.0,0 days 00:02:00.133000,1,True,Turkish Grand Prix
10,5.0,0 days 00:01:58.285000,1,True,Turkish Grand Prix
10,6.0,0 days 00:01:56.787000,1,True,Turkish Grand Prix
10,7.0,0 days 00:01:56.140000,1,True,Turkish Grand Prix
10,8.0,0 days 00:01:56.916000,1,True,Turkish Grand Prix
10,9.0,0 days 00:01:52.755000,1,True,Turkish Grand Prix
10,10.0,0 days 00:01:52.699000,1,False,Turkish Grand Prix
10,11.0,0 days 00:02:08.010000,1,False,Turkish Grand Prix
10,12.0,0 days 00:01:47.230000,2,True,Turkish Grand Prix
10,13.0,0 days 00:02:04.542000,26,False,Turkish Grand Prix
10,14.0,0 days 00:02:05.219000,67,False,Turkish Grand Prix
10,15.0,0 days 00:01:49.695000,1,True,Turkish Grand Prix
10,16.0,0 days 00:01:49.076000,1,True,Turkish Grand Prix
10,17.0,0 days 00:01:46.555000,2,True,Turkish Grand Prix
10,18.0,0 days 00:01:45.902000,2,True,Turkish Grand Prix
10,19.0,0 days 00:01:47.118000,1,True,Turkish Grand Prix
10,20.0,0 days 00:01:45.469000,1,True,Turkish Grand Prix
10,21.0,0 days 00:01:44.809000,2,True,Turkish Grand Prix
10,22.0,0 days 00:01:44.479000,1,True,Turkish Grand Prix
10,23.0,0 days 00:01:45.781000,1,True,Turkish Grand Prix
10,24.0,0 days 00:01:44.989000,1,True,Turkish Grand Prix
10,25.0,0 days 00:01:45.096000,1,True,Turkish Grand Prix
10,26.0,0 days 00:01:44.854000,1,True,Turkish Grand Prix
10,27.0,0 days 00:01:45.140000,1,True,Turkish Grand Prix
10,28.0,0 days 00:01:45.010000,1,True,Turkish Grand Prix
10,29.0,0 days 00:01:45.524000,1,True,Turkish Grand Prix
10,30.0,0 days 00:01:43.791000,1,True,Turkish Grand Prix
10,31.0,0 days 00:01:43.968000,1,True,Turkish Grand Prix
10,32.0,0 days 00:01:44.279000,1,True,Turkish Grand Prix
10,33.0,0 days 00:01:44.601000,2,False,Turkish Grand Prix
10,34.0,0 days 00:02:02.995000,1,False,Turkish Grand Prix
10,35.0,0 days 00:01:43.508000,1,True,Turkish Grand Prix
10,36.0,0 days 00:01:43.742000,1,True,Turkish Grand Prix
10,37.0,0 days 00:01:42.572000,1,True,Turkish Grand Prix
10,38.0,0 days 00:01:42.676000,2,True,Turkish Grand Prix
10,39.0,0 days 00:01:42.412000,2,True,Turkish Grand Prix
10,40.0,0 days 00:01:43.368000,2,True,Turkish Grand Prix
10,41.0,0 days 00:01:41.160000,1,True,Turkish Grand Prix
10,42.0,0 days 00:01:40.934000,1,True,Turkish Grand Prix
10,43.0,0 days 00:01:42.599000,1,True,Turkish Grand Prix
10,44.0,0 days 00:01:40.866000,1,True,Turkish Grand Prix
10,45.0,0 days 00:01:42.031000,1,True,Turkish Grand Prix
10,46.0,0 days 00:01:42.949000,1,True,Turkish Grand Prix
10,47.0,0 days 00:01:41.911000,2,True,Turkish Grand Prix
10,48.0,0 days 00:01:44.102000,2,True,Turkish Grand Prix
10,49.0,0 days 00:01:40.452000,1,True,Turkish Grand Prix
10,50.0,0 days 00:01:40.570000,2,True,Turkish Grand Prix
10,51.0,0 days 00:01:39.708000,1,True,Turkish Grand Prix
10,52.0,0 days 00:01:40.739000,1,True,Turkish Grand Prix
10,53.0,0 days 00:01:39.586000,1,True,Turkish Grand Prix
10,54.0,0 days 00:01:41.880000,1,True,Turkish Grand Prix
10,55.0,0 days 00:01:40.685000,1,True,Turkish Grand Prix
10,56.0,0 days 00:01:40.630000,1,True,Turkish Grand Prix
10,57.0,0 days 00:01:39.668000,1,True,Turkish Grand Prix
11,1.0,0 days 00:02:03.644000,2,False,Turkish Grand Prix
11,2.0,0 days 00:01:56.790000,2,True,Turkish Grand Prix
11,3.0,0 days 00:01:55.002000,1,True,Turkish Grand Prix
11,4.0,0 days 00:01:54.339000,1,True,Turkish Grand Prix
11,5.0,0 days 00:01:53.215000,1,True,Turkish Grand Prix
11,6.0,0 days 00:01:53.030000,1,True,Turkish Grand Prix
11,7.0,0 days 00:01:54.219000,1,True,Turkish Grand Prix
11,8.0,0 days 00:01:52.989000,1,True,Turkish Grand Prix
11,9.0,0 days 00:01:53.194000,1,True,Turkish Grand Prix
11,10.0,0 days 00:01:52.914000,1,False,Turkish Grand Prix
11,11.0,0 days 00:02:11.088000,1,False,Turkish Grand Prix
11,12.0,0 days 00:01:47.380000,1,True,Turkish Grand Prix
11,13.0,0 days 00:01:48.306000,26,False,Turkish Grand Prix
11,14.0,0 days 00:02:08.386000,6,False,Turkish Grand Prix
11,15.0,0 days 00:01:54.009000,67,False,Turkish Grand Prix
11,16.0,0 days 00:01:45.323000,1,True,Turkish Grand Prix
11,17.0,0 days 00:01:45.211000,2,True,Turkish Grand Prix
11,18.0,0 days 00:01:45.370000,2,True,Turkish Grand Prix
11,19.0,0 days 00:01:43.377000,1,True,Turkish Grand Prix
11,20.0,0 days 00:01:43.531000,1,True,Turkish Grand Prix
11,21.0,0 days 00:01:43.267000,2,True,Turkish Grand Prix
11,22.0,0 days 00:01:44.075000,1,True,Turkish Grand Prix
11,23.0,0 days 00:01:43.681000,1,True,Turkish Grand Prix
11,24.0,0 days 00:01:44.516000,1,True,Turkish Grand Prix
11,25.0,0 days 00:01:44.928000,1,True,Turkish Grand Prix
11,26.0,0 days 00:01:43.872000,1,True,Turkish Grand Prix
11,27.0,0 days 00:01:44.040000,1,True,Turkish Grand Prix
11,28.0,0 days 00:01:44.276000,1,True,Turkish Grand Prix
11,29.0,0 days 00:01:44.068000,1,True,Turkish Grand Prix
11,30.0,0 days 00:01:43.806000,1,True,Turkish Grand Prix
11,31.0,0 days 00:01:43.600000,1,True,Turkish Grand Prix
11,32.0,0 days 00:01:43.120000,1,True,Turkish Grand Prix
11,33.0,0 days 00:01:42.225000,1,True,Turkish Grand Prix
11,34.0,0 days 00:01:43.841000,2,True,Turkish Grand Prix
11,35.0,0 days 00:01:43.477000,1,True,Turkish Grand Prix
11,36.0,0 days 00:01:44.117000,1,True,Turkish Grand Prix
11,37.0,0 days 00:01:44.418000,1,True,Turkish Grand Prix
11,38.0,0 days 00:01:44.581000,1,True,Turkish Grand Prix
11,39.0,0 days 00:01:43.834000,2,True,Turkish Grand Prix
11,40.0,0 days 00:01:43.459000,2,True,Turkish Grand Prix
11,41.0,0 days 00:01:43.401000,2,True,Turkish Grand Prix
11,42.0,0 days 00:01:42.645000,1,True,Turkish Grand Prix
11,43.0,0 days 00:01:42.194000,1,True,Turkish Grand Prix
11,44.0,0 days 00:01:42.557000,1,True,Turkish Grand Prix
11,45.0,0 days 00:01:42.152000,1,True,Turkish Grand Prix
11,46.0,0 days 00:01:41.654000,1,True,Turkish Grand Prix
11,47.0,0 days 00:01:41.704000,1,True,Turkish Grand Prix
11,48.0,0 days 00:01:41.256000,2,True,Turkish Grand Prix
11,49.0,0 days 00:01:40.971000,2,True,Turkish Grand Prix
11,50.0,0 days 00:01:40.392000,1,True,Turkish Grand Prix
11,51.0,0 days 00:01:41.343000,2,True,Turkish Grand Prix
11,52.0,0 days 00:01:41.086000,1,True,Turkish Grand Prix
11,53.0,0 days 00:01:41.805000,1,True,Turkish Grand Prix
11,54.0,0 days 00:01:41.249000,1,True,Turkish Grand Prix
11,55.0,0 days 00:01:41.974000,1,True,Turkish Grand Prix
11,56.0,0 days 00:01:40.455000,1,True,Turkish Grand Prix
11,57.0,0 days 00:01:41.217000,1,True,Turkish Grand Prix
11,58.0,0 days 00:01:44.373000,1,True,Turkish Grand Prix
16,1.0,0 days 00:02:21.526000,2,False,Turkish Grand Prix
16,2.0,0 days 00:02:04.853000,2,True,Turkish Grand Prix
16,3.0,0 days 00:02:01.375000,1,True,Turkish Grand Prix
16,4.0,0 days 00:01:59.889000,1,True,Turkish Grand Prix
16,5.0,0 days 00:01:58.425000,1,True,Turkish Grand Prix
16,6.0,0 days 00:01:57.786000,1,False,Turkish Grand Prix
16,7.0,0 days 00:02:10.329000,1,False,Turkish Grand Prix
16,8.0,0 days 00:01:53.315000,1,True,Turkish Grand Prix
16,9.0,0 days 00:01:49.771000,1,True,Turkish Grand Prix
16,10.0,0 days 00:01:50.429000,1,True,Turkish Grand Prix
16,11.0,0 days 00:01:50.700000,1,True,Turkish Grand Prix
16,12.0,0 days 00:01:46.893000,1,True,Turkish Grand Prix
16,13.0,0 days 00:02:04.007000,26,False,Turkish Grand Prix
16,14.0,0 days 00:02:06.421000,67,False,Turkish Grand Prix
16,15.0,0 days 00:01:46.652000,1,True,Turkish Grand Prix
16,16.0,0 days 00:01:44.173000,1,True,Turkish Grand Prix
16,17.0,0 days 00:01:42.570000,2,True,Turkish Grand Prix
16,18.0,0 days 00:01:42.857000,2,True,Turkish Grand Prix
16,19.0,0 days 00:01:42.641000,1,True,Turkish Grand Prix
16,20.0,0 days 00:01:41.990000,1,True,Turkish Grand Prix
16,21.0,0 days 00:01:42.409000,2,True,Turkish Grand Prix
16,22.0,0 days 00:01:41.670000,1,True,Turkish Grand Prix
16,23.0,0 days 00:01:42.444000,1,True,Turkish Grand Prix
16,24.0,0 days 00:01:43.837000,1,True,Turkish Grand Prix
16,25.0,0 days 00:01:42.747000,1,True,Turkish Grand Prix
16,26.0,0 days 00:01:43.314000,1,True,Turkish Grand Prix
16,27.0,0 days 00:01:43.691000,1,True,Turkish Grand Prix
16,28.0,0 days 00:01:43.180000,1,True,Turkish Grand Prix
16,29.0,0 days 00:01:43.496000,1,True,Turkish Grand Prix
16,30.0,0 days 00:01:43.500000,1,False,Turkish Grand Prix
16,31.0,0 days 00:01:59.196000,1,False,Turkish Grand Prix
16,32.0,0 days 00:01:40.962000,1,True,Turkish Grand Prix
16,33.0,0 days 00:01:40.666000,2,True,Turkish Grand Prix
16,34.0,0 days 00:01:41.586000,2,True,Turkish Grand Prix
16,35.0,0 days 00:01:41.317000,1,True,Turkish Grand Prix
16,36.0,0 days 00:01:41.266000,1,True,Turkish Grand Prix
16,37.0,0 days 00:01:41.426000,1,True,Turkish Grand Prix
16,38.0,0 days 00:01:42.935000,1,True,Turkish Grand Prix
16,39.0,0 days 00:01:41.841000,2,True,Turkish Grand Prix
16,40.0,0 days 00:01:40.431000,2,True,Turkish Grand Prix
16,41.0,0 days 00:01:40.312000,2,True,Turkish Grand Prix
16,42.0,0 days 00:01:40.327000,1,True,Turkish Grand Prix
16,43.0,0 days 00:01:40.900000,1,True,Turkish Grand Prix
16,44.0,0 days 00:01:40.283000,1,True,Turkish Grand Prix
16,45.0,0 days 00:01:40.613000,1,True,Turkish Grand Prix
16,46.0,0 days 00:01:40.238000,1,True,Turkish Grand Prix
16,47.0,0 days 00:01:39.961000,1,True,Turkish Grand Prix
16,48.0,0 days 00:01:40.244000,2,True,Turkish Grand Prix
16,49.0,0 days 00:01:40.731000,2,True,Turkish Grand Prix
16,50.0,0 days 00:01:42.336000,1,True,Turkish Grand Prix
16,51.0,0 days 00:01:41.625000,2,True,Turkish Grand Prix
16,52.0,0 days 00:01:40.262000,1,True,Turkish Grand Prix
16,53.0,0 days 00:01:40.779000,1,True,Turkish Grand Prix
16,54.0,0 days 00:01:41.094000,1,True,Turkish Grand Prix
16,55.0,0 days 00:01:40.264000,1,True,Turkish Grand Prix
16,56.0,0 days 00:01:40.183000,1,True,Turkish Grand Prix
16,57.0,0 days 00:01:40.212000,1,True,Turkish Grand Prix
16,58.0,0 days 00:01:44.291000,1,True,Turkish Grand Prix
18,1.0,0 days 00:01:59.973000,2,False,Turkish Grand Prix
18,2.0,0 days 00:01:55.125000,2,True,Turkish Grand Prix
18,3.0,0 days 00:01:54.247000,1,True,Turkish Grand Prix
18,4.0,0 days 00:01:54.170000,1,True,Turkish Grand Prix
18,5.0,0 days 00:01:53.516000,1,True,Turkish Grand Prix
18,6.0,0 days 00:01:54.053000,1,True,Turkish Grand Prix
18,7.0,0 days 00:01:53.335000,1,True,Turkish Grand Prix
18,8.0,0 days 00:01:54.094000,1,True,Turkish Grand Prix
18,9.0,0 days 00:01:53.336000,1,False,Turkish Grand Prix
18,10.0,0 days 00:02:11.349000,1,False,Turkish Grand Prix
18,11.0,0 days 00:01:47.275000,1,True,Turkish Grand Prix
18,12.0,0 days 00:01:46.571000,1,True,Turkish Grand Prix
18,13.0,0 days 00:01:49.736000,26,False,Turkish Grand Prix
18,14.0,0 days 00:02:11.538000,6,False,Turkish Grand Prix
18,15.0,0 days 00:01:51.012000,67,False,Turkish Grand Prix
18,16.0,0 days 00:01:46.317000,1,True,Turkish Grand Prix
18,17.0,0 days 00:01:44.386000,1,True,Turkish Grand Prix
18,18.0,0 days 00:01:43.951000,2,True,Turkish Grand Prix
18,19.0,0 days 00:01:45.624000,2,True,Turkish Grand Prix
18,20.0,0 days 00:01:45.144000,1,True,Turkish Grand Prix
18,21.0,0 days 00:01:44.249000,2,True,Turkish Grand Prix
18,22.0,0 days 00:01:44.459000,1,True,Turkish Grand Prix
18,23.0,0 days 00:01:44.864000,1,True,Turkish Grand Prix
18,24.0,0 days 00:01:45.034000,1,True,Turkish Grand Prix
18,25.0,0 days 00:01:44.359000,1,True,Turkish Grand Prix
18,26.0,0 days 00:01:44.414000,1,True,Turkish Grand Prix
18,27.0,0 days 00:01:44.361000,1,True,Turkish Grand Prix
18,28.0,0 days 00:01:44.393000,1,True,Turkish Grand Prix
18,29.0,0 days 00:01:43.772000,1,True,Turkish Grand Prix
18,30.0,0 days 00:01:43.591000,1,True,Turkish Grand Prix
18,31.0,0 days 00:01:43.383000,1,True,Turkish Grand Prix
18,32.0,0 days 00:01:43.390000,1,True,Turkish Grand Prix
18,33.0,0 days 00:01:43.691000,1,True,Turkish Grand Prix
18,34.0,0 days 00:01:44.500000,2,True,Turkish Grand Prix
18,35.0,0 days 00:01:43.960000,1,True,Turkish Grand Prix
18,36.0,0 days 00:01:45.811000,1,False,Turkish Grand Prix
18,37.0,0 days 00:02:03.558000,1,False,Turkish Grand Prix
18,38.0,0 days 00:01:44.764000,1,True,Turkish Grand Prix
18,39.0,0 days 00:01:47.946000,2,True,Turkish Grand Prix
18,40.0,0 days 00:01:46.463000,2,True,Turkish Grand Prix
18,41.0,0 days 00:01:46.494000,2,True,Turkish Grand Prix
18,42.0,0 days 00:01:45.310000,1,True,Turkish Grand Prix
18,43.0,0 days 00:01:44.291000,1,True,Turkish Grand Prix
18,44.0,0 days 00:01:43.853000,1,True,Turkish Grand Prix
18,45.0,0 days 00:01:43.244000,1,True,Turkish Grand Prix
18,46.0,0 days 00:01:43.629000,1,True,Turkish Grand Prix
18,47.0,0 days 00:01:43.006000,1,True,Turkish Grand Prix
18,48.0,0 days 00:01:42.143000,2,True,Turkish Grand Prix
18,49.0,0 days 00:01:41.924000,2,True,Turkish Grand Prix
18,50.0,0 days 00:01:40.965000,1,True,Turkish Grand Prix
18,51.0,0 days 00:01:41.691000,2,True,Turkish Grand Prix
18,52.0,0 days 00:01:40.825000,1,True,Turkish Grand Prix
18,53.0,0 days 00:01:40.841000,1,True,Turkish Grand Prix
18,54.0,0 days 00:01:40.439000,1,True,Turkish Grand Prix
18,55.0,0 days 00:01:39.921000,1,True,Turkish Grand Prix
18,56.0,0 days 00:01:42.847000,1,True,Turkish Grand Prix
18,57.0,0 days 00:01:41.471000,1,True,Turkish Grand Prix
18,58.0,0 days 00:01:43.058000,1,True,Turkish Grand Prix
20,1.0,0 days 00:02:17.492000,2,False,Turkish Grand Prix
20,2.0,0 days 00:02:04.042000,2,True,Turkish Grand Prix
20,3.0,0 days 00:01:59.226000,1,True,Turkish Grand Prix
20,4.0,0 days 00:01:57.789000,1,True,Turkish Grand Prix
20,5.0,0 days 00:01:57.631000,1,True,Turkish Grand Prix
20,6.0,0 days 00:01:55.193000,1,True,Turkish Grand Prix
20,7.0,0 days 00:01:54.266000,1,True,Turkish Grand Prix
20,8.0,0 days 00:01:55.785000,1,False,Turkish Grand Prix
20,9.0,0 days 00:02:13.342000,1,False,Turkish Grand Prix
20,10.0,0 days 00:01:51.561000,1,True,Turkish Grand Prix
20,11.0,0 days 00:01:49.969000,1,True,Turkish Grand Prix
20,12.0,0 days 00:01:48.826000,1,True,Turkish Grand Prix
20,13.0,0 days 00:02:06.997000,26,False,Turkish Grand Prix
20,14.0,0 days 00:02:06.797000,67,False,Turkish Grand Prix
20,15.0,0 days 00:01:50.182000,1,True,Turkish Grand Prix
20,16.0,0 days 00:01:50.705000,1,True,Turkish Grand Prix
20,17.0,0 days 00:01:46.891000,2,True,Turkish Grand Prix
20,18.0,0 days 00:01:45.215000,2,True,Turkish Grand Prix
20,19.0,0 days 00:01:45.254000,1,True,Turkish Grand Prix
20,20.0,0 days 00:01:45.234000,1,True,Turkish Grand Prix
20,21.0,0 days 00:01:44.263000,2,True,Turkish Grand Prix
20,22.0,0 days 00:01:44.802000,1,True,Turkish Grand Prix
20,23.0,0 days 00:01:44.526000,1,True,Turkish Grand Prix
20,24.0,0 days 00:01:45.394000,1,True,Turkish Grand Prix
20,25.0,0 days 00:01:44.775000,1,True,Turkish Grand Prix
20,26.0,0 days 00:01:44.853000,1,True,Turkish Grand Prix
20,27.0,0 days 00:01:46.445000,1,True,Turkish Grand Prix
20,28.0,0 days 00:01:48.321000,1,True,Turkish Grand Prix
20,29.0,0 days 00:01:44.273000,1,True,Turkish Grand Prix
20,30.0,0 days 00:01:44.131000,1,True,Turkish Grand Prix
20,31.0,0 days 00:01:44.558000,1,True,Turkish Grand Prix
20,32.0,0 days 00:01:42.989000,1,True,Turkish Grand Prix
20,33.0,0 days 00:01:42.616000,2,True,Turkish Grand Prix
20,34.0,0 days 00:01:43.597000,1,False,Turkish Grand Prix
20,35.0,,1,False,Turkish Grand Prix
20,36.0,0 days 00:01:42.920000,1,True,Turkish Grand Prix
20,37.0,0 days 00:01:42.520000,2,True,Turkish Grand Prix
20,38.0,0 days 00:01:42.938000,2,True,Turkish Grand Prix
20,39.0,0 days 00:01:42.501000,2,True,Turkish Grand Prix
20,40.0,0 days 00:01:45.391000,1,True,Turkish Grand Prix
20,41.0,0 days 00:01:46.014000,1,True,Turkish Grand Prix
20,42.0,0 days 00:01:42.161000,1,True,Turkish Grand Prix
20,43.0,0 days 00:01:41.691000,1,True,Turkish Grand Prix
20,44.0,0 days 00:01:50.839000,1,True,Turkish Grand Prix
20,45.0,0 days 00:01:40.948000,1,True,Turkish Grand Prix
20,46.0,0 days 00:01:42.541000,2,True,Turkish Grand Prix
20,47.0,0 days 00:01:42.528000,2,True,Turkish Grand Prix
20,48.0,0 days 00:01:42.777000,1,True,Turkish Grand Prix
20,49.0,0 days 00:01:41.924000,2,True,Turkish Grand Prix
20,50.0,0 days 00:01:41.502000,1,True,Turkish Grand Prix
20,51.0,0 days 00:01:41.873000,1,True,Turkish Grand Prix
20,52.0,0 days 00:01:41.215000,1,True,Turkish Grand Prix
20,53.0,0 days 00:01:41.879000,1,True,Turkish Grand Prix
20,54.0,0 days 00:01:42.327000,1,True,Turkish Grand Prix
20,55.0,0 days 00:01:44.580000,1,False,Turkish Grand Prix
23,1.0,0 days 00:02:11.074000,2,False,Turkish Grand Prix
23,2.0,0 days 00:01:58.566000,2,True,Turkish Grand Prix
23,3.0,0 days 00:01:57.469000,1,True,Turkish Grand Prix
23,4.0,0 days 00:01:54.568000,1,True,Turkish Grand Prix
23,5.0,0 days 00:01:53.656000,1,True,Turkish Grand Prix
23,6.0,0 days 00:01:53.544000,1,True,Turkish Grand Prix
23,7.0,0 days 00:01:52.985000,1,True,Turkish Grand Prix
23,8.0,0 days 00:01:52.239000,1,True,Turkish Grand Prix
23,9.0,0 days 00:01:51.613000,1,True,Turkish Grand Prix
23,10.0,0 days 00:01:50.440000,1,True,Turkish Grand Prix
23,11.0,0 days 00:01:50.423000,1,True,Turkish Grand Prix
23,12.0,0 days 00:01:50.231000,1,False,Turkish Grand Prix
23,13.0,0 days 00:02:13.494000,26,False,Turkish Grand Prix
23,14.0,0 days 00:02:06.329000,6,False,Turkish Grand Prix
23,15.0,0 days 00:01:51.892000,67,False,Turkish Grand Prix
23,16.0,0 days 00:01:45.092000,1,True,Turkish Grand Prix
23,17.0,0 days 00:01:43.350000,2,True,Turkish Grand Prix
23,18.0,0 days 00:01:42.525000,2,True,Turkish Grand Prix
23,19.0,0 days 00:01:42.325000,1,True,Turkish Grand Prix
23,20.0,0 days 00:01:42.141000,1,True,Turkish Grand Prix
23,21.0,0 days 00:01:42.464000,2,True,Turkish Grand Prix
23,22.0,0 days 00:01:43.120000,1,True,Turkish Grand Prix
23,23.0,0 days 00:01:43.259000,1,True,Turkish Grand Prix
23,24.0,0 days 00:01:44.865000,1,True,Turkish Grand Prix
23,25.0,0 days 00:01:44.535000,1,True,Turkish Grand Prix
23,26.0,0 days 00:01:44.502000,1,True,Turkish Grand Prix
23,27.0,0 days 00:01:44.218000,1,True,Turkish Grand Prix
23,28.0,0 days 00:01:44.332000,1,True,Turkish Grand Prix
23,29.0,0 days 00:01:46.119000,1,True,Turkish Grand Prix
23,30.0,0 days 00:01:43.883000,1,True,Turkish Grand Prix
23,31.0,0 days 00:01:43.949000,1,True,Turkish Grand Prix
23,32.0,0 days 00:01:43.293000,1,True,Turkish Grand Prix
23,33.0,0 days 00:01:42.781000,1,True,Turkish Grand Prix
23,34.0,0 days 00:01:53.814000,2,False,Turkish Grand Prix
23,35.0,0 days 00:01:59.679000,1,False,Turkish Grand Prix
23,36.0,0 days 00:01:41.419000,1,True,Turkish Grand Prix
23,37.0,0 days 00:01:42.423000,1,True,Turkish Grand Prix
23,38.0,0 days 00:01:43.008000,1,True,Turkish Grand Prix
23,39.0,0 days 00:01:43.912000,2,True,Turkish Grand Prix
23,40.0,0 days 00:01:45.619000,2,True,Turkish Grand Prix
23,41.0,0 days 00:01:42.817000,2,True,Turkish Grand Prix
23,42.0,0 days 00:01:42.123000,1,True,Turkish Grand Prix
23,43.0,0 days 00:01:41.588000,1,True,Turkish Grand Prix
23,44.0,0 days 00:01:41.869000,1,True,Turkish Grand Prix
23,45.0,0 days 00:01:41.287000,1,True,Turkish Grand Prix
23,46.0,0 days 00:01:41.768000,1,True,Turkish Grand Prix
23,47.0,0 days 00:01:40.691000,1,True,Turkish Grand Prix
23,48.0,0 days 00:01:41.367000,2,True,Turkish Grand Prix
23,49.0,0 days 00:01:41.843000,2,True,Turkish Grand Prix
23,50.0,0 days 00:01:40.546000,1,True,Turkish Grand Prix
23,51.0,0 days 00:01:41.260000,2,True,Turkish Grand Prix
23,52.0,0 days 00:01:41.407000,1,True,Turkish Grand Prix
23,53.0,0 days 00:01:39.621000,1,True,Turkish Grand Prix
23,54.0,0 days 00:01:39.099000,1,True,Turkish Grand Prix
23,55.0,0 days 00:01:39.644000,1,True,Turkish Grand Prix
23,56.0,0 days 00:01:42.729000,1,True,Turkish Grand Prix
23,57.0,0 days 00:01:40.747000,1,True,Turkish Grand Prix
23,58.0,0 days 00:01:40.241000,1,True,Turkish Grand Prix
26,1.0,0 days 00:02:19.499000,2,False,Turkish Grand Prix
26,2.0,0 days 00:02:05.252000,2,True,Turkish Grand Prix
26,3.0,0 days 00:02:01.207000,1,True,Turkish Grand Prix
26,4.0,0 days 00:01:59.909000,1,True,Turkish Grand Prix
26,5.0,0 days 00:01:58.074000,1,True,Turkish Grand Prix
26,6.0,0 days 00:01:57.199000,1,True,Turkish Grand Prix
26,7.0,0 days 00:01:56.003000,1,True,Turkish Grand Prix
26,8.0,0 days 00:01:59.309000,1,False,Turkish Grand Prix
26,9.0,0 days 00:02:14.555000,1,False,Turkish Grand Prix
26,10.0,0 days 00:01:53.346000,1,True,Turkish Grand Prix
26,11.0,0 days 00:01:52.051000,1,True,Turkish Grand Prix
26,12.0,0 days 00:01:49.868000,2,True,Turkish Grand Prix
26,13.0,0 days 00:02:04.256000,26,False,Turkish Grand Prix
26,14.0,0 days 00:02:04.705000,67,False,Turkish Grand Prix
26,15.0,0 days 00:01:48.900000,1,True,Turkish Grand Prix
26,16.0,0 days 00:01:48.315000,1,True,Turkish Grand Prix
26,17.0,0 days 00:01:54.086000,2,True,Turkish Grand Prix
26,18.0,0 days 00:01:46.155000,2,True,Turkish Grand Prix
26,19.0,0 days 00:01:44.660000,1,True,Turkish Grand Prix
26,20.0,0 days 00:01:44.067000,1,True,Turkish Grand Prix
26,21.0,0 days 00:01:44.369000,2,True,Turkish Grand Prix
26,22.0,0 days 00:01:44.193000,1,True,Turkish Grand Prix
26,23.0,0 days 00:01:43.981000,1,True,Turkish Grand Prix
26,24.0,0 days 00:01:43.710000,1,True,Turkish Grand Prix
26,25.0,0 days 00:01:44.450000,1,True,Turkish Grand Prix
26,26.0,0 days 00:01:44.561000,1,True,Turkish Grand Prix
26,27.0,0 days 00:01:44.859000,1,True,Turkish Grand Prix
26,28.0,0 days 00:01:44.645000,1,True,Turkish Grand Prix
26,29.0,0 days 00:01:44.338000,1,True,Turkish Grand Prix
26,30.0,0 days 00:01:43.918000,1,True,Turkish Grand Prix
26,31.0,0 days 00:01:42.936000,1,True,Turkish Grand Prix
26,32.0,0 days 00:01:43.286000,1,True,Turkish Grand Prix
26,33.0,0 days 00:01:42.608000,2,True,Turkish Grand Prix
26,34.0,0 days 00:01:42.909000,1,True,Turkish Grand Prix
26,35.0,0 days 00:01:42.671000,1,True,Turkish Grand Prix
26,36.0,0 days 00:01:42.692000,1,True,Turkish Grand Prix
26,37.0,0 days 00:01:42.186000,1,True,Turkish Grand Prix
26,38.0,0 days 00:01:42.668000,2,True,Turkish Grand Prix
26,39.0,0 days 00:01:42.577000,2,True,Turkish Grand Prix
26,40.0,0 days 00:01:42.613000,2,True,Turkish Grand Prix
26,41.0,0 days 00:01:43.330000,1,True,Turkish Grand Prix
26,42.0,0 days 00:01:42.634000,1,True,Turkish Grand Prix
26,43.0,0 days 00:01:41.461000,1,True,Turkish Grand Prix
26,44.0,0 days 00:01:42.294000,1,True,Turkish Grand Prix
26,45.0,0 days 00:01:42.223000,1,True,Turkish Grand Prix
26,46.0,0 days 00:01:41.255000,1,True,Turkish Grand Prix
26,47.0,0 days 00:01:41.706000,1,True,Turkish Grand Prix
26,48.0,0 days 00:01:43.633000,2,True,Turkish Grand Prix
26,49.0,0 days 00:01:41.569000,1,True,Turkish Grand Prix
26,50.0,0 days 00:01:41.312000,2,True,Turkish Grand Prix
26,51.0,0 days 00:01:41.406000,1,True,Turkish Grand Prix
26,52.0,0 days 00:01:42.728000,1,True,Turkish Grand Prix
26,53.0,0 days 00:01:41.019000,1,True,Turkish Grand Prix
26,54.0,0 days 00:01:44.796000,1,True,Turkish Grand Prix
26,55.0,0 days 00:01:41.591000,1,True,Turkish Grand Prix
26,56.0,0 days 00:01:44.841000,1,True,Turkish Grand Prix
26,57.0,0 days 00:01:42.818000,1,True,Turkish Grand Prix
3,1.0,0 days 00:02:12.618000,2,False,Turkish Grand Prix
3,2.0,0 days 00:02:00.881000,2,True,Turkish Grand Prix
3,3.0,0 days 00:01:57.046000,1,True,Turkish Grand Prix
3,4.0,0 days 00:01:55.701000,1,True,Turkish Grand Prix
3,5.0,0 days 00:01:54.539000,1,True,Turkish Grand Prix
3,6.0,0 days 00:01:53.434000,1,True,Turkish Grand Prix
3,7.0,0 days 00:01:53.289000,1,True,Turkish Grand Prix
3,8.0,0 days 00:01:52.799000,1,True,Turkish Grand Prix
3,9.0,0 days 00:01:52.342000,1,True,Turkish Grand Prix
3,10.0,0 days 00:01:53.727000,1,False,Turkish Grand Prix
3,11.0,0 days 00:02:08.902000,1,False,Turkish Grand Prix
3,12.0,0 days 00:01:48.547000,1,True,Turkish Grand Prix
3,13.0,0 days 00:01:57.130000,26,False,Turkish Grand Prix
3,14.0,0 days 00:02:05.923000,6,False,Turkish Grand Prix
3,15.0,0 days 00:01:52.095000,67,False,Turkish Grand Prix
3,16.0,0 days 00:01:46.657000,1,True,Turkish Grand Prix
3,17.0,0 days 00:01:45.990000,2,True,Turkish Grand Prix
3,18.0,0 days 00:01:45.300000,2,True,Turkish Grand Prix
3,19.0,0 days 00:01:45.116000,1,True,Turkish Grand Prix
3,20.0,0 days 00:01:44.697000,1,True,Turkish Grand Prix
3,21.0,0 days 00:01:43.969000,2,True,Turkish Grand Prix
3,22.0,0 days 00:01:43.653000,1,True,Turkish Grand Prix
3,23.0,0 days 00:01:43.448000,1,True,Turkish Grand Prix
3,24.0,0 days 00:01:43.093000,1,True,Turkish Grand Prix
3,25.0,0 days 00:01:43.141000,1,True,Turkish Grand Prix
3,26.0,0 days 00:01:43.076000,1,True,Turkish Grand Prix
3,27.0,0 days 00:01:42.943000,1,True,Turkish Grand Prix
3,28.0,0 days 00:01:43.722000,1,True,Turkish Grand Prix
3,29.0,0 days 00:01:43.501000,1,True,Turkish Grand Prix
3,30.0,0 days 00:01:44.575000,1,True,Turkish Grand Prix
3,31.0,0 days 00:01:44.665000,1,True,Turkish Grand Prix
3,32.0,0 days 00:01:47.848000,1,False,Turkish Grand Prix
3,33.0,0 days 00:02:01.695000,2,False,Turkish Grand Prix
3,34.0,0 days 00:01:43.570000,1,True,Turkish Grand Prix
3,35.0,0 days 00:01:43.969000,1,True,Turkish Grand Prix
3,36.0,0 days 00:01:45.166000,1,True,Turkish Grand Prix
3,37.0,0 days 00:01:43.941000,1,True,Turkish Grand Prix
3,38.0,0 days 00:01:43.316000,1,True,Turkish Grand Prix
3,39.0,0 days 00:01:44.150000,2,True,Turkish Grand Prix
3,40.0,0 days 00:01:45.578000,2,True,Turkish Grand Prix
3,41.0,0 days 00:01:45.508000,1,True,Turkish Grand Prix
3,42.0,0 days 00:01:45.127000,1,True,Turkish Grand Prix
3,43.0,0 days 00:01:45.116000,1,True,Turkish Grand Prix
3,44.0,0 days 00:01:43.151000,1,True,Turkish Grand Prix
3,45.0,0 days 00:01:42.274000,1,True,Turkish Grand Prix
3,46.0,0 days 00:01:41.840000,1,True,Turkish Grand Prix
3,47.0,0 days 00:01:41.610000,1,True,Turkish Grand Prix
3,48.0,0 days 00:01:47.703000,2,True,Turkish Grand Prix
3,49.0,0 days 00:01:41.541000,1,True,Turkish Grand Prix
3,50.0,0 days 00:01:42.386000,2,True,Turkish Grand Prix
3,51.0,0 days 00:01:41.350000,1,True,Turkish Grand Prix
3,52.0,0 days 00:01:41.307000,1,True,Turkish Grand Prix
3,53.0,0 days 00:01:41.213000,1,True,Turkish Grand Prix
3,54.0,0 days 00:01:40.677000,1,True,Turkish Grand Prix
3,55.0,0 days 00:01:41.269000,1,True,Turkish Grand Prix
3,56.0,0 days 00:01:42.247000,1,True,Turkish Grand Prix
3,57.0,0 days 00:01:42.132000,1,True,Turkish Grand Prix
3,58.0,0 days 00:01:42.570000,1,True,Turkish Grand Prix
31,1.0,0 days 00:02:33.513000,2,False,Turkish Grand Prix
31,2.0,0 days 00:02:17.982000,1,False,Turkish Grand Prix
31,3.0,0 days 00:01:59.312000,1,True,Turkish Grand Prix
31,4.0,0 days 00:01:54.844000,1,True,Turkish Grand Prix
31,5.0,0 days 00:01:55.387000,1,True,Turkish Grand Prix
31,6.0,0 days 00:01:56.832000,1,True,Turkish Grand Prix
31,7.0,0 days 00:01:55.294000,1,True,Turkish Grand Prix
31,8.0,0 days 00:01:55.056000,1,True,Turkish Grand Prix
31,9.0,0 days 00:01:54.115000,1,True,Turkish Grand Prix
31,10.0,0 days 00:01:54.935000,1,False,Turkish Grand Prix
31,11.0,0 days 00:02:08.922000,1,False,Turkish Grand Prix
31,12.0,0 days 00:01:49.531000,2,True,Turkish Grand Prix
31,13.0,0 days 00:02:06.086000,26,False,Turkish Grand Prix
31,14.0,0 days 00:02:01.433000,67,False,Turkish Grand Prix
31,15.0,0 days 00:01:46.990000,1,True,Turkish Grand Prix
31,16.0,0 days 00:01:46.084000,1,True,Turkish Grand Prix
31,17.0,0 days 00:01:45.275000,2,True,Turkish Grand Prix
31,18.0,0 days 00:01:44.266000,2,True,Turkish Grand Prix
31,19.0,0 days 00:01:44.584000,1,True,Turkish Grand Prix
31,20.0,0 days 00:01:44.128000,1,True,Turkish Grand Prix
31,21.0,0 days 00:01:44.671000,2,True,Turkish Grand Prix
31,22.0,0 days 00:01:43.790000,1,True,Turkish Grand Prix
31,23.0,0 days 00:01:44.886000,1,True,Turkish Grand Prix
31,24.0,0 days 00:01:45.173000,1,True,Turkish Grand Prix
31,25.0,0 days 00:01:44.925000,1,True,Turkish Grand Prix
31,26.0,0 days 00:01:44.974000,1,True,Turkish Grand Prix
31,27.0,0 days 00:01:44.983000,1,True,Turkish Grand Prix
31,28.0,0 days 00:01:44.754000,1,True,Turkish Grand Prix
31,29.0,0 days 00:01:45.293000,1,True,Turkish Grand Prix
31,30.0,0 days 00:01:44.897000,1,True,Turkish Grand Prix
31,31.0,0 days 00:01:43.242000,1,True,Turkish Grand Prix
31,32.0,0 days 00:01:43.018000,1,True,Turkish Grand Prix
31,33.0,0 days 00:01:43.050000,2,True,Turkish Grand Prix
31,34.0,0 days 00:01:42.309000,1,True,Turkish Grand Prix
31,35.0,0 days 00:01:41.924000,1,True,Turkish Grand Prix
31,36.0,0 days 00:01:42.423000,1,True,Turkish Grand Prix
31,37.0,0 days 00:01:42.495000,1,True,Turkish Grand Prix
31,38.0,0 days 00:01:42.249000,2,True,Turkish Grand Prix
31,39.0,0 days 00:01:42.049000,2,True,Turkish Grand Prix
31,40.0,0 days 00:01:42.565000,2,True,Turkish Grand Prix
31,41.0,0 days 00:01:41.908000,1,True,Turkish Grand Prix
31,42.0,0 days 00:01:42.082000,1,True,Turkish Grand Prix
31,43.0,0 days 00:01:42.081000,1,True,Turkish Grand Prix
31,44.0,0 days 00:01:41.897000,1,True,Turkish Grand Prix
31,45.0,0 days 00:01:42.295000,1,True,Turkish Grand Prix
31,46.0,0 days 00:01:41.686000,1,True,Turkish Grand Prix
31,47.0,0 days 00:01:41.813000,1,True,Turkish Grand Prix
31,48.0,0 days 00:01:42.312000,2,True,Turkish Grand Prix
31,49.0,0 days 00:01:41.792000,1,True,Turkish Grand Prix
31,50.0,0 days 00:01:42.356000,2,True,Turkish Grand Prix
31,51.0,0 days 00:01:41.211000,1,True,Turkish Grand Prix
31,52.0,0 days 00:01:41.108000,1,True,Turkish Grand Prix
31,53.0,0 days 00:01:42.455000,1,True,Turkish Grand Prix
31,54.0,0 days 00:01:41.235000,1,True,Turkish Grand Prix
31,55.0,0 days 00:01:41.006000,1,True,Turkish Grand Prix
31,56.0,0 days 00:01:41.320000,1,True,Turkish Grand Prix
31,57.0,0 days 00:01:46.456000,1,True,Turkish Grand Prix
33,1.0,0 days 00:02:09.685000,2,False,Turkish Grand Prix
33,2.0,0 days 00:01:59.069000,2,True,Turkish Grand Prix
33,3.0,0 days 00:01:55.266000,1,True,Turkish Grand Prix
33,4.0,0 days 00:01:55.259000,1,True,Turkish Grand Prix
33,5.0,0 days 00:01:54.134000,1,True,Turkish Grand Prix
33,6.0,0 days 00:01:53.330000,1,True,Turkish Grand Prix
33,7.0,0 days 00:01:52.893000,1,True,Turkish Grand Prix
33,8.0,0 days 00:01:52.703000,1,True,Turkish Grand Prix
33,9.0,0 days 00:01:51.091000,1,True,Turkish Grand Prix
33,10.0,0 days 00:01:48.610000,1,True,Turkish Grand Prix
33,11.0,0 days 00:01:49.567000,1,False,Turkish Grand Prix
33,12.0,0 days 00:02:07.358000,1,False,Turkish Grand Prix
33,13.0,0 days 00:01:50.639000,26,False,Turkish Grand Prix
33,14.0,0 days 00:02:07.347000,6,False,Turkish Grand Prix
33,15.0,0 days 00:01:51.995000,67,False,Turkish Grand Prix
33,16.0,0 days 00:01:45.353000,1,True,Turkish Grand Prix
33,17.0,0 days 00:01:45.189000,2,True,Turkish Grand Prix
33,18.0,0 days 00:02:00.327000,2,False,Turkish Grand Prix
33,19.0,0 days 00:01:59.670000,1,False,Turkish Grand Prix
33,20.0,0 days 00:01:42.093000,1,True,Turkish Grand Prix
33,21.0,0 days 00:01:41.479000,2,True,Turkish Grand Prix
33,22.0,0 days 00:01:44.400000,1,True,Turkish Grand Prix
33,23.0,0 days 00:01:43.546000,1,True,Turkish Grand Prix
33,24.0,0 days 00:01:43.262000,1,True,Turkish Grand Prix
33,25.0,0 days 00:01:43.483000,1,True,Turkish Grand Prix
33,26.0,0 days 00:01:44.165000,1,True,Turkish Grand Prix
33,27.0,0 days 00:01:43.637000,1,True,Turkish Grand Prix
33,28.0,0 days 00:01:43.340000,1,True,Turkish Grand Prix
33,29.0,0 days 00:01:42.803000,1,True,Turkish Grand Prix
33,30.0,0 days 00:01:43.239000,1,True,Turkish Grand Prix
33,31.0,0 days 00:01:44.017000,1,True,Turkish Grand Prix
33,32.0,0 days 00:01:44.057000,1,True,Turkish Grand Prix
33,33.0,0 days 00:01:42.444000,1,True,Turkish Grand Prix
33,34.0,0 days 00:01:41.733000,2,True,Turkish Grand Prix
33,35.0,0 days 00:01:42.092000,1,True,Turkish Grand Prix
33,36.0,0 days 00:01:41.953000,1,True,Turkish Grand Prix
33,37.0,0 days 00:01:42.324000,1,True,Turkish Grand Prix
33,38.0,0 days 00:01:41.166000,1,True,Turkish Grand Prix
33,39.0,0 days 00:01:42.565000,2,True,Turkish Grand Prix
33,40.0,0 days 00:01:41.760000,2,True,Turkish Grand Prix
33,41.0,0 days 00:01:42.293000,2,True,Turkish Grand Prix
33,42.0,0 days 00:01:43.207000,1,True,Turkish Grand Prix
33,43.0,0 days 00:01:46.109000,1,False,Turkish Grand Prix
33,44.0,0 days 00:01:56.618000,1,False,Turkish Grand Prix
33,45.0,0 days 00:01:39.706000,1,True,Turkish Grand Prix
33,46.0,0 days 00:01:40.797000,1,True,Turkish Grand Prix
33,47.0,0 days 00:01:41.300000,1,True,Turkish Grand Prix
33,48.0,0 days 00:01:40.527000,2,True,Turkish Grand Prix
33,49.0,0 days 00:01:41.247000,2,True,Turkish Grand Prix
33,50.0,0 days 00:01:40.786000,1,True,Turkish Grand Prix
33,51.0,0 days 00:01:42.204000,2,True,Turkish Grand Prix
33,52.0,0 days 00:01:38.729000,1,True,Turkish Grand Prix
33,53.0,0 days 00:01:38.431000,1,True,Turkish Grand Prix
33,54.0,0 days 00:01:39.830000,1,True,Turkish Grand Prix
33,55.0,0 days 00:01:38.821000,1,True,Turkish Grand Prix
33,56.0,0 days 00:01:42.824000,1,True,Turkish Grand Prix
33,57.0,0 days 00:01:41.049000,1,True,Turkish Grand Prix
33,58.0,0 days 00:01:40.665000,1,True,Turkish Grand Prix
4,1.0,0 days 00:02:23.668000,2,False,Turkish Grand Prix
4,2.0,0 days 00:02:04.681000,1,True,Turkish Grand Prix
4,3.0,0 days 00:02:00.938000,1,True,Turkish Grand Prix
4,4.0,0 days 00:01:59.566000,1,True,Turkish Grand Prix
4,5.0,0 days 00:01:58.176000,1,True,Turkish Grand Prix
4,6.0,0 days 00:01:57.099000,1,True,Turkish Grand Prix
4,7.0,0 days 00:01:55.263000,1,True,Turkish Grand Prix
4,8.0,0 days 00:01:56.555000,1,True,Turkish Grand Prix
4,9.0,0 days 00:01:54.627000,1,False,Turkish Grand Prix
4,10.0,0 days 00:02:06.018000,1,False,Turkish Grand Prix
4,11.0,0 days 00:01:48.431000,1,True,Turkish Grand Prix
4,12.0,0 days 00:01:47.864000,2,True,Turkish Grand Prix
4,13.0,0 days 00:02:04.355000,26,False,Turkish Grand Prix
4,14.0,0 days 00:02:05.619000,67,False,Turkish Grand Prix
4,15.0,0 days 00:01:49.966000,1,True,Turkish Grand Prix
4,16.0,0 days 00:01:48.632000,1,True,Turkish Grand Prix
4,17.0,0 days 00:01:46.872000,2,True,Turkish Grand Prix
4,18.0,0 days 00:01:46.273000,2,True,Turkish Grand Prix
4,19.0,0 days 00:01:45.042000,1,True,Turkish Grand Prix
4,20.0,0 days 00:01:45.125000,1,True,Turkish Grand Prix
4,21.0,0 days 00:01:44.615000,2,True,Turkish Grand Prix
4,22.0,0 days 00:01:43.991000,1,True,Turkish Grand Prix
4,23.0,0 days 00:01:44.359000,1,True,Turkish Grand Prix
4,24.0,0 days 00:01:45.629000,1,True,Turkish Grand Prix
4,25.0,0 days 00:01:43.344000,1,True,Turkish Grand Prix
4,26.0,0 days 00:01:44.830000,1,True,Turkish Grand Prix
4,27.0,0 days 00:01:44.900000,1,True,Turkish Grand Prix
4,28.0,0 days 00:01:42.218000,1,True,Turkish Grand Prix
4,29.0,0 days 00:01:43.097000,1,True,Turkish Grand Prix
4,30.0,0 days 00:01:42.793000,1,True,Turkish Grand Prix
4,31.0,0 days 00:01:42.723000,1,True,Turkish Grand Prix
4,32.0,0 days 00:01:42.792000,1,True,Turkish Grand Prix
4,33.0,0 days 00:01:41.783000,2,True,Turkish Grand Prix
4,34.0,0 days 00:01:41.427000,1,True,Turkish Grand Prix
4,35.0,0 days 00:01:41.287000,1,True,Turkish Grand Prix
4,36.0,0 days 00:01:42.273000,1,False,Turkish Grand Prix
4,37.0,0 days 00:01:59.401000,1,False,Turkish Grand Prix
4,38.0,0 days 00:01:39.796000,2,True,Turkish Grand Prix
4,39.0,0 days 00:01:40.329000,2,True,Turkish Grand Prix
4,40.0,0 days 00:01:42.503000,2,True,Turkish Grand Prix
4,41.0,0 days 00:01:41.967000,1,True,Turkish Grand Prix
4,42.0,0 days 00:01:42.101000,1,True,Turkish Grand Prix
4,43.0,0 days 00:01:41.808000,1,True,Turkish Grand Prix
4,44.0,0 days 00:01:42.065000,1,True,Turkish Grand Prix
4,45.0,0 days 00:01:42.171000,1,True,Turkish Grand Prix
4,46.0,0 days 00:01:41.576000,1,True,Turkish Grand Prix
4,47.0,0 days 00:01:40.833000,1,True,Turkish Grand Prix
4,48.0,0 days 00:01:41.732000,2,True,Turkish Grand Prix
4,49.0,0 days 00:01:40.061000,1,True,Turkish Grand Prix
4,50.0,0 days 00:01:40.070000,2,True,Turkish Grand Prix
4,51.0,0 days 00:01:38.471000,2,True,Turkish Grand Prix
4,52.0,0 days 00:01:38.057000,1,True,Turkish Grand Prix
4,53.0,0 days 00:01:37.603000,1,True,Turkish Grand Prix
4,54.0,0 days 00:01:38.226000,1,True,Turkish Grand Prix
4,55.0,0 days 00:01:39.806000,1,True,Turkish Grand Prix
4,56.0,0 days 00:01:39.214000,1,True,Turkish Grand Prix
4,57.0,0 days 00:01:39.145000,1,True,Turkish Grand Prix
4,58.0,0 days 00:01:36.806000,1,True,Turkish Grand Prix
44,1.0,0 days 00:02:11.904000,2,False,Turkish Grand Prix
44,2.0,0 days 00:01:59.881000,2,True,Turkish Grand Prix
44,3.0,0 days 00:01:56.659000,1,True,Turkish Grand Prix
44,4.0,0 days 00:01:55.018000,1,True,Turkish Grand Prix
44,5.0,0 days 00:01:54.724000,1,True,Turkish Grand Prix
44,6.0,0 days 00:01:53.283000,1,True,Turkish Grand Prix
44,7.0,0 days 00:01:52.562000,1,True,Turkish Grand Prix
44,8.0,0 days 00:01:54.401000,1,False,Turkish Grand Prix
44,9.0,0 days 00:02:08.857000,1,False,Turkish Grand Prix
44,10.0,0 days 00:01:45.872000,1,True,Turkish Grand Prix
44,11.0,0 days 00:01:49.209000,1,True,Turkish Grand Prix
44,12.0,0 days 00:01:50.239000,1,True,Turkish Grand Prix
44,13.0,0 days 00:01:54.471000,26,False,Turkish Grand Prix
44,14.0,0 days 00:02:06.654000,6,False,Turkish Grand Prix
44,15.0,0 days 00:01:55.353000,67,False,Turkish Grand Prix
44,16.0,0 days 00:01:47.193000,1,True,Turkish Grand Prix
44,17.0,0 days 00:01:46.044000,2,True,Turkish Grand Prix
44,18.0,0 days 00:01:45.723000,2,True,Turkish Grand Prix
44,19.0,0 days 00:01:44.116000,1,True,Turkish Grand Prix
44,20.0,0 days 00:01:43.948000,1,True,Turkish Grand Prix
44,21.0,0 days 00:01:42.909000,2,True,Turkish Grand Prix
44,22.0,0 days 00:01:43.593000,1,True,Turkish Grand Prix
44,23.0,0 days 00:01:44.136000,1,True,Turkish Grand Prix
44,24.0,0 days 00:01:43.780000,1,True,Turkish Grand Prix
44,25.0,0 days 00:01:43.136000,1,True,Turkish Grand Prix
44,26.0,0 days 00:01:42.092000,1,True,Turkish Grand Prix
44,27.0,0 days 00:01:42.711000,1,True,Turkish Grand Prix
44,28.0,0 days 00:01:42.995000,1,True,Turkish Grand Prix
44,29.0,0 days 00:01:42.475000,1,True,Turkish Grand Prix
44,30.0,0 days 00:01:43.238000,1,True,Turkish Grand Prix
44,31.0,0 days 00:01:43.783000,1,True,Turkish Grand Prix
44,32.0,0 days 00:01:44.355000,1,True,Turkish Grand Prix
44,33.0,0 days 00:01:42.318000,1,True,Turkish Grand Prix
44,34.0,0 days 00:01:41.664000,2,True,Turkish Grand Prix
44,35.0,0 days 00:01:41.658000,1,True,Turkish Grand Prix
44,36.0,0 days 00:01:42.606000,1,True,Turkish Grand Prix
44,37.0,0 days 00:01:42.089000,1,True,Turkish Grand Prix
44,38.0,0 days 00:01:41.956000,1,True,Turkish Grand Prix
44,39.0,0 days 00:01:41.866000,2,True,Turkish Grand Prix
44,40.0,0 days 00:01:40.637000,2,True,Turkish Grand Prix
44,41.0,0 days 00:01:40.261000,2,True,Turkish Grand Prix
44,42.0,0 days 00:01:39.999000,1,True,Turkish Grand Prix
44,43.0,0 days 00:01:40.489000,1,True,Turkish Grand Prix
44,44.0,0 days 00:01:40.591000,1,True,Turkish Grand Prix
44,45.0,0 days 00:01:40.979000,1,True,Turkish Grand Prix
44,46.0,0 days 00:01:42.168000,1,True,Turkish Grand Prix
44,47.0,0 days 00:01:40.768000,1,True,Turkish Grand Prix
44,48.0,0 days 00:01:41.385000,1,True,Turkish Grand Prix
44,49.0,0 days 00:01:40.976000,2,True,Turkish Grand Prix
44,50.0,0 days 00:01:40.483000,1,True,Turkish Grand Prix
44,51.0,0 days 00:01:40.435000,2,True,Turkish Grand Prix
44,52.0,0 days 00:01:39.875000,1,True,Turkish Grand Prix
44,53.0,0 days 00:01:40.365000,1,True,Turkish Grand Prix
44,54.0,0 days 00:01:40.466000,1,True,Turkish Grand Prix
44,55.0,0 days 00:01:40.732000,1,True,Turkish Grand Prix
44,56.0,0 days 00:01:39.413000,1,True,Turkish Grand Prix
44,57.0,0 days 00:01:39.572000,1,True,Turkish Grand Prix
44,58.0,0 days 00:01:40.248000,1,True,Turkish Grand Prix
5,1.0,0 days 00:02:08.656000,2,False,Turkish Grand Prix
5,2.0,0 days 00:01:58.303000,2,True,Turkish Grand Prix
5,3.0,0 days 00:01:56.056000,1,True,Turkish Grand Prix
5,4.0,0 days 00:01:55.377000,1,True,Turkish Grand Prix
5,5.0,0 days 00:01:54.100000,1,True,Turkish Grand Prix
5,6.0,0 days 00:01:53.284000,1,True,Turkish Grand Prix
5,7.0,0 days 00:01:52.899000,1,True,Turkish Grand Prix
5,8.0,0 days 00:01:53.094000,1,False,Turkish Grand Prix
5,9.0,0 days 00:02:10.845000,1,False,Turkish Grand Prix
5,10.0,0 days 00:01:49.322000,1,True,Turkish Grand Prix
5,11.0,0 days 00:01:49.439000,1,True,Turkish Grand Prix
5,12.0,0 days 00:01:50.603000,1,True,Turkish Grand Prix
5,13.0,0 days 00:01:53.100000,26,False,Turkish Grand Prix
5,14.0,0 days 00:02:07.391000,6,False,Turkish Grand Prix
5,15.0,0 days 00:01:55.131000,67,False,Turkish Grand Prix
5,16.0,0 days 00:01:48.022000,1,True,Turkish Grand Prix
5,17.0,0 days 00:01:46.067000,2,True,Turkish Grand Prix
5,18.0,0 days 00:01:45.212000,2,True,Turkish Grand Prix
5,19.0,0 days 00:01:44.705000,1,True,Turkish Grand Prix
5,20.0,0 days 00:01:43.418000,1,True,Turkish Grand Prix
5,21.0,0 days 00:01:42.734000,2,True,Turkish Grand Prix
5,22.0,0 days 00:01:42.820000,1,True,Turkish Grand Prix
5,23.0,0 days 00:01:43.142000,1,True,Turkish Grand Prix
5,24.0,0 days 00:01:42.811000,1,True,Turkish Grand Prix
5,25.0,0 days 00:01:43.092000,1,True,Turkish Grand Prix
5,26.0,0 days 00:01:43.211000,1,True,Turkish Grand Prix
5,27.0,0 days 00:01:43.200000,1,True,Turkish Grand Prix
5,28.0,0 days 00:01:42.972000,1,True,Turkish Grand Prix
5,29.0,0 days 00:01:43.714000,1,True,Turkish Grand Prix
5,30.0,0 days 00:01:43.467000,1,True,Turkish Grand Prix
5,31.0,0 days 00:01:43.949000,1,True,Turkish Grand Prix
5,32.0,0 days 00:01:43.835000,1,True,Turkish Grand Prix
5,33.0,0 days 00:01:43.841000,1,False,Turkish Grand Prix
5,34.0,0 days 00:02:04.163000,2,False,Turkish Grand Prix
5,35.0,0 days 00:01:41.955000,1,True,Turkish Grand Prix
5,36.0,0 days 00:01:43.248000,1,True,Turkish Grand Prix
5,37.0,0 days 00:01:42.949000,1,True,Turkish Grand Prix
5,38.0,0 days 00:01:43.173000,1,True,Turkish Grand Prix
5,39.0,0 days 00:01:43.907000,2,True,Turkish Grand Prix
5,40.0,0 days 00:01:42.094000,2,True,Turkish Grand Prix
5,41.0,0 days 00:01:41.270000,2,True,Turkish Grand Prix
5,42.0,0 days 00:01:41.479000,1,True,Turkish Grand Prix
5,43.0,0 days 00:01:41.319000,1,True,Turkish Grand Prix
5,44.0,0 days 00:01:41.141000,1,True,Turkish Grand Prix
5,45.0,0 days 00:01:40.450000,1,True,Turkish Grand Prix
5,46.0,0 days 00:01:40.711000,1,True,Turkish Grand Prix
5,47.0,0 days 00:01:40.514000,1,True,Turkish Grand Prix
5,48.0,0 days 00:01:40.822000,2,True,Turkish Grand Prix
5,49.0,0 days 00:01:40.904000,2,True,Turkish Grand Prix
5,50.0,0 days 00:01:41.623000,1,True,Turkish Grand Prix
5,51.0,0 days 00:01:40.525000,2,True,Turkish Grand Prix
5,52.0,0 days 00:01:41.901000,1,True,Turkish Grand Prix
5,53.0,0 days 00:01:39.662000,1,True,Turkish Grand Prix
5,54.0,0 days 00:01:39.685000,1,True,Turkish Grand Prix
5,55.0,0 days 00:01:39.692000,1,True,Turkish Grand Prix
5,56.0,0 days 00:01:39.868000,1,True,Turkish Grand Prix
5,57.0,0 days 00:01:40.103000,1,True,Turkish Grand Prix
5,58.0,0 days 00:01:40.303000,1,True,Turkish Grand Prix
55,1.0,0 days 00:02:15.726000,2,False,Turkish Grand Prix
55,2.0,0 days 00:02:02.115000,2,True,Turkish Grand Prix
55,3.0,0 days 00:01:57.336000,1,True,Turkish Grand Prix
55,4.0,0 days 00:01:56.216000,1,True,Turkish Grand Prix
55,5.0,0 days 00:01:55.227000,1,True,Turkish Grand Prix
55,6.0,0 days 00:01:53.255000,1,True,Turkish Grand Prix
55,7.0,0 days 00:01:53.171000,1,True,Turkish Grand Prix
55,8.0,0 days 00:01:52.726000,1,True,Turkish Grand Prix
55,9.0,0 days 00:01:51.671000,1,True,Turkish Grand Prix
55,10.0,0 days 00:01:52.789000,1,False,Turkish Grand Prix
55,11.0,0 days 00:02:07.973000,1,False,Turkish Grand Prix
55,12.0,0 days 00:01:47.450000,1,True,Turkish Grand Prix
55,13.0,0 days 00:01:56.781000,26,False,Turkish Grand Prix
55,14.0,0 days 00:02:06.450000,6,False,Turkish Grand Prix
55,15.0,0 days 00:01:51.374000,67,False,Turkish Grand Prix
55,16.0,0 days 00:01:46.712000,1,True,Turkish Grand Prix
55,17.0,0 days 00:01:45.807000,2,True,Turkish Grand Prix
55,18.0,0 days 00:01:45.464000,2,True,Turkish Grand Prix
55,19.0,0 days 00:01:44.270000,1,True,Turkish Grand Prix
55,20.0,0 days 00:01:45.156000,1,True,Turkish Grand Prix
55,21.0,0 days 00:01:44.343000,2,True,Turkish Grand Prix
55,22.0,0 days 00:01:43.667000,1,True,Turkish Grand Prix
55,23.0,0 days 00:01:43.325000,1,True,Turkish Grand Prix
55,24.0,0 days 00:01:43.683000,1,True,Turkish Grand Prix
55,25.0,0 days 00:01:43.955000,1,True,Turkish Grand Prix
55,26.0,0 days 00:01:43.573000,1,True,Turkish Grand Prix
55,27.0,0 days 00:01:43.780000,1,True,Turkish Grand Prix
55,28.0,0 days 00:01:42.943000,1,True,Turkish Grand Prix
55,29.0,0 days 00:01:42.863000,1,True,Turkish Grand Prix
55,30.0,0 days 00:01:43.637000,1,True,Turkish Grand Prix
55,31.0,0 days 00:01:44.048000,1,True,Turkish Grand Prix
55,32.0,0 days 00:01:44.139000,1,True,Turkish Grand Prix
55,33.0,0 days 00:01:43.533000,1,False,Turkish Grand Prix
55,34.0,0 days 00:01:59.034000,2,False,Turkish Grand Prix
55,35.0,0 days 00:01:40.208000,1,True,Turkish Grand Prix
55,36.0,0 days 00:01:41.574000,1,True,Turkish Grand Prix
55,37.0,0 days 00:01:42.576000,1,True,Turkish Grand Prix
55,38.0,0 days 00:01:42.590000,1,True,Turkish Grand Prix
55,39.0,0 days 00:01:42.515000,2,True,Turkish Grand Prix
55,40.0,0 days 00:01:42.556000,2,True,Turkish Grand Prix
55,41.0,0 days 00:01:45.448000,2,True,Turkish Grand Prix
55,42.0,0 days 00:01:40.635000,1,True,Turkish Grand Prix
55,43.0,0 days 00:01:40.289000,1,True,Turkish Grand Prix
55,44.0,0 days 00:01:39.718000,1,True,Turkish Grand Prix
55,45.0,0 days 00:01:40.521000,1,True,Turkish Grand Prix
55,46.0,0 days 00:01:40.356000,1,True,Turkish Grand Prix
55,47.0,0 days 00:01:40.312000,1,True,Turkish Grand Prix
55,48.0,0 days 00:01:41.542000,2,True,Turkish Grand Prix
55,49.0,0 days 00:01:40.387000,2,True,Turkish Grand Prix
55,50.0,0 days 00:01:40.051000,1,True,Turkish Grand Prix
55,51.0,0 days 00:01:40.204000,2,True,Turkish Grand Prix
55,52.0,0 days 00:01:39.120000,1,True,Turkish Grand Prix
55,53.0,0 days 00:01:39.247000,1,True,Turkish Grand Prix
55,54.0,0 days 00:01:42.075000,1,True,Turkish Grand Prix
55,55.0,0 days 00:01:39.509000,1,True,Turkish Grand Prix
55,56.0,0 days 00:01:38.754000,1,True,Turkish Grand Prix
55,57.0,0 days 00:01:39.290000,1,True,Turkish Grand Prix
55,58.0,0 days 00:01:40.007000,1,True,Turkish Grand Prix
6,1.0,0 days 00:02:38.785000,2,False,Turkish Grand Prix
6,2.0,0 days 00:02:12.459000,1,True,Turkish Grand Prix
6,3.0,0 days 00:02:10.767000,1,True,Turkish Grand Prix
6,4.0,0 days 00:02:06.716000,1,True,Turkish Grand Prix
6,5.0,0 days 00:02:03.251000,1,True,Turkish Grand Prix
6,6.0,0 days 00:02:06.551000,1,True,Turkish Grand Prix
6,7.0,0 days 00:02:02.473000,1,True,Turkish Grand Prix
6,8.0,0 days 00:02:07.212000,1,False,Turkish Grand Prix
6,9.0,0 days 00:02:19.487000,1,False,Turkish Grand Prix
6,10.0,0 days 00:01:58.190000,1,True,Turkish Grand Prix
6,11.0,0 days 00:01:55.835000,1,True,Turkish Grand Prix
6,12.0,0 days 00:02:05.966000,26,False,Turkish Grand Prix
6,13.0,0 days 00:02:06.037000,67,False,Turkish Grand Prix
6,14.0,0 days 00:01:53.841000,1,True,Turkish Grand Prix
6,15.0,0 days 00:01:55.751000,1,True,Turkish Grand Prix
6,16.0,0 days 00:01:53.611000,2,True,Turkish Grand Prix
6,17.0,0 days 00:02:01.307000,2,True,Turkish Grand Prix
6,18.0,0 days 00:01:48.535000,1,True,Turkish Grand Prix
6,19.0,0 days 00:01:46.879000,2,True,Turkish Grand Prix
6,20.0,0 days 00:01:47.430000,2,True,Turkish Grand Prix
6,21.0,0 days 00:01:46.092000,1,True,Turkish Grand Prix
6,22.0,0 days 00:01:48.581000,1,True,Turkish Grand Prix
6,23.0,0 days 00:01:48.427000,1,True,Turkish Grand Prix
6,24.0,0 days 00:01:45.509000,1,True,Turkish Grand Prix
6,25.0,0 days 00:01:47.888000,1,True,Turkish Grand Prix
6,26.0,0 days 00:01:49.510000,1,True,Turkish Grand Prix
6,27.0,0 days 00:01:45.131000,1,True,Turkish Grand Prix
6,28.0,0 days 00:01:45.229000,1,True,Turkish Grand Prix
6,29.0,0 days 00:01:44.067000,1,True,Turkish Grand Prix
6,30.0,0 days 00:01:44.623000,1,True,Turkish Grand Prix
6,31.0,0 days 00:01:43.664000,1,True,Turkish Grand Prix
6,32.0,0 days 00:01:43.495000,2,True,Turkish Grand Prix
6,33.0,0 days 00:01:45.598000,1,True,Turkish Grand Prix
6,34.0,0 days 00:01:44.685000,1,True,Turkish Grand Prix
6,35.0,0 days 00:01:45.261000,1,True,Turkish Grand Prix
6,36.0,0 days 00:01:48.624000,1,True,Turkish Grand Prix
6,37.0,0 days 00:01:59.868000,2,True,Turkish Grand Prix
6,38.0,0 days 00:02:03.206000,2,False,Turkish Grand Prix
6,39.0,0 days 00:02:19.230000,1,False,Turkish Grand Prix
63,1.0,0 days 00:02:27.980000,2,False,Turkish Grand Prix
63,2.0,0 days 00:02:09.862000,1,True,Turkish Grand Prix
63,3.0,0 days 00:02:02.790000,1,True,Turkish Grand Prix
63,4.0,0 days 00:02:00.833000,1,True,Turkish Grand Prix
63,5.0,0 days 00:01:58.792000,1,True,Turkish Grand Prix
63,6.0,0 days 00:01:56.634000,1,True,Turkish Grand Prix
63,7.0,0 days 00:01:55.621000,1,True,Turkish Grand Prix
63,8.0,0 days 00:01:54.228000,1,True,Turkish Grand Prix
63,9.0,0 days 00:01:52.942000,1,True,Turkish Grand Prix
63,10.0,0 days 00:01:51.091000,1,True,Turkish Grand Prix
63,11.0,0 days 00:01:49.730000,1,True,Turkish Grand Prix
63,12.0,0 days 00:01:49.594000,1,True,Turkish Grand Prix
63,13.0,0 days 00:02:02.770000,26,False,Turkish Grand Prix
63,14.0,0 days 00:02:06.410000,67,False,Turkish Grand Prix
63,15.0,0 days 00:01:51.523000,1,True,Turkish Grand Prix
63,16.0,0 days 00:01:49.674000,1,True,Turkish Grand Prix
63,17.0,0 days 00:01:46.993000,2,True,Turkish Grand Prix
63,18.0,0 days 00:01:46.182000,2,True,Turkish Grand Prix
63,19.0,0 days 00:01:45.415000,1,True,Turkish Grand Prix
63,20.0,0 days 00:01:45.021000,1,True,Turkish Grand Prix
63,21.0,0 days 00:01:44.358000,2,True,Turkish Grand Prix
63,22.0,0 days 00:01:44.204000,1,True,Turkish Grand Prix
63,23.0,0 days 00:01:44.551000,1,True,Turkish Grand Prix
63,24.0,0 days 00:01:47.054000,1,True,Turkish Grand Prix
63,25.0,0 days 00:01:47.223000,1,True,Turkish Grand Prix
63,26.0,0 days 00:01:45.613000,1,True,Turkish Grand Prix
63,27.0,0 days 00:01:45.229000,1,True,Turkish Grand Prix
63,28.0,0 days 00:01:45.619000,1,True,Turkish Grand Prix
63,29.0,0 days 00:01:45.114000,1,True,Turkish Grand Prix
63,30.0,0 days 00:01:44.622000,1,True,Turkish Grand Prix
63,31.0,0 days 00:01:44.457000,1,True,Turkish Grand Prix
63,32.0,0 days 00:01:45.196000,1,False,Turkish Grand Prix
63,33.0,0 days 00:02:02.800000,2,False,Turkish Grand Prix
63,34.0,0 days 00:01:43.942000,1,True,Turkish Grand Prix
63,35.0,0 days 00:01:43.742000,1,True,Turkish Grand Prix
63,36.0,0 days 00:01:45.417000,1,True,Turkish Grand Prix
63,37.0,0 days 00:01:46.030000,1,True,Turkish Grand Prix
63,38.0,0 days 00:01:46.931000,2,True,Turkish Grand Prix
63,39.0,0 days 00:01:47.757000,2,True,Turkish Grand Prix
63,40.0,0 days 00:01:46.107000,2,True,Turkish Grand Prix
63,41.0,0 days 00:01:48.165000,1,True,Turkish Grand Prix
63,42.0,0 days 00:01:47.418000,1,False,Turkish Grand Prix
63,43.0,0 days 00:02:01.348000,1,False,Turkish Grand Prix
63,44.0,0 days 00:01:43.262000,1,True,Turkish Grand Prix
63,45.0,0 days 00:01:44.091000,1,True,Turkish Grand Prix
63,46.0,0 days 00:01:43.467000,1,True,Turkish Grand Prix
63,47.0,0 days 00:01:44.630000,2,True,Turkish Grand Prix
63,48.0,0 days 00:01:45.165000,2,True,Turkish Grand Prix
63,49.0,0 days 00:01:46.440000,2,True,Turkish Grand Prix
63,50.0,0 days 00:01:41.889000,2,True,Turkish Grand Prix
63,51.0,0 days 00:01:40.814000,1,True,Turkish Grand Prix
63,52.0,0 days 00:01:41.599000,1,True,Turkish Grand Prix
63,53.0,0 days 00:01:41.739000,1,True,Turkish Grand Prix
63,54.0,0 days 00:01:44.356000,1,True,Turkish Grand Prix
63,55.0,0 days 00:01:44.647000,1,True,Turkish Grand Prix
63,56.0,0 days 00:01:45.572000,1,True,Turkish Grand Prix
63,57.0,0 days 00:01:42.992000,1,True,Turkish Grand Prix
7,1.0,0 days 00:02:14.918000,2,False,Turkish Grand Prix
7,2.0,0 days 00:02:00.377000,2,True,Turkish Grand Prix
7,3.0,0 days 00:01:58.478000,1,True,Turkish Grand Prix
7,4.0,0 days 00:01:56.508000,1,True,Turkish Grand Prix
7,5.0,0 days 00:01:58.955000,1,True,Turkish Grand Prix
7,6.0,0 days 00:01:56.634000,1,True,Turkish Grand Prix
7,7.0,0 days 00:01:55.279000,1,True,Turkish Grand Prix
7,8.0,0 days 00:01:55.858000,1,False,Turkish Grand Prix
7,9.0,0 days 00:02:19.440000,1,False,Turkish Grand Prix
7,10.0,0 days 00:01:50.839000,1,True,Turkish Grand Prix
7,11.0,0 days 00:01:52.458000,1,True,Turkish Grand Prix
7,12.0,0 days 00:01:52.178000,2,True,Turkish Grand Prix
7,13.0,0 days 00:02:03.240000,26,False,Turkish Grand Prix
7,14.0,0 days 00:02:06.323000,67,False,Turkish Grand Prix
7,15.0,0 days 00:01:50.474000,1,True,Turkish Grand Prix
7,16.0,0 days 00:01:49.911000,1,True,Turkish Grand Prix
7,17.0,0 days 00:01:47.584000,2,True,Turkish Grand Prix
7,18.0,0 days 00:01:46.662000,2,True,Turkish Grand Prix
7,19.0,0 days 00:01:47.418000,1,True,Turkish Grand Prix
7,20.0,0 days 00:01:45.095000,1,True,Turkish Grand Prix
7,21.0,0 days 00:01:44.923000,2,True,Turkish Grand Prix
7,22.0,0 days 00:01:44.470000,1,True,Turkish Grand Prix
7,23.0,0 days 00:01:45.747000,1,True,Turkish Grand Prix
7,24.0,0 days 00:01:44.422000,1,True,Turkish Grand Prix
7,25.0,0 days 00:01:44.888000,1,True,Turkish Grand Prix
7,26.0,0 days 00:01:45.077000,1,True,Turkish Grand Prix
7,27.0,0 days 00:01:45.433000,1,True,Turkish Grand Prix
7,28.0,0 days 00:01:45.468000,1,True,Turkish Grand Prix
7,29.0,0 days 00:01:47.232000,1,True,Turkish Grand Prix
7,30.0,0 days 00:01:46.601000,1,False,Turkish Grand Prix
7,31.0,0 days 00:02:14.006000,1,False,Turkish Grand Prix
7,32.0,0 days 00:01:42.726000,1,True,Turkish Grand Prix
7,33.0,0 days 00:01:43.680000,2,True,Turkish Grand Prix
7,34.0,0 days 00:01:43.842000,1,True,Turkish Grand Prix
7,35.0,0 days 00:01:43.789000,1,True,Turkish Grand Prix
7,36.0,0 days 00:01:43.667000,1,True,Turkish Grand Prix
7,37.0,0 days 00:01:42.783000,1,True,Turkish Grand Prix
7,38.0,0 days 00:01:42.465000,2,True,Turkish Grand Prix
7,39.0,0 days 00:01:43.168000,2,True,Turkish Grand Prix
7,40.0,0 days 00:01:42.204000,2,True,Turkish Grand Prix
7,41.0,0 days 00:01:42.469000,1,True,Turkish Grand Prix
7,42.0,0 days 00:01:41.747000,1,True,Turkish Grand Prix
7,43.0,0 days 00:01:41.663000,1,True,Turkish Grand Prix
7,44.0,0 days 00:01:42.251000,1,True,Turkish Grand Prix
7,45.0,0 days 00:01:42.915000,1,True,Turkish Grand Prix
7,46.0,0 days 00:01:43.542000,1,True,Turkish Grand Prix
7,47.0,0 days 00:01:47.432000,2,True,Turkish Grand Prix
7,48.0,0 days 00:01:43.716000,2,True,Turkish Grand Prix
7,49.0,0 days 00:01:47.816000,1,True,Turkish Grand Prix
7,50.0,0 days 00:01:52.331000,2,False,Turkish Grand Prix
7,51.0,0 days 00:02:01.536000,1,False,Turkish Grand Prix
7,52.0,0 days 00:01:40.589000,1,True,Turkish Grand Prix
7,53.0,0 days 00:01:41.503000,1,True,Turkish Grand Prix
7,54.0,0 days 00:01:43.014000,1,True,Turkish Grand Prix
7,55.0,0 days 00:01:41.329000,1,True,Turkish Grand Prix
7,56.0,0 days 00:01:42.852000,1,True,Turkish Grand Prix
7,57.0,0 days 00:01:39.743000,1,True,Turkish Grand Prix
77,1.0,0 days 00:02:28.432000,2,False,Turkish Grand Prix
77,2.0,0 days 00:02:03.530000,1,True,Turkish Grand Prix
77,3.0,0 days 00:02:00.309000,1,True,Turkish Grand Prix
77,4.0,0 days 00:01:57.473000,1,True,Turkish Grand Prix
77,5.0,0 days 00:01:58.254000,1,True,Turkish Grand Prix
77,6.0,0 days 00:01:58.218000,1,True,Turkish Grand Prix
77,7.0,0 days 00:01:56.556000,1,False,Turkish Grand Prix
77,8.0,0 days 00:02:09.177000,1,False,Turkish Grand Prix
77,9.0,0 days 00:01:50.923000,1,True,Turkish Grand Prix
77,10.0,0 days 00:01:52.489000,1,True,Turkish Grand Prix
77,11.0,0 days 00:01:46.579000,1,True,Turkish Grand Prix
77,12.0,0 days 00:01:48.940000,1,True,Turkish Grand Prix
77,13.0,0 days 00:02:02.471000,26,False,Turkish Grand Prix
77,14.0,0 days 00:02:06.620000,67,False,Turkish Grand Prix
77,15.0,0 days 00:01:54.699000,1,True,Turkish Grand Prix
77,16.0,0 days 00:01:55.273000,1,True,Turkish Grand Prix
77,17.0,0 days 00:01:45.484000,2,True,Turkish Grand Prix
77,18.0,0 days 00:01:44.979000,2,True,Turkish Grand Prix
77,19.0,0 days 00:01:44.741000,1,True,Turkish Grand Prix
77,20.0,0 days 00:01:45.390000,1,True,Turkish Grand Prix
77,21.0,0 days 00:01:57.855000,2,True,Turkish Grand Prix
77,22.0,0 days 00:01:44.353000,1,True,Turkish Grand Prix
77,23.0,0 days 00:01:44.057000,1,True,Turkish Grand Prix
77,24.0,0 days 00:01:42.689000,1,True,Turkish Grand Prix
77,25.0,0 days 00:01:43.754000,1,True,Turkish Grand Prix
77,26.0,0 days 00:01:44.748000,1,True,Turkish Grand Prix
77,27.0,0 days 00:01:45.151000,1,True,Turkish Grand Prix
77,28.0,0 days 00:01:44.654000,1,True,Turkish Grand Prix
77,29.0,0 days 00:01:44.525000,1,True,Turkish Grand Prix
77,30.0,0 days 00:01:43.621000,1,True,Turkish Grand Prix
77,31.0,0 days 00:01:42.886000,1,True,Turkish Grand Prix
77,32.0,0 days 00:01:42.919000,1,True,Turkish Grand Prix
77,33.0,0 days 00:01:42.927000,2,True,Turkish Grand Prix
77,34.0,0 days 00:01:42.570000,1,True,Turkish Grand Prix
77,35.0,0 days 00:01:42.537000,1,True,Turkish Grand Prix
77,36.0,0 days 00:01:42.628000,1,True,Turkish Grand Prix
77,37.0,0 days 00:01:42.475000,1,True,Turkish Grand Prix
77,38.0,0 days 00:01:42.684000,2,True,Turkish Grand Prix
77,39.0,0 days 00:01:44.476000,2,True,Turkish Grand Prix
77,40.0,0 days 00:01:54.673000,2,True,Turkish Grand Prix
77,41.0,0 days 00:01:41.666000,1,True,Turkish Grand Prix
77,42.0,0 days 00:01:40.673000,1,True,Turkish Grand Prix
77,43.0,0 days 00:01:40.416000,1,True,Turkish Grand Prix
77,44.0,0 days 00:01:41.714000,1,True,Turkish Grand Prix
77,45.0,0 days 00:01:48.022000,1,True,Turkish Grand Prix
77,46.0,0 days 00:01:49.648000,1,False,Turkish Grand Prix
77,47.0,0 days 00:02:01.933000,2,False,Turkish Grand Prix
77,48.0,0 days 00:01:41.684000,2,True,Turkish Grand Prix
77,49.0,0 days 00:01:43.951000,1,True,Turkish Grand Prix
77,50.0,0 days 00:01:41.793000,2,True,Turkish Grand Prix
77,51.0,0 days 00:01:42.921000,1,True,Turkish Grand Prix
77,52.0,0 days 00:01:46.388000,1,True,Turkish Grand Prix
77,53.0,0 days 00:01:42.308000,1,True,Turkish Grand Prix
77,54.0,0 days 00:01:40.939000,1,True,Turkish Grand Prix
77,55.0,0 days 00:01:40.770000,1,True,Turkish Grand Prix
77,56.0,0 days 00:01:41.789000,1,True,Turkish Grand Prix
77,57.0,0 days 00:01:38.193000,1,True,Turkish Grand Prix
8,1.0,0 days 00:02:24.084000,2,False,Turkish Grand Prix
8,2.0,0 days 00:02:06.933000,1,True,Turkish Grand Prix
8,3.0,0 days 00:02:04.367000,1,True,Turkish Grand Prix
8,4.0,0 days 00:01:59.439000,1,True,Turkish Grand Prix
8,5.0,0 days 00:01:58.713000,1,True,Turkish Grand Prix
8,6.0,0 days 00:01:58.901000,1,True,Turkish Grand Prix
8,7.0,0 days 00:01:55.997000,1,True,Turkish Grand Prix
8,8.0,0 days 00:01:57.507000,1,False,Turkish Grand Prix
8,9.0,0 days 00:02:15.743000,1,False,Turkish Grand Prix
8,10.0,0 days 00:01:52.232000,1,True,Turkish Grand Prix
8,11.0,0 days 00:01:49.985000,1,True,Turkish Grand Prix
8,12.0,0 days 00:01:51.162000,2,True,Turkish Grand Prix
8,13.0,0 days 00:02:04.988000,26,False,Turkish Grand Prix
8,14.0,0 days 00:02:03.798000,67,False,Turkish Grand Prix
8,15.0,0 days 00:01:51.290000,1,True,Turkish Grand Prix
8,16.0,0 days 00:01:48.027000,1,True,Turkish Grand Prix
8,17.0,0 days 00:01:46.960000,2,True,Turkish Grand Prix
8,18.0,0 days 00:01:46.215000,2,True,Turkish Grand Prix
8,19.0,0 days 00:01:46.478000,1,True,Turkish Grand Prix
8,20.0,0 days 00:01:46.434000,2,True,Turkish Grand Prix
8,21.0,0 days 00:01:46.432000,2,True,Turkish Grand Prix
8,22.0,0 days 00:01:45.477000,1,True,Turkish Grand Prix
8,23.0,0 days 00:01:46.478000,1,True,Turkish Grand Prix
8,24.0,0 days 00:01:46.063000,1,True,Turkish Grand Prix
8,25.0,0 days 00:01:45.693000,1,True,Turkish Grand Prix
8,26.0,0 days 00:01:45.639000,1,True,Turkish Grand Prix
8,27.0,0 days 00:01:47.411000,1,True,Turkish Grand Prix
8,28.0,0 days 00:01:54.260000,1,True,Turkish Grand Prix
8,29.0,0 days 00:01:46.015000,1,True,Turkish Grand Prix
8,30.0,0 days 00:01:45.120000,1,True,Turkish Grand Prix
8,31.0,0 days 00:01:44.748000,1,True,Turkish Grand Prix
8,32.0,0 days 00:01:45.056000,1,True,Turkish Grand Prix
8,33.0,0 days 00:01:43.961000,2,True,Turkish Grand Prix
8,34.0,0 days 00:01:44.128000,1,True,Turkish Grand Prix
8,35.0,0 days 00:01:44.527000,1,True,Turkish Grand Prix
8,36.0,0 days 00:01:48.755000,1,False,Turkish Grand Prix
8,37.0,0 days 00:02:09.716000,1,False,Turkish Grand Prix
8,38.0,0 days 00:01:43.281000,2,True,Turkish Grand Prix
8,39.0,0 days 00:02:07.545000,2,True,Turkish Grand Prix
8,40.0,0 days 00:01:45.123000,1,True,Turkish Grand Prix
8,41.0,0 days 00:01:45.545000,1,True,Turkish Grand Prix
8,42.0,0 days 00:01:44.004000,1,True,Turkish Grand Prix
8,43.0,0 days 00:01:44.108000,1,True,Turkish Grand Prix
8,44.0,0 days 00:01:43.728000,1,True,Turkish Grand Prix
8,45.0,0 days 00:01:44.824000,1,True,Turkish Grand Prix
8,46.0,0 days 00:01:57.719000,2,True,Turkish Grand Prix
8,47.0,0 days 00:01:48.751000,2,True,Turkish Grand Prix
8,48.0,0 days 00:01:49.349000,1,True,Turkish Grand Prix
8,49.0,0 days 00:01:45.674000,2,False,Turkish Grand Prix
99,1.0,0 days 00:02:17.762000,2,False,Turkish Grand Prix
99,2.0,0 days 00:02:04.423000,2,True,Turkish Grand Prix
99,3.0,0 days 00:02:01.884000,1,True,Turkish Grand Prix
99,4.0,0 days 00:02:00.200000,1,True,Turkish Grand Prix
99,5.0,0 days 00:01:57.415000,1,True,Turkish Grand Prix
99,6.0,0 days 00:01:56.650000,1,True,Turkish Grand Prix
99,7.0,0 days 00:01:57.201000,1,True,Turkish Grand Prix
99,8.0,0 days 00:01:56.474000,1,False,Turkish Grand Prix
99,9.0,0 days 00:02:16.363000,1,False,Turkish Grand Prix
99,10.0,0 days 00:01:53.659000,1,True,Turkish Grand Prix
99,11.0,0 days 00:01:51.122000,1,True,Turkish Grand Prix
99,12.0,,,False,Turkish Grand Prix
10,1.0,0 days 00:02:27.729000,5,False,Bahrain Grand Prix
10,2.0,,1,False,Bahrain Grand Prix
10,3.0,,24,False,Bahrain Grand Prix
10,4.0,0 days 00:02:18.822000,4,False,Bahrain Grand Prix
10,5.0,,4,False,Bahrain Grand Prix
10,6.0,0 days 00:02:17.801000,4,False,Bahrain Grand Prix
10,7.0,0 days 00:02:18.209000,4,False,Bahrain Grand Prix
10,8.0,0 days 00:02:27.312000,4,False,Bahrain Grand Prix
10,9.0,0 days 00:01:38.480000,1,False,Bahrain Grand Prix
10,10.0,0 days 00:01:37.427000,1,True,Bahrain Grand Prix
10,11.0,0 days 00:01:36.932000,1,True,Bahrain Grand Prix
10,12.0,0 days 00:01:38.410000,1,True,Bahrain Grand Prix
10,13.0,0 days 00:01:36.677000,2,True,Bahrain Grand Prix
10,14.0,0 days 00:01:36.753000,1,True,Bahrain Grand Prix
10,15.0,0 days 00:01:36.998000,1,True,Bahrain Grand Prix
10,16.0,0 days 00:01:36.933000,1,True,Bahrain Grand Prix
10,17.0,0 days 00:01:36.826000,1,True,Bahrain Grand Prix
10,18.0,0 days 00:01:36.594000,1,True,Bahrain Grand Prix
10,19.0,0 days 00:01:36.679000,1,True,Bahrain Grand Prix
10,20.0,0 days 00:01:36.878000,1,True,Bahrain Grand Prix
10,21.0,0 days 00:01:37.337000,1,True,Bahrain Grand Prix
10,22.0,0 days 00:01:36.958000,1,True,Bahrain Grand Prix
10,23.0,0 days 00:01:38.085000,1,True,Bahrain Grand Prix
10,24.0,0 days 00:01:38.006000,1,True,Bahrain Grand Prix
10,25.0,0 days 00:01:39.369000,1,False,Bahrain Grand Prix
10,26.0,0 days 00:01:55.499000,1,False,Bahrain Grand Prix
10,27.0,0 days 00:01:35.368000,1,True,Bahrain Grand Prix
10,28.0,0 days 00:01:35.325000,1,True,Bahrain Grand Prix
10,29.0,0 days 00:01:35.144000,1,True,Bahrain Grand Prix
10,30.0,0 days 00:01:35.046000,1,True,Bahrain Grand Prix
10,31.0,0 days 00:01:35.139000,1,True,Bahrain Grand Prix
10,32.0,0 days 00:01:35.164000,1,True,Bahrain Grand Prix
10,33.0,0 days 00:01:35.400000,1,True,Bahrain Grand Prix
10,34.0,0 days 00:01:35.495000,1,True,Bahrain Grand Prix
10,35.0,0 days 00:01:35.112000,1,True,Bahrain Grand Prix
10,36.0,0 days 00:01:35.578000,1,True,Bahrain Grand Prix
10,37.0,0 days 00:01:35.435000,1,True,Bahrain Grand Prix
10,38.0,0 days 00:01:35.237000,1,True,Bahrain Grand Prix
10,39.0,0 days 00:01:34.822000,1,True,Bahrain Grand Prix
10,40.0,0 days 00:01:34.867000,1,True,Bahrain Grand Prix
10,41.0,0 days 00:01:35.261000,1,True,Bahrain Grand Prix
10,42.0,0 days 00:01:34.988000,1,True,Bahrain Grand Prix
10,43.0,0 days 00:01:34.974000,1,True,Bahrain Grand Prix
10,44.0,0 days 00:01:36.366000,1,True,Bahrain Grand Prix
10,45.0,0 days 00:01:35.317000,1,True,Bahrain Grand Prix
10,46.0,0 days 00:01:35.066000,1,True,Bahrain Grand Prix
10,47.0,0 days 00:01:34.922000,1,True,Bahrain Grand Prix
10,48.0,0 days 00:01:34.817000,1,True,Bahrain Grand Prix
10,49.0,0 days 00:01:34.967000,1,True,Bahrain Grand Prix
10,50.0,0 days 00:01:35.061000,1,True,Bahrain Grand Prix
10,51.0,0 days 00:01:36.831000,1,True,Bahrain Grand Prix
10,52.0,0 days 00:01:35.500000,1,True,Bahrain Grand Prix
10,53.0,0 days 00:01:35.556000,1,True,Bahrain Grand Prix
10,54.0,0 days 00:01:57.736000,2,True,Bahrain Grand Prix
10,55.0,0 days 00:02:10.805000,4,False,Bahrain Grand Prix
10,56.0,0 days 00:01:47.503000,4,False,Bahrain Grand Prix
10,57.0,0 days 00:01:48.630000,4,False,Bahrain Grand Prix
11,1.0,0 days 00:02:12.787000,5,False,Bahrain Grand Prix
11,2.0,,1,False,Bahrain Grand Prix
11,3.0,,24,False,Bahrain Grand Prix
11,4.0,0 days 00:02:22.056000,4,False,Bahrain Grand Prix
11,5.0,0 days 00:02:29.086000,4,False,Bahrain Grand Prix
11,6.0,0 days 00:02:19.412000,4,False,Bahrain Grand Prix
11,7.0,0 days 00:02:18.327000,4,False,Bahrain Grand Prix
11,8.0,,4,False,Bahrain Grand Prix
11,9.0,0 days 00:01:35.363000,1,False,Bahrain Grand Prix
11,10.0,0 days 00:01:35.087000,1,True,Bahrain Grand Prix
11,11.0,0 days 00:01:35.386000,1,True,Bahrain Grand Prix
11,12.0,0 days 00:01:35.647000,1,True,Bahrain Grand Prix
11,13.0,0 days 00:01:35.636000,2,True,Bahrain Grand Prix
11,14.0,0 days 00:01:35.625000,2,True,Bahrain Grand Prix
11,15.0,0 days 00:01:35.590000,1,True,Bahrain Grand Prix
11,16.0,0 days 00:01:35.873000,1,True,Bahrain Grand Prix
11,17.0,0 days 00:01:35.755000,1,True,Bahrain Grand Prix
11,18.0,0 days 00:01:35.927000,1,True,Bahrain Grand Prix
11,19.0,0 days 00:01:35.812000,1,True,Bahrain Grand Prix
11,20.0,0 days 00:01:38.907000,1,False,Bahrain Grand Prix
11,21.0,0 days 00:01:55.617000,1,False,Bahrain Grand Prix
11,22.0,0 days 00:01:36.383000,1,True,Bahrain Grand Prix
11,23.0,0 days 00:01:34.752000,1,True,Bahrain Grand Prix
11,24.0,0 days 00:01:34.542000,1,True,Bahrain Grand Prix
11,25.0,0 days 00:01:34.486000,1,True,Bahrain Grand Prix
11,26.0,0 days 00:01:34.547000,1,True,Bahrain Grand Prix
11,27.0,0 days 00:01:34.467000,1,True,Bahrain Grand Prix
11,28.0,0 days 00:01:34.570000,1,True,Bahrain Grand Prix
11,29.0,0 days 00:01:34.560000,1,True,Bahrain Grand Prix
11,30.0,0 days 00:01:34.734000,1,True,Bahrain Grand Prix
11,31.0,0 days 00:01:34.893000,1,True,Bahrain Grand Prix
11,32.0,0 days 00:01:34.612000,1,True,Bahrain Grand Prix
11,33.0,0 days 00:01:35.020000,1,True,Bahrain Grand Prix
11,34.0,0 days 00:01:35.066000,1,True,Bahrain Grand Prix
11,35.0,0 days 00:01:35.220000,1,True,Bahrain Grand Prix
11,36.0,0 days 00:01:38.535000,1,False,Bahrain Grand Prix
11,37.0,0 days 00:01:54.988000,1,False,Bahrain Grand Prix
11,38.0,0 days 00:01:33.794000,1,True,Bahrain Grand Prix
11,39.0,0 days 00:01:33.943000,1,True,Bahrain Grand Prix
11,40.0,0 days 00:01:33.629000,1,True,Bahrain Grand Prix
11,41.0,0 days 00:01:33.639000,1,True,Bahrain Grand Prix
11,42.0,0 days 00:01:33.912000,1,True,Bahrain Grand Prix
11,43.0,0 days 00:01:33.674000,1,True,Bahrain Grand Prix
11,44.0,0 days 00:01:33.851000,1,True,Bahrain Grand Prix
11,45.0,0 days 00:01:33.892000,1,True,Bahrain Grand Prix
11,46.0,0 days 00:01:33.991000,1,True,Bahrain Grand Prix
11,47.0,0 days 00:01:34.863000,1,True,Bahrain Grand Prix
11,48.0,0 days 00:01:34.227000,1,True,Bahrain Grand Prix
11,49.0,0 days 00:01:34.407000,1,True,Bahrain Grand Prix
11,50.0,0 days 00:01:34.745000,1,True,Bahrain Grand Prix
11,51.0,0 days 00:01:34.841000,1,True,Bahrain Grand Prix
11,52.0,0 days 00:01:34.881000,1,True,Bahrain Grand Prix
11,53.0,0 days 00:01:38.090000,1,True,Bahrain Grand Prix
11,54.0,,,False,Bahrain Grand Prix
16,1.0,0 days 00:02:40.113000,5,False,Bahrain Grand Prix
16,2.0,,1,False,Bahrain Grand Prix
16,3.0,,24,False,Bahrain Grand Prix
16,4.0,0 days 00:02:18.031000,4,False,Bahrain Grand Prix
16,5.0,,4,False,Bahrain Grand Prix
16,6.0,0 days 00:02:18.696000,4,False,Bahrain Grand Prix
16,7.0,0 days 00:02:17.543000,4,False,Bahrain Grand Prix
16,8.0,,4,False,Bahrain Grand Prix
16,9.0,0 days 00:01:37.425000,1,False,Bahrain Grand Prix
16,10.0,0 days 00:01:37.030000,1,True,Bahrain Grand Prix
16,11.0,0 days 00:01:37.009000,1,True,Bahrain Grand Prix
16,12.0,0 days 00:01:39.949000,1,True,Bahrain Grand Prix
16,13.0,0 days 00:01:38.543000,2,True,Bahrain Grand Prix
16,14.0,0 days 00:01:37.471000,1,True,Bahrain Grand Prix
16,15.0,0 days 00:01:37.516000,1,True,Bahrain Grand Prix
16,16.0,0 days 00:01:37.123000,1,True,Bahrain Grand Prix
16,17.0,0 days 00:01:37.210000,1,True,Bahrain Grand Prix
16,18.0,0 days 00:01:37.078000,1,True,Bahrain Grand Prix
16,19.0,0 days 00:01:37.066000,1,True,Bahrain Grand Prix
16,20.0,0 days 00:01:37.377000,1,True,Bahrain Grand Prix
16,21.0,0 days 00:01:37.756000,1,True,Bahrain Grand Prix
16,22.0,0 days 00:01:38.559000,1,True,Bahrain Grand Prix
16,23.0,0 days 00:01:40.792000,1,False,Bahrain Grand Prix
16,24.0,0 days 00:01:55.223000,1,False,Bahrain Grand Prix
16,25.0,0 days 00:01:35.380000,1,True,Bahrain Grand Prix
16,26.0,0 days 00:01:35.612000,1,True,Bahrain Grand Prix
16,27.0,0 days 00:01:35.117000,1,True,Bahrain Grand Prix
16,28.0,0 days 00:01:35.377000,1,True,Bahrain Grand Prix
16,29.0,0 days 00:01:35.287000,1,True,Bahrain Grand Prix
16,30.0,0 days 00:01:35.412000,1,True,Bahrain Grand Prix
16,31.0,0 days 00:01:35.658000,1,True,Bahrain Grand Prix
16,32.0,0 days 00:01:36.980000,1,True,Bahrain Grand Prix
16,33.0,0 days 00:01:36.048000,1,True,Bahrain Grand Prix
16,34.0,0 days 00:01:36.233000,1,True,Bahrain Grand Prix
16,35.0,0 days 00:01:36.055000,1,True,Bahrain Grand Prix
16,36.0,0 days 00:01:36.241000,1,True,Bahrain Grand Prix
16,37.0,0 days 00:01:36.400000,1,True,Bahrain Grand Prix
16,38.0,0 days 00:01:36.304000,1,True,Bahrain Grand Prix
16,39.0,0 days 00:01:36.786000,1,True,Bahrain Grand Prix
16,40.0,0 days 00:01:40.296000,1,False,Bahrain Grand Prix
16,41.0,0 days 00:01:55.192000,1,False,Bahrain Grand Prix
16,42.0,0 days 00:01:34.039000,1,True,Bahrain Grand Prix
16,43.0,0 days 00:01:33.696000,1,True,Bahrain Grand Prix
16,44.0,0 days 00:01:33.625000,1,True,Bahrain Grand Prix
16,45.0,0 days 00:01:33.633000,1,True,Bahrain Grand Prix
16,46.0,0 days 00:01:33.729000,1,True,Bahrain Grand Prix
16,47.0,0 days 00:01:34.182000,1,True,Bahrain Grand Prix
16,48.0,0 days 00:01:34.150000,1,True,Bahrain Grand Prix
16,49.0,0 days 00:01:34.129000,1,True,Bahrain Grand Prix
16,50.0,0 days 00:01:36.219000,1,True,Bahrain Grand Prix
16,51.0,0 days 00:01:34.671000,1,True,Bahrain Grand Prix
16,52.0,0 days 00:01:34.889000,1,True,Bahrain Grand Prix
16,53.0,0 days 00:01:37.077000,1,True,Bahrain Grand Prix
16,54.0,0 days 00:02:07.443000,2,True,Bahrain Grand Prix
16,55.0,0 days 00:02:21.804000,4,False,Bahrain Grand Prix
16,56.0,,4,False,Bahrain Grand Prix
18,1.0,0 days 00:02:45.807000,5,False,Bahrain Grand Prix
18,2.0,,1,False,Bahrain Grand Prix
18,3.0,,,False,Bahrain Grand Prix
20,1.0,0 days 00:02:49.800000,5,False,Bahrain Grand Prix
20,2.0,,1,False,Bahrain Grand Prix
20,3.0,,24,False,Bahrain Grand Prix
20,4.0,0 days 00:02:26.852000,4,False,Bahrain Grand Prix
20,5.0,0 days 00:02:22.898000,4,False,Bahrain Grand Prix
20,6.0,0 days 00:02:16.727000,4,False,Bahrain Grand Prix
20,7.0,0 days 00:02:21.154000,4,False,Bahrain Grand Prix
20,8.0,0 days 00:02:15.889000,4,False,Bahrain Grand Prix
20,9.0,0 days 00:01:39.638000,1,False,Bahrain Grand Prix
20,10.0,0 days 00:01:39.126000,1,True,Bahrain Grand Prix
20,11.0,0 days 00:01:38.449000,1,True,Bahrain Grand Prix
20,12.0,0 days 00:01:38.275000,1,True,Bahrain Grand Prix
20,13.0,0 days 00:01:37.987000,2,True,Bahrain Grand Prix
20,14.0,0 days 00:01:38.278000,1,True,Bahrain Grand Prix
20,15.0,0 days 00:01:38.545000,1,True,Bahrain Grand Prix
20,16.0,0 days 00:01:38.608000,1,True,Bahrain Grand Prix
20,17.0,0 days 00:01:38.393000,1,True,Bahrain Grand Prix
20,18.0,0 days 00:01:38.444000,1,True,Bahrain Grand Prix
20,19.0,0 days 00:01:40.018000,1,True,Bahrain Grand Prix
20,20.0,0 days 00:01:39.320000,1,True,Bahrain Grand Prix
20,21.0,0 days 00:01:38.558000,1,True,Bahrain Grand Prix
20,22.0,0 days 00:01:38.035000,1,True,Bahrain Grand Prix
20,23.0,0 days 00:01:37.713000,1,True,Bahrain Grand Prix
20,24.0,0 days 00:01:37.835000,1,True,Bahrain Grand Prix
20,25.0,0 days 00:01:38.819000,1,True,Bahrain Grand Prix
20,26.0,0 days 00:01:38.118000,1,True,Bahrain Grand Prix
20,27.0,0 days 00:01:42.014000,1,False,Bahrain Grand Prix
20,28.0,0 days 00:01:58.458000,1,False,Bahrain Grand Prix
20,29.0,0 days 00:01:35.241000,1,True,Bahrain Grand Prix
20,30.0,0 days 00:01:37.852000,1,True,Bahrain Grand Prix
20,31.0,0 days 00:01:35.632000,1,True,Bahrain Grand Prix
20,32.0,0 days 00:01:36.061000,1,True,Bahrain Grand Prix
20,33.0,0 days 00:01:37.809000,1,True,Bahrain Grand Prix
20,34.0,0 days 00:01:35.733000,1,True,Bahrain Grand Prix
20,35.0,0 days 00:01:37.191000,1,True,Bahrain Grand Prix
20,36.0,0 days 00:01:36.326000,1,True,Bahrain Grand Prix
20,37.0,0 days 00:01:36.790000,1,True,Bahrain Grand Prix
20,38.0,0 days 00:01:36.836000,1,True,Bahrain Grand Prix
20,39.0,0 days 00:01:38.001000,1,True,Bahrain Grand Prix
20,40.0,0 days 00:01:37.720000,1,True,Bahrain Grand Prix
20,41.0,0 days 00:01:36.625000,1,True,Bahrain Grand Prix
20,42.0,0 days 00:01:38.155000,1,True,Bahrain Grand Prix
20,43.0,0 days 00:01:37.591000,1,True,Bahrain Grand Prix
20,44.0,0 days 00:01:38.616000,1,True,Bahrain Grand Prix
20,45.0,0 days 00:01:37.777000,1,True,Bahrain Grand Prix
20,46.0,0 days 00:01:38.428000,1,True,Bahrain Grand Prix
20,47.0,0 days 00:01:37.248000,1,True,Bahrain Grand Prix
20,48.0,0 days 00:01:38.946000,1,True,Bahrain Grand Prix
20,49.0,0 days 00:01:37.356000,1,True,Bahrain Grand Prix
20,50.0,0 days 00:01:37.194000,1,True,Bahrain Grand Prix
20,51.0,0 days 00:01:37.647000,1,True,Bahrain Grand Prix
20,52.0,0 days 00:01:38.594000,1,True,Bahrain Grand Prix
20,53.0,0 days 00:01:58.082000,2,False,Bahrain Grand Prix
20,54.0,0 days 00:02:29.621000,4,False,Bahrain Grand Prix
20,55.0,0 days 00:01:48.672000,4,False,Bahrain Grand Prix
20,56.0,0 days 00:01:48.324000,4,False,Bahrain Grand Prix
23,1.0,0 days 00:02:16.507000,5,False,Bahrain Grand Prix
23,2.0,,1,False,Bahrain Grand Prix
23,3.0,,24,False,Bahrain Grand Prix
23,4.0,0 days 00:02:19.742000,4,False,Bahrain Grand Prix
23,5.0,0 days 00:02:28.957000,4,False,Bahrain Grand Prix
23,6.0,0 days 00:02:18.973000,4,False,Bahrain Grand Prix
23,7.0,0 days 00:02:19.135000,4,False,Bahrain Grand Prix
23,8.0,,4,False,Bahrain Grand Prix
23,9.0,0 days 00:01:35.862000,1,False,Bahrain Grand Prix
23,10.0,0 days 00:01:35.545000,1,True,Bahrain Grand Prix
23,11.0,0 days 00:01:35.652000,1,True,Bahrain Grand Prix
23,12.0,0 days 00:01:35.831000,1,True,Bahrain Grand Prix
23,13.0,0 days 00:01:35.807000,2,True,Bahrain Grand Prix
23,14.0,0 days 00:01:35.910000,1,True,Bahrain Grand Prix
23,15.0,0 days 00:01:35.886000,1,True,Bahrain Grand Prix
23,16.0,0 days 00:01:36.556000,1,True,Bahrain Grand Prix
23,17.0,0 days 00:01:36.391000,1,True,Bahrain Grand Prix
23,18.0,0 days 00:01:36.148000,1,True,Bahrain Grand Prix
23,19.0,0 days 00:01:39.330000,1,False,Bahrain Grand Prix
23,20.0,0 days 00:01:55.349000,1,False,Bahrain Grand Prix
23,21.0,0 days 00:01:35.724000,1,True,Bahrain Grand Prix
23,22.0,0 days 00:01:34.561000,1,True,Bahrain Grand Prix
23,23.0,0 days 00:01:35.634000,1,True,Bahrain Grand Prix
23,24.0,0 days 00:01:34.531000,1,True,Bahrain Grand Prix
23,25.0,0 days 00:01:34.673000,1,True,Bahrain Grand Prix
23,26.0,0 days 00:01:34.463000,1,True,Bahrain Grand Prix
23,27.0,0 days 00:01:34.638000,1,True,Bahrain Grand Prix
23,28.0,0 days 00:01:34.776000,1,True,Bahrain Grand Prix
23,29.0,0 days 00:01:35.125000,1,True,Bahrain Grand Prix
23,30.0,0 days 00:01:35.104000,1,True,Bahrain Grand Prix
23,31.0,0 days 00:01:34.953000,1,True,Bahrain Grand Prix
23,32.0,0 days 00:01:35.246000,1,True,Bahrain Grand Prix
23,33.0,0 days 00:01:35.381000,1,True,Bahrain Grand Prix
23,34.0,0 days 00:01:38.293000,1,False,Bahrain Grand Prix
23,35.0,0 days 00:01:54.767000,1,False,Bahrain Grand Prix
23,36.0,0 days 00:01:33.693000,1,True,Bahrain Grand Prix
23,37.0,0 days 00:01:34.050000,1,True,Bahrain Grand Prix
23,38.0,0 days 00:01:33.932000,1,True,Bahrain Grand Prix
23,39.0,0 days 00:01:33.994000,1,True,Bahrain Grand Prix
23,40.0,0 days 00:01:33.808000,1,True,Bahrain Grand Prix
23,41.0,0 days 00:01:33.684000,1,True,Bahrain Grand Prix
23,42.0,0 days 00:01:33.874000,1,True,Bahrain Grand Prix
23,43.0,0 days 00:01:33.982000,1,True,Bahrain Grand Prix
23,44.0,0 days 00:01:34.353000,1,True,Bahrain Grand Prix
23,45.0,0 days 00:01:34.411000,1,True,Bahrain Grand Prix
23,46.0,0 days 00:01:35.470000,1,True,Bahrain Grand Prix
23,47.0,0 days 00:01:34.603000,1,True,Bahrain Grand Prix
23,48.0,0 days 00:01:34.758000,1,True,Bahrain Grand Prix
23,49.0,0 days 00:01:34.499000,1,True,Bahrain Grand Prix
23,50.0,0 days 00:01:34.152000,1,True,Bahrain Grand Prix
23,51.0,0 days 00:01:34.453000,1,True,Bahrain Grand Prix
23,52.0,0 days 00:01:34.612000,1,True,Bahrain Grand Prix
23,53.0,0 days 00:01:35.713000,1,True,Bahrain Grand Prix
23,54.0,0 days 00:01:48.128000,2,True,Bahrain Grand Prix
23,55.0,0 days 00:02:13.017000,4,False,Bahrain Grand Prix
23,56.0,0 days 00:01:49.706000,4,False,Bahrain Grand Prix
23,57.0,0 days 00:02:15.114000,4,False,Bahrain Grand Prix
26,1.0,0 days 00:03:05.092000,5,False,Bahrain Grand Prix
26,2.0,,1,False,Bahrain Grand Prix
26,3.0,,24,False,Bahrain Grand Prix
26,4.0,0 days 00:02:17.510000,4,False,Bahrain Grand Prix
26,5.0,,4,False,Bahrain Grand Prix
26,6.0,0 days 00:02:18.712000,4,False,Bahrain Grand Prix
26,7.0,0 days 00:02:17.759000,4,False,Bahrain Grand Prix
26,8.0,0 days 00:02:25.449000,4,False,Bahrain Grand Prix
26,9.0,0 days 00:01:38.300000,1,False,Bahrain Grand Prix
26,10.0,0 days 00:01:37.701000,1,True,Bahrain Grand Prix
26,11.0,0 days 00:01:36.976000,1,True,Bahrain Grand Prix
26,12.0,0 days 00:01:38.214000,1,True,Bahrain Grand Prix
26,13.0,0 days 00:01:38.077000,2,True,Bahrain Grand Prix
26,14.0,0 days 00:01:37.803000,1,True,Bahrain Grand Prix
26,15.0,0 days 00:01:37.729000,1,True,Bahrain Grand Prix
26,16.0,0 days 00:01:37.682000,1,True,Bahrain Grand Prix
26,17.0,0 days 00:01:39.757000,1,False,Bahrain Grand Prix
26,18.0,0 days 00:02:08.754000,1,False,Bahrain Grand Prix
26,19.0,0 days 00:01:34.979000,1,True,Bahrain Grand Prix
26,20.0,0 days 00:01:35.302000,1,True,Bahrain Grand Prix
26,21.0,0 days 00:01:35.949000,1,True,Bahrain Grand Prix
26,22.0,0 days 00:01:36.283000,1,True,Bahrain Grand Prix
26,23.0,0 days 00:01:36.125000,1,True,Bahrain Grand Prix
26,24.0,0 days 00:01:36.974000,1,True,Bahrain Grand Prix
26,25.0,0 days 00:01:36.630000,1,True,Bahrain Grand Prix
26,26.0,0 days 00:01:37.643000,1,True,Bahrain Grand Prix
26,27.0,0 days 00:01:37.062000,1,True,Bahrain Grand Prix
26,28.0,0 days 00:01:36.987000,1,True,Bahrain Grand Prix
26,29.0,0 days 00:01:37.070000,1,True,Bahrain Grand Prix
26,30.0,0 days 00:01:37.392000,1,True,Bahrain Grand Prix
26,31.0,0 days 00:01:36.887000,1,True,Bahrain Grand Prix
26,32.0,0 days 00:01:36.853000,1,True,Bahrain Grand Prix
26,33.0,0 days 00:01:39.086000,1,False,Bahrain Grand Prix
26,34.0,0 days 00:01:54.802000,1,False,Bahrain Grand Prix
26,35.0,0 days 00:01:34.141000,1,True,Bahrain Grand Prix
26,36.0,0 days 00:01:34.581000,1,True,Bahrain Grand Prix
26,37.0,0 days 00:01:34.606000,1,True,Bahrain Grand Prix
26,38.0,0 days 00:01:34.677000,1,True,Bahrain Grand Prix
26,39.0,0 days 00:01:36.358000,1,True,Bahrain Grand Prix
26,40.0,0 days 00:01:34.432000,1,True,Bahrain Grand Prix
26,41.0,0 days 00:01:35.634000,1,True,Bahrain Grand Prix
26,42.0,0 days 00:01:36.570000,1,True,Bahrain Grand Prix
26,43.0,0 days 00:01:35.537000,1,True,Bahrain Grand Prix
26,44.0,0 days 00:01:36.858000,1,True,Bahrain Grand Prix
26,45.0,0 days 00:01:35.418000,1,True,Bahrain Grand Prix
26,46.0,0 days 00:01:36.052000,1,True,Bahrain Grand Prix
26,47.0,0 days 00:01:34.825000,1,True,Bahrain Grand Prix
26,48.0,0 days 00:01:35.367000,1,True,Bahrain Grand Prix
26,49.0,0 days 00:01:35.369000,1,True,Bahrain Grand Prix
26,50.0,0 days 00:01:35.124000,1,True,Bahrain Grand Prix
26,51.0,0 days 00:01:35.366000,1,True,Bahrain Grand Prix
26,52.0,0 days 00:01:35.323000,1,True,Bahrain Grand Prix
26,53.0,0 days 00:01:37.503000,2,True,Bahrain Grand Prix
26,54.0,0 days 00:02:12.993000,4,False,Bahrain Grand Prix
26,55.0,0 days 00:02:08.097000,4,False,Bahrain Grand Prix
26,56.0,0 days 00:02:25.637000,4,False,Bahrain Grand Prix
3,1.0,0 days 00:02:21.194000,5,False,Bahrain Grand Prix
3,2.0,,1,False,Bahrain Grand Prix
3,3.0,,24,False,Bahrain Grand Prix
3,4.0,0 days 00:02:17.846000,4,False,Bahrain Grand Prix
3,5.0,,4,False,Bahrain Grand Prix
3,6.0,0 days 00:02:17.064000,4,False,Bahrain Grand Prix
3,7.0,0 days 00:02:19.581000,4,False,Bahrain Grand Prix
3,8.0,0 days 00:02:27.921000,4,False,Bahrain Grand Prix
3,9.0,0 days 00:01:38.313000,1,False,Bahrain Grand Prix
3,10.0,0 days 00:01:37.168000,1,True,Bahrain Grand Prix
3,11.0,0 days 00:01:37.044000,1,True,Bahrain Grand Prix
3,12.0,0 days 00:01:37.346000,1,True,Bahrain Grand Prix
3,13.0,0 days 00:01:36.642000,2,True,Bahrain Grand Prix
3,14.0,0 days 00:01:36.871000,1,True,Bahrain Grand Prix
3,15.0,0 days 00:01:36.868000,1,True,Bahrain Grand Prix
3,16.0,0 days 00:01:39.735000,1,False,Bahrain Grand Prix
3,17.0,0 days 00:01:54.990000,1,False,Bahrain Grand Prix
3,18.0,0 days 00:01:37.194000,1,True,Bahrain Grand Prix
3,19.0,0 days 00:01:36.533000,1,True,Bahrain Grand Prix
3,20.0,0 days 00:01:37.209000,1,True,Bahrain Grand Prix
3,21.0,0 days 00:01:35.772000,1,True,Bahrain Grand Prix
3,22.0,0 days 00:01:35.477000,1,True,Bahrain Grand Prix
3,23.0,0 days 00:01:35.651000,1,True,Bahrain Grand Prix
3,24.0,0 days 00:01:35.777000,1,True,Bahrain Grand Prix
3,25.0,0 days 00:01:36.232000,1,True,Bahrain Grand Prix
3,26.0,0 days 00:01:36.819000,1,True,Bahrain Grand Prix
3,27.0,0 days 00:01:36.412000,1,True,Bahrain Grand Prix
3,28.0,0 days 00:01:36.186000,1,True,Bahrain Grand Prix
3,29.0,0 days 00:01:35.489000,1,True,Bahrain Grand Prix
3,30.0,0 days 00:01:35.583000,1,True,Bahrain Grand Prix
3,31.0,0 days 00:01:35.500000,1,True,Bahrain Grand Prix
3,32.0,0 days 00:01:35.604000,1,True,Bahrain Grand Prix
3,33.0,0 days 00:01:35.955000,1,True,Bahrain Grand Prix
3,34.0,0 days 00:01:36.004000,1,True,Bahrain Grand Prix
3,35.0,0 days 00:01:37.374000,1,True,Bahrain Grand Prix
3,36.0,0 days 00:01:39.354000,1,False,Bahrain Grand Prix
3,37.0,0 days 00:01:55.721000,1,False,Bahrain Grand Prix
3,38.0,0 days 00:01:32.827000,1,True,Bahrain Grand Prix
3,39.0,0 days 00:01:34.087000,1,True,Bahrain Grand Prix
3,40.0,0 days 00:01:34.370000,1,True,Bahrain Grand Prix
3,41.0,0 days 00:01:33.916000,1,True,Bahrain Grand Prix
3,42.0,0 days 00:01:33.659000,1,True,Bahrain Grand Prix
3,43.0,0 days 00:01:33.783000,1,True,Bahrain Grand Prix
3,44.0,0 days 00:01:33.679000,1,True,Bahrain Grand Prix
3,45.0,0 days 00:01:33.911000,1,True,Bahrain Grand Prix
3,46.0,0 days 00:01:33.991000,1,True,Bahrain Grand Prix
3,47.0,0 days 00:01:34.107000,1,True,Bahrain Grand Prix
3,48.0,0 days 00:01:33.841000,1,True,Bahrain Grand Prix
3,49.0,0 days 00:01:33.879000,1,True,Bahrain Grand Prix
3,50.0,0 days 00:01:34.173000,1,True,Bahrain Grand Prix
3,51.0,0 days 00:01:34.468000,1,True,Bahrain Grand Prix
3,52.0,0 days 00:01:34.570000,1,True,Bahrain Grand Prix
3,53.0,0 days 00:01:35.306000,1,True,Bahrain Grand Prix
3,54.0,0 days 00:01:57.083000,2,True,Bahrain Grand Prix
3,55.0,0 days 00:02:12.064000,4,False,Bahrain Grand Prix
3,56.0,0 days 00:01:53.662000,4,False,Bahrain Grand Prix
3,57.0,0 days 00:01:47.813000,4,False,Bahrain Grand Prix
31,1.0,0 days 00:02:29.204000,5,False,Bahrain Grand Prix
31,2.0,,1,False,Bahrain Grand Prix
31,3.0,,24,False,Bahrain Grand Prix
31,4.0,0 days 00:02:18.854000,4,False,Bahrain Grand Prix
31,5.0,0 days 00:02:29.805000,4,False,Bahrain Grand Prix
31,6.0,0 days 00:02:19.003000,4,False,Bahrain Grand Prix
31,7.0,0 days 00:02:17.864000,4,False,Bahrain Grand Prix
31,8.0,,4,False,Bahrain Grand Prix
31,9.0,0 days 00:01:36.999000,1,False,Bahrain Grand Prix
31,10.0,0 days 00:01:36.930000,1,True,Bahrain Grand Prix
31,11.0,0 days 00:01:36.474000,1,True,Bahrain Grand Prix
31,12.0,0 days 00:01:36.622000,1,True,Bahrain Grand Prix
31,13.0,0 days 00:01:36.524000,2,True,Bahrain Grand Prix
31,14.0,0 days 00:01:36.617000,1,True,Bahrain Grand Prix
31,15.0,0 days 00:01:37.001000,1,True,Bahrain Grand Prix
31,16.0,0 days 00:01:36.875000,1,True,Bahrain Grand Prix
31,17.0,0 days 00:01:39.804000,1,False,Bahrain Grand Prix
31,18.0,0 days 00:01:57.868000,1,False,Bahrain Grand Prix
31,19.0,0 days 00:01:36.658000,1,True,Bahrain Grand Prix
31,20.0,0 days 00:01:36.820000,1,True,Bahrain Grand Prix
31,21.0,0 days 00:01:35.677000,1,True,Bahrain Grand Prix
31,22.0,0 days 00:01:35.607000,1,True,Bahrain Grand Prix
31,23.0,0 days 00:01:35.777000,1,True,Bahrain Grand Prix
31,24.0,0 days 00:01:35.942000,1,True,Bahrain Grand Prix
31,25.0,0 days 00:01:36.450000,1,True,Bahrain Grand Prix
31,26.0,0 days 00:01:35.728000,1,True,Bahrain Grand Prix
31,27.0,0 days 00:01:37.244000,1,True,Bahrain Grand Prix
31,28.0,0 days 00:01:36.414000,1,True,Bahrain Grand Prix
31,29.0,0 days 00:01:37.798000,1,True,Bahrain Grand Prix
31,30.0,0 days 00:01:36.457000,1,True,Bahrain Grand Prix
31,31.0,0 days 00:01:36.220000,1,True,Bahrain Grand Prix
31,32.0,0 days 00:01:36.217000,1,True,Bahrain Grand Prix
31,33.0,0 days 00:01:36.242000,1,True,Bahrain Grand Prix
31,34.0,0 days 00:01:38.992000,1,False,Bahrain Grand Prix
31,35.0,0 days 00:01:56.164000,1,False,Bahrain Grand Prix
31,36.0,0 days 00:01:34.497000,1,True,Bahrain Grand Prix
31,37.0,0 days 00:01:34.354000,1,True,Bahrain Grand Prix
31,38.0,0 days 00:01:35.071000,1,True,Bahrain Grand Prix
31,39.0,0 days 00:01:34.567000,1,True,Bahrain Grand Prix
31,40.0,0 days 00:01:34.698000,1,True,Bahrain Grand Prix
31,41.0,0 days 00:01:34.647000,1,True,Bahrain Grand Prix
31,42.0,0 days 00:01:34.677000,1,True,Bahrain Grand Prix
31,43.0,0 days 00:01:35.862000,1,True,Bahrain Grand Prix
31,44.0,0 days 00:01:35.024000,1,True,Bahrain Grand Prix
31,45.0,0 days 00:01:34.805000,1,True,Bahrain Grand Prix
31,46.0,0 days 00:01:34.762000,1,True,Bahrain Grand Prix
31,47.0,0 days 00:01:34.831000,1,True,Bahrain Grand Prix
31,48.0,0 days 00:01:35.034000,1,True,Bahrain Grand Prix
31,49.0,0 days 00:01:34.756000,1,True,Bahrain Grand Prix
31,50.0,0 days 00:01:34.977000,1,True,Bahrain Grand Prix
31,51.0,0 days 00:01:35.062000,1,True,Bahrain Grand Prix
31,52.0,0 days 00:01:35.148000,1,True,Bahrain Grand Prix
31,53.0,0 days 00:01:35.209000,1,True,Bahrain Grand Prix
31,54.0,0 days 00:02:04.662000,2,True,Bahrain Grand Prix
31,55.0,0 days 00:02:09.462000,4,False,Bahrain Grand Prix
31,56.0,0 days 00:01:38.588000,4,False,Bahrain Grand Prix
31,57.0,0 days 00:01:47.307000,4,False,Bahrain Grand Prix
33,1.0,0 days 00:02:09.912000,5,False,Bahrain Grand Prix
33,2.0,,1,False,Bahrain Grand Prix
33,3.0,,24,False,Bahrain Grand Prix
33,4.0,0 days 00:02:24.266000,4,False,Bahrain Grand Prix
33,5.0,0 days 00:02:28.753000,4,False,Bahrain Grand Prix
33,6.0,0 days 00:02:18.960000,4,False,Bahrain Grand Prix
33,7.0,0 days 00:02:18.648000,4,False,Bahrain Grand Prix
33,8.0,,4,False,Bahrain Grand Prix
33,9.0,0 days 00:01:34.185000,1,False,Bahrain Grand Prix
33,10.0,0 days 00:01:34.535000,1,True,Bahrain Grand Prix
33,11.0,0 days 00:01:34.705000,1,True,Bahrain Grand Prix
33,12.0,0 days 00:01:34.699000,1,True,Bahrain Grand Prix
33,13.0,0 days 00:01:35.153000,2,True,Bahrain Grand Prix
33,14.0,0 days 00:01:35.200000,2,True,Bahrain Grand Prix
33,15.0,0 days 00:01:35.052000,1,True,Bahrain Grand Prix
33,16.0,0 days 00:01:35.589000,1,True,Bahrain Grand Prix
33,17.0,0 days 00:01:35.258000,1,True,Bahrain Grand Prix
33,18.0,0 days 00:01:35.932000,1,True,Bahrain Grand Prix
33,19.0,0 days 00:01:35.729000,1,True,Bahrain Grand Prix
33,20.0,0 days 00:01:38.100000,1,False,Bahrain Grand Prix
33,21.0,0 days 00:01:54.175000,1,False,Bahrain Grand Prix
33,22.0,0 days 00:01:33.085000,1,True,Bahrain Grand Prix
33,23.0,0 days 00:01:33.781000,1,True,Bahrain Grand Prix
33,24.0,0 days 00:01:33.507000,1,True,Bahrain Grand Prix
33,25.0,0 days 00:01:33.873000,1,True,Bahrain Grand Prix
33,26.0,0 days 00:01:33.870000,1,True,Bahrain Grand Prix
33,27.0,0 days 00:01:33.809000,1,True,Bahrain Grand Prix
33,28.0,0 days 00:01:34.106000,1,True,Bahrain Grand Prix
33,29.0,0 days 00:01:34.323000,1,True,Bahrain Grand Prix
33,30.0,0 days 00:01:34.325000,1,True,Bahrain Grand Prix
33,31.0,0 days 00:01:34.551000,1,True,Bahrain Grand Prix
33,32.0,0 days 00:01:34.387000,1,True,Bahrain Grand Prix
33,33.0,0 days 00:01:34.987000,1,True,Bahrain Grand Prix
33,34.0,0 days 00:01:37.439000,1,False,Bahrain Grand Prix
33,35.0,0 days 00:01:55.512000,1,False,Bahrain Grand Prix
33,36.0,0 days 00:01:32.663000,1,True,Bahrain Grand Prix
33,37.0,0 days 00:01:32.727000,1,True,Bahrain Grand Prix
33,38.0,0 days 00:01:33.085000,1,True,Bahrain Grand Prix
33,39.0,0 days 00:01:32.989000,1,True,Bahrain Grand Prix
33,40.0,0 days 00:01:33.683000,1,True,Bahrain Grand Prix
33,41.0,0 days 00:01:32.730000,1,True,Bahrain Grand Prix
33,42.0,0 days 00:01:33.217000,1,True,Bahrain Grand Prix
33,43.0,0 days 00:01:33.402000,1,True,Bahrain Grand Prix
33,44.0,0 days 00:01:33.866000,1,True,Bahrain Grand Prix
33,45.0,0 days 00:01:34.123000,1,True,Bahrain Grand Prix
33,46.0,0 days 00:01:36.307000,1,False,Bahrain Grand Prix
33,47.0,0 days 00:01:53.625000,1,False,Bahrain Grand Prix
33,48.0,0 days 00:01:32.014000,1,True,Bahrain Grand Prix
33,49.0,0 days 00:01:32.671000,1,True,Bahrain Grand Prix
33,50.0,0 days 00:01:32.091000,1,True,Bahrain Grand Prix
33,51.0,0 days 00:01:32.859000,1,True,Bahrain Grand Prix
33,52.0,0 days 00:01:32.309000,1,True,Bahrain Grand Prix
33,53.0,0 days 00:01:33.072000,1,True,Bahrain Grand Prix
33,54.0,0 days 00:01:32.047000,2,True,Bahrain Grand Prix
33,55.0,0 days 00:02:12.874000,4,False,Bahrain Grand Prix
33,56.0,0 days 00:02:11.331000,4,False,Bahrain Grand Prix
33,57.0,0 days 00:02:26.689000,4,False,Bahrain Grand Prix
4,1.0,0 days 00:02:38.866000,5,False,Bahrain Grand Prix
4,2.0,,1,False,Bahrain Grand Prix
4,3.0,,24,False,Bahrain Grand Prix
4,4.0,0 days 00:02:18.927000,4,False,Bahrain Grand Prix
4,5.0,0 days 00:02:29.443000,4,False,Bahrain Grand Prix
4,6.0,0 days 00:02:18.794000,4,False,Bahrain Grand Prix
4,7.0,0 days 00:02:18.451000,4,False,Bahrain Grand Prix
4,8.0,,4,False,Bahrain Grand Prix
4,9.0,0 days 00:01:36.844000,1,False,Bahrain Grand Prix
4,10.0,0 days 00:01:36.554000,1,True,Bahrain Grand Prix
4,11.0,0 days 00:01:36.243000,1,True,Bahrain Grand Prix
4,12.0,0 days 00:01:36.261000,1,True,Bahrain Grand Prix
4,13.0,0 days 00:01:36.451000,2,True,Bahrain Grand Prix
4,14.0,0 days 00:01:36.654000,1,True,Bahrain Grand Prix
4,15.0,0 days 00:01:36.668000,1,True,Bahrain Grand Prix
4,16.0,0 days 00:01:36.670000,1,True,Bahrain Grand Prix
4,17.0,0 days 00:01:36.736000,1,True,Bahrain Grand Prix
4,18.0,0 days 00:01:39.469000,1,False,Bahrain Grand Prix
4,19.0,0 days 00:01:57.463000,1,False,Bahrain Grand Prix
4,20.0,0 days 00:01:35.901000,1,True,Bahrain Grand Prix
4,21.0,0 days 00:01:35.791000,1,True,Bahrain Grand Prix
4,22.0,0 days 00:01:35.843000,1,True,Bahrain Grand Prix
4,23.0,0 days 00:01:35.840000,1,True,Bahrain Grand Prix
4,24.0,0 days 00:01:35.763000,1,True,Bahrain Grand Prix
4,25.0,0 days 00:01:35.136000,1,True,Bahrain Grand Prix
4,26.0,0 days 00:01:35.442000,1,True,Bahrain Grand Prix
4,27.0,0 days 00:01:35.158000,1,True,Bahrain Grand Prix
4,28.0,0 days 00:01:35.377000,1,True,Bahrain Grand Prix
4,29.0,0 days 00:01:35.245000,1,True,Bahrain Grand Prix
4,30.0,0 days 00:01:35.202000,1,True,Bahrain Grand Prix
4,31.0,0 days 00:01:35.199000,1,True,Bahrain Grand Prix
4,32.0,0 days 00:01:35.059000,1,True,Bahrain Grand Prix
4,33.0,0 days 00:01:35.101000,1,True,Bahrain Grand Prix
4,34.0,0 days 00:01:35.127000,1,True,Bahrain Grand Prix
4,35.0,0 days 00:01:35.062000,1,True,Bahrain Grand Prix
4,36.0,0 days 00:01:35.189000,1,True,Bahrain Grand Prix
4,37.0,0 days 00:01:35.317000,1,True,Bahrain Grand Prix
4,38.0,0 days 00:01:38.012000,1,False,Bahrain Grand Prix
4,39.0,0 days 00:01:55,1,False,Bahrain Grand Prix
4,40.0,0 days 00:01:33.616000,1,True,Bahrain Grand Prix
4,41.0,0 days 00:01:33.693000,1,True,Bahrain Grand Prix
4,42.0,0 days 00:01:34.184000,1,True,Bahrain Grand Prix
4,43.0,0 days 00:01:34.190000,1,True,Bahrain Grand Prix
4,44.0,0 days 00:01:33.730000,1,True,Bahrain Grand Prix
4,45.0,0 days 00:01:34.325000,1,True,Bahrain Grand Prix
4,46.0,0 days 00:01:34.105000,1,True,Bahrain Grand Prix
4,47.0,0 days 00:01:33.715000,1,True,Bahrain Grand Prix
4,48.0,0 days 00:01:33.836000,1,True,Bahrain Grand Prix
4,49.0,0 days 00:01:33.688000,1,True,Bahrain Grand Prix
4,50.0,0 days 00:01:33.853000,1,True,Bahrain Grand Prix
4,51.0,0 days 00:01:33.969000,1,True,Bahrain Grand Prix
4,52.0,0 days 00:01:34.518000,1,True,Bahrain Grand Prix
4,53.0,0 days 00:01:33.588000,1,True,Bahrain Grand Prix
4,54.0,0 days 00:01:53.253000,2,True,Bahrain Grand Prix
4,55.0,0 days 00:02:12.201000,4,False,Bahrain Grand Prix
4,56.0,0 days 00:01:45.917000,4,False,Bahrain Grand Prix
4,57.0,0 days 00:02:07.016000,4,False,Bahrain Grand Prix
44,1.0,0 days 00:02:07.777000,5,False,Bahrain Grand Prix
44,2.0,,1,False,Bahrain Grand Prix
44,3.0,,24,False,Bahrain Grand Prix
44,4.0,0 days 00:02:24.304000,4,False,Bahrain Grand Prix
44,5.0,0 days 00:02:27.673000,4,False,Bahrain Grand Prix
44,6.0,0 days 00:02:20.062000,4,False,Bahrain Grand Prix
44,7.0,0 days 00:02:18.867000,4,False,Bahrain Grand Prix
44,8.0,,4,False,Bahrain Grand Prix
44,9.0,0 days 00:01:33.733000,1,False,Bahrain Grand Prix
44,10.0,0 days 00:01:34.357000,1,True,Bahrain Grand Prix
44,11.0,0 days 00:01:34.490000,1,True,Bahrain Grand Prix
44,12.0,0 days 00:01:34.464000,1,True,Bahrain Grand Prix
44,13.0,0 days 00:01:34.883000,2,True,Bahrain Grand Prix
44,14.0,0 days 00:01:34.785000,2,True,Bahrain Grand Prix
44,15.0,0 days 00:01:34.824000,1,True,Bahrain Grand Prix
44,16.0,0 days 00:01:34.838000,1,True,Bahrain Grand Prix
44,17.0,0 days 00:01:35.096000,1,True,Bahrain Grand Prix
44,18.0,0 days 00:01:34.929000,1,True,Bahrain Grand Prix
44,19.0,0 days 00:01:37.767000,1,False,Bahrain Grand Prix
44,20.0,0 days 00:01:54.337000,1,False,Bahrain Grand Prix
44,21.0,0 days 00:01:34.948000,1,True,Bahrain Grand Prix
44,22.0,0 days 00:01:34.165000,1,True,Bahrain Grand Prix
44,23.0,0 days 00:01:33.337000,1,True,Bahrain Grand Prix
44,24.0,0 days 00:01:34.154000,1,True,Bahrain Grand Prix
44,25.0,0 days 00:01:33.753000,1,True,Bahrain Grand Prix
44,26.0,0 days 00:01:34.030000,1,True,Bahrain Grand Prix
44,27.0,0 days 00:01:33.616000,1,True,Bahrain Grand Prix
44,28.0,0 days 00:01:33.672000,1,True,Bahrain Grand Prix
44,29.0,0 days 00:01:33.844000,1,True,Bahrain Grand Prix
44,30.0,0 days 00:01:34.512000,1,True,Bahrain Grand Prix
44,31.0,0 days 00:01:34.730000,1,True,Bahrain Grand Prix
44,32.0,0 days 00:01:34.259000,1,True,Bahrain Grand Prix
44,33.0,0 days 00:01:34.377000,1,True,Bahrain Grand Prix
44,34.0,0 days 00:01:34.590000,1,True,Bahrain Grand Prix
44,35.0,0 days 00:01:37.475000,1,False,Bahrain Grand Prix
44,36.0,0 days 00:01:55.511000,1,False,Bahrain Grand Prix
44,37.0,0 days 00:01:32.897000,1,True,Bahrain Grand Prix
44,38.0,0 days 00:01:32.864000,1,True,Bahrain Grand Prix
44,39.0,0 days 00:01:33.206000,1,True,Bahrain Grand Prix
44,40.0,0 days 00:01:33.525000,1,True,Bahrain Grand Prix
44,41.0,0 days 00:01:33.228000,1,True,Bahrain Grand Prix
44,42.0,0 days 00:01:32.881000,1,True,Bahrain Grand Prix
44,43.0,0 days 00:01:33.610000,1,True,Bahrain Grand Prix
44,44.0,0 days 00:01:33.121000,1,True,Bahrain Grand Prix
44,45.0,0 days 00:01:33.692000,1,True,Bahrain Grand Prix
44,46.0,0 days 00:01:33.493000,1,True,Bahrain Grand Prix
44,47.0,0 days 00:01:33.495000,1,True,Bahrain Grand Prix
44,48.0,0 days 00:01:33.624000,1,True,Bahrain Grand Prix
44,49.0,0 days 00:01:33.629000,1,True,Bahrain Grand Prix
44,50.0,0 days 00:01:33.672000,1,True,Bahrain Grand Prix
44,51.0,0 days 00:01:33.752000,1,True,Bahrain Grand Prix
44,52.0,0 days 00:01:34.103000,1,True,Bahrain Grand Prix
44,53.0,0 days 00:01:34.256000,1,True,Bahrain Grand Prix
44,54.0,0 days 00:01:34.153000,1,True,Bahrain Grand Prix
44,55.0,0 days 00:02:07.139000,2,True,Bahrain Grand Prix
44,56.0,0 days 00:02:22.229000,4,False,Bahrain Grand Prix
44,57.0,,4,False,Bahrain Grand Prix
5,1.0,0 days 00:02:54.756000,5,False,Bahrain Grand Prix
5,2.0,,1,False,Bahrain Grand Prix
5,3.0,,24,False,Bahrain Grand Prix
5,4.0,0 days 00:02:17.077000,4,False,Bahrain Grand Prix
5,5.0,,4,False,Bahrain Grand Prix
5,6.0,0 days 00:02:18.466000,4,False,Bahrain Grand Prix
5,7.0,0 days 00:02:20.070000,4,False,Bahrain Grand Prix
5,8.0,0 days 00:02:19.571000,4,False,Bahrain Grand Prix
5,9.0,0 days 00:01:39.435000,1,False,Bahrain Grand Prix
5,10.0,0 days 00:01:38.559000,1,True,Bahrain Grand Prix
5,11.0,0 days 00:01:38.170000,1,True,Bahrain Grand Prix
5,12.0,0 days 00:01:43.717000,1,True,Bahrain Grand Prix
5,13.0,0 days 00:01:37.451000,2,True,Bahrain Grand Prix
5,14.0,0 days 00:01:37.596000,1,True,Bahrain Grand Prix
5,15.0,0 days 00:01:38.085000,1,True,Bahrain Grand Prix
5,16.0,0 days 00:01:38.415000,1,True,Bahrain Grand Prix
5,17.0,0 days 00:01:38.381000,1,True,Bahrain Grand Prix
5,18.0,0 days 00:01:39.706000,1,True,Bahrain Grand Prix
5,19.0,0 days 00:01:38.773000,1,True,Bahrain Grand Prix
5,20.0,0 days 00:01:41.957000,1,False,Bahrain Grand Prix
5,21.0,0 days 00:01:55.907000,1,False,Bahrain Grand Prix
5,22.0,0 days 00:01:34.477000,1,True,Bahrain Grand Prix
5,23.0,0 days 00:01:34.879000,1,True,Bahrain Grand Prix
5,24.0,0 days 00:01:35.103000,1,True,Bahrain Grand Prix
5,25.0,0 days 00:01:35.783000,1,True,Bahrain Grand Prix
5,26.0,0 days 00:01:36.296000,1,True,Bahrain Grand Prix
5,27.0,0 days 00:01:36.601000,1,True,Bahrain Grand Prix
5,28.0,0 days 00:01:37.065000,1,True,Bahrain Grand Prix
5,29.0,0 days 00:01:37.167000,1,True,Bahrain Grand Prix
5,30.0,0 days 00:01:36.462000,1,True,Bahrain Grand Prix
5,31.0,0 days 00:01:36.569000,1,True,Bahrain Grand Prix
5,32.0,0 days 00:01:36.794000,1,True,Bahrain Grand Prix
5,33.0,0 days 00:01:36.990000,1,True,Bahrain Grand Prix
5,34.0,0 days 00:01:37.105000,1,True,Bahrain Grand Prix
5,35.0,0 days 00:01:36.958000,1,True,Bahrain Grand Prix
5,36.0,0 days 00:01:36.774000,1,True,Bahrain Grand Prix
5,37.0,0 days 00:01:37.368000,1,True,Bahrain Grand Prix
5,38.0,0 days 00:01:37.197000,1,True,Bahrain Grand Prix
5,39.0,0 days 00:01:39.833000,1,False,Bahrain Grand Prix
5,40.0,0 days 00:01:55.874000,1,False,Bahrain Grand Prix
5,41.0,0 days 00:01:33.861000,1,True,Bahrain Grand Prix
5,42.0,0 days 00:01:36.394000,1,True,Bahrain Grand Prix
5,43.0,0 days 00:01:34.462000,1,True,Bahrain Grand Prix
5,44.0,0 days 00:01:35.397000,1,True,Bahrain Grand Prix
5,45.0,0 days 00:01:35.407000,1,True,Bahrain Grand Prix
5,46.0,0 days 00:01:35.374000,1,True,Bahrain Grand Prix
5,47.0,0 days 00:01:35.252000,1,True,Bahrain Grand Prix
5,48.0,0 days 00:01:36.259000,1,True,Bahrain Grand Prix
5,49.0,0 days 00:01:35.454000,1,True,Bahrain Grand Prix
5,50.0,0 days 00:01:35.458000,1,True,Bahrain Grand Prix
5,51.0,0 days 00:01:35.315000,1,True,Bahrain Grand Prix
5,52.0,0 days 00:01:35.790000,1,True,Bahrain Grand Prix
5,53.0,0 days 00:01:43.658000,2,True,Bahrain Grand Prix
5,54.0,0 days 00:02:13.973000,4,False,Bahrain Grand Prix
5,55.0,0 days 00:01:59.401000,4,False,Bahrain Grand Prix
5,56.0,0 days 00:02:15.846000,4,False,Bahrain Grand Prix
55,1.0,0 days 00:02:47.457000,5,False,Bahrain Grand Prix
55,2.0,,1,False,Bahrain Grand Prix
55,3.0,,24,False,Bahrain Grand Prix
55,4.0,0 days 00:02:18.441000,4,False,Bahrain Grand Prix
55,5.0,,4,False,Bahrain Grand Prix
55,6.0,0 days 00:02:18.223000,4,False,Bahrain Grand Prix
55,7.0,0 days 00:02:18.097000,4,False,Bahrain Grand Prix
55,8.0,0 days 00:02:26.467000,4,False,Bahrain Grand Prix
55,9.0,0 days 00:01:37.163000,1,False,Bahrain Grand Prix
55,10.0,0 days 00:01:37.117000,1,True,Bahrain Grand Prix
55,11.0,0 days 00:01:36.821000,1,True,Bahrain Grand Prix
55,12.0,0 days 00:01:36.850000,1,True,Bahrain Grand Prix
55,13.0,0 days 00:01:36.418000,2,True,Bahrain Grand Prix
55,14.0,0 days 00:01:36.576000,1,True,Bahrain Grand Prix
55,15.0,0 days 00:01:37.044000,1,True,Bahrain Grand Prix
55,16.0,0 days 00:01:36.943000,1,True,Bahrain Grand Prix
55,17.0,0 days 00:01:37.165000,1,True,Bahrain Grand Prix
55,18.0,0 days 00:01:36.847000,1,True,Bahrain Grand Prix
55,19.0,0 days 00:01:36.683000,1,True,Bahrain Grand Prix
55,20.0,0 days 00:01:36.858000,1,True,Bahrain Grand Prix
55,21.0,0 days 00:01:40.205000,1,False,Bahrain Grand Prix
55,22.0,0 days 00:01:56.571000,1,False,Bahrain Grand Prix
55,23.0,0 days 00:01:35.205000,1,True,Bahrain Grand Prix
55,24.0,0 days 00:01:35.328000,1,True,Bahrain Grand Prix
55,25.0,0 days 00:01:34.976000,1,True,Bahrain Grand Prix
55,26.0,0 days 00:01:34.949000,1,True,Bahrain Grand Prix
55,27.0,0 days 00:01:34.361000,1,True,Bahrain Grand Prix
55,28.0,0 days 00:01:34.948000,1,True,Bahrain Grand Prix
55,29.0,0 days 00:01:34.935000,1,True,Bahrain Grand Prix
55,30.0,0 days 00:01:34.988000,1,True,Bahrain Grand Prix
55,31.0,0 days 00:01:35.026000,1,True,Bahrain Grand Prix
55,32.0,0 days 00:01:34.820000,1,True,Bahrain Grand Prix
55,33.0,0 days 00:01:35.063000,1,True,Bahrain Grand Prix
55,34.0,0 days 00:01:35.086000,1,True,Bahrain Grand Prix
55,35.0,0 days 00:01:35.304000,1,True,Bahrain Grand Prix
55,36.0,0 days 00:01:35.237000,1,True,Bahrain Grand Prix
55,37.0,0 days 00:01:35.356000,1,True,Bahrain Grand Prix
55,38.0,0 days 00:01:36.474000,1,True,Bahrain Grand Prix
55,39.0,0 days 00:01:39.875000,1,False,Bahrain Grand Prix
55,40.0,0 days 00:01:56.129000,1,False,Bahrain Grand Prix
55,41.0,0 days 00:01:34.118000,1,True,Bahrain Grand Prix
55,42.0,0 days 00:01:34.187000,1,True,Bahrain Grand Prix
55,43.0,0 days 00:01:33.674000,1,True,Bahrain Grand Prix
55,44.0,0 days 00:01:33.531000,1,True,Bahrain Grand Prix
55,45.0,0 days 00:01:33.583000,1,True,Bahrain Grand Prix
55,46.0,0 days 00:01:33.411000,1,True,Bahrain Grand Prix
55,47.0,0 days 00:01:33.631000,1,True,Bahrain Grand Prix
55,48.0,,1,False,Bahrain Grand Prix
55,49.0,0 days 00:01:34.224000,1,True,Bahrain Grand Prix
55,50.0,0 days 00:01:34.791000,1,True,Bahrain Grand Prix
55,51.0,0 days 00:01:33.519000,1,True,Bahrain Grand Prix
55,52.0,0 days 00:01:34.001000,1,True,Bahrain Grand Prix
55,53.0,0 days 00:01:34.181000,1,True,Bahrain Grand Prix
55,54.0,0 days 00:01:54.041000,2,True,Bahrain Grand Prix
55,55.0,0 days 00:02:11.830000,4,False,Bahrain Grand Prix
55,56.0,0 days 00:01:42.023000,4,False,Bahrain Grand Prix
55,57.0,0 days 00:02:02.091000,4,False,Bahrain Grand Prix
6,1.0,0 days 00:02:57.400000,5,False,Bahrain Grand Prix
6,2.0,,1,False,Bahrain Grand Prix
6,3.0,,24,False,Bahrain Grand Prix
6,4.0,0 days 00:02:17.274000,4,False,Bahrain Grand Prix
6,5.0,,4,False,Bahrain Grand Prix
6,6.0,0 days 00:02:18.521000,4,False,Bahrain Grand Prix
6,7.0,0 days 00:02:18.493000,4,False,Bahrain Grand Prix
6,8.0,0 days 00:02:22.993000,4,False,Bahrain Grand Prix
6,9.0,0 days 00:01:39.644000,1,False,Bahrain Grand Prix
6,10.0,0 days 00:01:38.539000,1,True,Bahrain Grand Prix
6,11.0,0 days 00:01:37.869000,1,True,Bahrain Grand Prix
6,12.0,0 days 00:01:37.979000,1,True,Bahrain Grand Prix
6,13.0,0 days 00:01:38.289000,2,True,Bahrain Grand Prix
6,14.0,0 days 00:01:39.051000,1,True,Bahrain Grand Prix
6,15.0,0 days 00:01:38.546000,1,True,Bahrain Grand Prix
6,16.0,0 days 00:01:38.587000,1,True,Bahrain Grand Prix
6,17.0,0 days 00:01:38.305000,1,True,Bahrain Grand Prix
6,18.0,0 days 00:01:38.296000,1,True,Bahrain Grand Prix
6,19.0,0 days 00:01:39.609000,1,True,Bahrain Grand Prix
6,20.0,0 days 00:01:40.710000,1,True,Bahrain Grand Prix
6,21.0,0 days 00:01:40.950000,1,False,Bahrain Grand Prix
6,22.0,0 days 00:01:56.538000,1,False,Bahrain Grand Prix
6,23.0,0 days 00:01:35.971000,1,True,Bahrain Grand Prix
6,24.0,0 days 00:01:36.007000,1,True,Bahrain Grand Prix
6,25.0,0 days 00:01:35.924000,1,True,Bahrain Grand Prix
6,26.0,0 days 00:01:36.008000,1,True,Bahrain Grand Prix
6,27.0,0 days 00:01:36.302000,1,True,Bahrain Grand Prix
6,28.0,0 days 00:01:36.768000,1,True,Bahrain Grand Prix
6,29.0,0 days 00:01:36.573000,1,True,Bahrain Grand Prix
6,30.0,0 days 00:01:37.332000,1,True,Bahrain Grand Prix
6,31.0,0 days 00:01:36.903000,1,True,Bahrain Grand Prix
6,32.0,0 days 00:01:37.049000,1,True,Bahrain Grand Prix
6,33.0,0 days 00:01:37.461000,1,True,Bahrain Grand Prix
6,34.0,0 days 00:01:37.013000,1,True,Bahrain Grand Prix
6,35.0,0 days 00:01:37.463000,1,True,Bahrain Grand Prix
6,36.0,0 days 00:01:37.580000,1,True,Bahrain Grand Prix
6,37.0,0 days 00:01:40.599000,1,False,Bahrain Grand Prix
6,38.0,0 days 00:01:54.612000,1,False,Bahrain Grand Prix
6,39.0,0 days 00:01:34.591000,1,True,Bahrain Grand Prix
6,40.0,0 days 00:01:34.832000,1,True,Bahrain Grand Prix
6,41.0,0 days 00:01:35.969000,1,True,Bahrain Grand Prix
6,42.0,0 days 00:01:36.163000,1,True,Bahrain Grand Prix
6,43.0,0 days 00:01:36.476000,1,True,Bahrain Grand Prix
6,44.0,0 days 00:01:35.991000,1,True,Bahrain Grand Prix
6,45.0,0 days 00:01:35.561000,1,True,Bahrain Grand Prix
6,46.0,0 days 00:01:36.476000,1,True,Bahrain Grand Prix
6,47.0,0 days 00:01:35.077000,1,True,Bahrain Grand Prix
6,48.0,0 days 00:01:35.492000,1,True,Bahrain Grand Prix
6,49.0,0 days 00:01:35.578000,1,True,Bahrain Grand Prix
6,50.0,0 days 00:01:37.601000,1,True,Bahrain Grand Prix
6,51.0,0 days 00:01:36.106000,1,True,Bahrain Grand Prix
6,52.0,0 days 00:01:36.303000,1,True,Bahrain Grand Prix
6,53.0,0 days 00:01:46.870000,2,True,Bahrain Grand Prix
6,54.0,0 days 00:02:12.461000,4,False,Bahrain Grand Prix
6,55.0,0 days 00:01:51.177000,4,False,Bahrain Grand Prix
6,56.0,0 days 00:02:14.922000,4,False,Bahrain Grand Prix
63,1.0,0 days 00:03:01.946000,5,False,Bahrain Grand Prix
63,2.0,,1,False,Bahrain Grand Prix
63,3.0,,24,False,Bahrain Grand Prix
63,4.0,0 days 00:02:16.391000,4,False,Bahrain Grand Prix
63,5.0,,4,False,Bahrain Grand Prix
63,6.0,0 days 00:02:17.714000,4,False,Bahrain Grand Prix
63,7.0,0 days 00:02:20.018000,4,False,Bahrain Grand Prix
63,8.0,0 days 00:02:20.962000,4,False,Bahrain Grand Prix
63,9.0,0 days 00:01:38.335000,1,False,Bahrain Grand Prix
63,10.0,0 days 00:01:37.878000,1,True,Bahrain Grand Prix
63,11.0,0 days 00:01:37.590000,1,True,Bahrain Grand Prix
63,12.0,0 days 00:01:37.830000,1,True,Bahrain Grand Prix
63,13.0,0 days 00:01:38.248000,2,True,Bahrain Grand Prix
63,14.0,0 days 00:01:37.967000,1,True,Bahrain Grand Prix
63,15.0,0 days 00:01:38.159000,1,True,Bahrain Grand Prix
63,16.0,0 days 00:01:37.926000,1,True,Bahrain Grand Prix
63,17.0,0 days 00:01:38.005000,1,True,Bahrain Grand Prix
63,18.0,0 days 00:01:37.706000,1,True,Bahrain Grand Prix
63,19.0,0 days 00:01:37.995000,1,True,Bahrain Grand Prix
63,20.0,0 days 00:01:40.113000,1,False,Bahrain Grand Prix
63,21.0,0 days 00:01:56.574000,1,False,Bahrain Grand Prix
63,22.0,0 days 00:01:36.270000,1,True,Bahrain Grand Prix
63,23.0,0 days 00:01:36.425000,1,True,Bahrain Grand Prix
63,24.0,0 days 00:01:36.733000,1,True,Bahrain Grand Prix
63,25.0,0 days 00:01:36.922000,1,True,Bahrain Grand Prix
63,26.0,0 days 00:01:36.650000,1,True,Bahrain Grand Prix
63,27.0,0 days 00:01:38.030000,1,True,Bahrain Grand Prix
63,28.0,0 days 00:01:36.828000,1,True,Bahrain Grand Prix
63,29.0,0 days 00:01:36.796000,1,True,Bahrain Grand Prix
63,30.0,0 days 00:01:36.766000,1,True,Bahrain Grand Prix
63,31.0,0 days 00:01:36.747000,1,True,Bahrain Grand Prix
63,32.0,0 days 00:01:36.636000,1,True,Bahrain Grand Prix
63,33.0,0 days 00:01:36.611000,1,True,Bahrain Grand Prix
63,34.0,0 days 00:01:36.174000,1,True,Bahrain Grand Prix
63,35.0,0 days 00:01:36.573000,1,True,Bahrain Grand Prix
63,36.0,0 days 00:01:37.826000,1,True,Bahrain Grand Prix
63,37.0,0 days 00:01:37.639000,1,True,Bahrain Grand Prix
63,38.0,0 days 00:01:37.153000,1,True,Bahrain Grand Prix
63,39.0,0 days 00:01:38.932000,1,False,Bahrain Grand Prix
63,40.0,0 days 00:01:58.773000,1,False,Bahrain Grand Prix
63,41.0,0 days 00:01:35.535000,1,True,Bahrain Grand Prix
63,42.0,0 days 00:01:35.890000,1,True,Bahrain Grand Prix
63,43.0,0 days 00:01:35.530000,1,True,Bahrain Grand Prix
63,44.0,0 days 00:01:35.493000,1,True,Bahrain Grand Prix
63,45.0,0 days 00:01:35.461000,1,True,Bahrain Grand Prix
63,46.0,0 days 00:01:35.280000,1,True,Bahrain Grand Prix
63,47.0,0 days 00:01:35.042000,1,True,Bahrain Grand Prix
63,48.0,0 days 00:01:36.182000,1,True,Bahrain Grand Prix
63,49.0,0 days 00:01:35.209000,1,True,Bahrain Grand Prix
63,50.0,0 days 00:01:35.409000,1,True,Bahrain Grand Prix
63,51.0,0 days 00:01:35.590000,1,True,Bahrain Grand Prix
63,52.0,0 days 00:01:35.807000,1,True,Bahrain Grand Prix
63,53.0,0 days 00:01:43.629000,2,True,Bahrain Grand Prix
63,54.0,0 days 00:02:11.263000,4,False,Bahrain Grand Prix
63,55.0,0 days 00:01:50.884000,4,False,Bahrain Grand Prix
63,56.0,0 days 00:02:25.519000,4,False,Bahrain Grand Prix
7,1.0,0 days 00:02:59.282000,5,False,Bahrain Grand Prix
7,2.0,,1,False,Bahrain Grand Prix
7,3.0,,24,False,Bahrain Grand Prix
7,4.0,0 days 00:02:17.286000,4,False,Bahrain Grand Prix
7,5.0,,4,False,Bahrain Grand Prix
7,6.0,0 days 00:02:17.412000,4,False,Bahrain Grand Prix
7,7.0,0 days 00:02:18.675000,4,False,Bahrain Grand Prix
7,8.0,0 days 00:02:24.534000,4,False,Bahrain Grand Prix
7,9.0,0 days 00:01:38.702000,1,False,Bahrain Grand Prix
7,10.0,0 days 00:01:38.958000,1,True,Bahrain Grand Prix
7,11.0,0 days 00:01:37.835000,1,True,Bahrain Grand Prix
7,12.0,0 days 00:01:37.769000,1,True,Bahrain Grand Prix
7,13.0,0 days 00:01:38.125000,2,True,Bahrain Grand Prix
7,14.0,0 days 00:01:37.884000,1,True,Bahrain Grand Prix
7,15.0,0 days 00:01:38.328000,1,True,Bahrain Grand Prix
7,16.0,0 days 00:01:37.951000,1,True,Bahrain Grand Prix
7,17.0,0 days 00:01:41.142000,1,False,Bahrain Grand Prix
7,18.0,0 days 00:02:04.647000,1,False,Bahrain Grand Prix
7,19.0,0 days 00:01:35.023000,1,True,Bahrain Grand Prix
7,20.0,0 days 00:01:35.212000,1,True,Bahrain Grand Prix
7,21.0,0 days 00:01:36.003000,1,True,Bahrain Grand Prix
7,22.0,0 days 00:01:36.373000,1,True,Bahrain Grand Prix
7,23.0,0 days 00:01:36.122000,1,True,Bahrain Grand Prix
7,24.0,0 days 00:01:36.613000,1,True,Bahrain Grand Prix
7,25.0,0 days 00:01:37.186000,1,True,Bahrain Grand Prix
7,26.0,0 days 00:01:37.590000,1,True,Bahrain Grand Prix
7,27.0,0 days 00:01:37.047000,1,True,Bahrain Grand Prix
7,28.0,0 days 00:01:38.055000,1,True,Bahrain Grand Prix
7,29.0,0 days 00:01:37.094000,1,True,Bahrain Grand Prix
7,30.0,0 days 00:01:38.878000,1,True,Bahrain Grand Prix
7,31.0,0 days 00:01:37.005000,1,True,Bahrain Grand Prix
7,32.0,0 days 00:01:37.126000,1,True,Bahrain Grand Prix
7,33.0,0 days 00:01:37.199000,1,True,Bahrain Grand Prix
7,34.0,0 days 00:01:37.016000,1,True,Bahrain Grand Prix
7,35.0,0 days 00:01:37.651000,1,True,Bahrain Grand Prix
7,36.0,0 days 00:01:37.472000,1,True,Bahrain Grand Prix
7,37.0,0 days 00:01:37.843000,1,True,Bahrain Grand Prix
7,38.0,0 days 00:01:38.155000,1,True,Bahrain Grand Prix
7,39.0,0 days 00:01:38.268000,1,True,Bahrain Grand Prix
7,40.0,0 days 00:01:41.212000,1,False,Bahrain Grand Prix
7,41.0,0 days 00:01:56.316000,1,False,Bahrain Grand Prix
7,42.0,0 days 00:01:33.796000,1,True,Bahrain Grand Prix
7,43.0,0 days 00:01:33.573000,1,True,Bahrain Grand Prix
7,44.0,0 days 00:01:34.238000,1,True,Bahrain Grand Prix
7,45.0,0 days 00:01:34.137000,1,True,Bahrain Grand Prix
7,46.0,0 days 00:01:35.837000,1,True,Bahrain Grand Prix
7,47.0,0 days 00:01:35.275000,1,True,Bahrain Grand Prix
7,48.0,0 days 00:01:35.581000,1,True,Bahrain Grand Prix
7,49.0,0 days 00:01:37.237000,1,True,Bahrain Grand Prix
7,50.0,0 days 00:01:35.838000,1,True,Bahrain Grand Prix
7,51.0,0 days 00:01:36.237000,1,True,Bahrain Grand Prix
7,52.0,0 days 00:01:37.902000,1,True,Bahrain Grand Prix
7,53.0,0 days 00:01:49.300000,2,True,Bahrain Grand Prix
7,54.0,0 days 00:02:13.333000,4,False,Bahrain Grand Prix
7,55.0,0 days 00:01:48.659000,4,False,Bahrain Grand Prix
7,56.0,0 days 00:02:15.110000,4,False,Bahrain Grand Prix
77,1.0,0 days 00:02:22.955000,5,False,Bahrain Grand Prix
77,2.0,,1,False,Bahrain Grand Prix
77,3.0,,24,False,Bahrain Grand Prix
77,4.0,0 days 00:02:23.108000,4,False,Bahrain Grand Prix
77,5.0,,4,False,Bahrain Grand Prix
77,6.0,0 days 00:02:17.765000,4,False,Bahrain Grand Prix
77,7.0,0 days 00:02:20.284000,4,False,Bahrain Grand Prix
77,8.0,0 days 00:02:18.453000,4,False,Bahrain Grand Prix
77,9.0,0 days 00:01:39.509000,1,False,Bahrain Grand Prix
77,10.0,0 days 00:01:38.747000,1,True,Bahrain Grand Prix
77,11.0,0 days 00:01:37.959000,1,True,Bahrain Grand Prix
77,12.0,0 days 00:01:37.276000,1,True,Bahrain Grand Prix
77,13.0,0 days 00:01:38.325000,2,True,Bahrain Grand Prix
77,14.0,0 days 00:01:36.867000,1,True,Bahrain Grand Prix
77,15.0,0 days 00:01:38.058000,1,True,Bahrain Grand Prix
77,16.0,0 days 00:01:37.993000,1,True,Bahrain Grand Prix
77,17.0,0 days 00:01:38.245000,1,True,Bahrain Grand Prix
77,18.0,0 days 00:01:36.682000,1,True,Bahrain Grand Prix
77,19.0,0 days 00:01:38.099000,1,True,Bahrain Grand Prix
77,20.0,0 days 00:01:37.570000,1,True,Bahrain Grand Prix
77,21.0,0 days 00:01:36.023000,1,True,Bahrain Grand Prix
77,22.0,0 days 00:01:36.132000,1,True,Bahrain Grand Prix
77,23.0,0 days 00:01:36.542000,1,True,Bahrain Grand Prix
77,24.0,0 days 00:01:36.123000,1,True,Bahrain Grand Prix
77,25.0,0 days 00:01:40.305000,1,False,Bahrain Grand Prix
77,26.0,0 days 00:01:56.605000,1,False,Bahrain Grand Prix
77,27.0,0 days 00:01:34.063000,1,True,Bahrain Grand Prix
77,28.0,0 days 00:01:33.352000,1,True,Bahrain Grand Prix
77,29.0,0 days 00:01:33.749000,1,True,Bahrain Grand Prix
77,30.0,0 days 00:01:34.235000,1,True,Bahrain Grand Prix
77,31.0,0 days 00:01:35.261000,1,True,Bahrain Grand Prix
77,32.0,0 days 00:01:34.364000,1,True,Bahrain Grand Prix
77,33.0,0 days 00:01:34.463000,1,True,Bahrain Grand Prix
77,34.0,0 days 00:01:34.647000,1,True,Bahrain Grand Prix
77,35.0,0 days 00:01:34.841000,1,True,Bahrain Grand Prix
77,36.0,0 days 00:01:35.461000,1,True,Bahrain Grand Prix
77,37.0,0 days 00:01:35.442000,1,True,Bahrain Grand Prix
77,38.0,0 days 00:01:38.440000,1,False,Bahrain Grand Prix
77,39.0,0 days 00:01:53.849000,1,False,Bahrain Grand Prix
77,40.0,0 days 00:01:33.818000,1,True,Bahrain Grand Prix
77,41.0,0 days 00:01:33.884000,1,True,Bahrain Grand Prix
77,42.0,0 days 00:01:34.388000,1,True,Bahrain Grand Prix
77,43.0,0 days 00:01:33.502000,1,True,Bahrain Grand Prix
77,44.0,0 days 00:01:33.880000,1,True,Bahrain Grand Prix
77,45.0,0 days 00:01:34.031000,1,True,Bahrain Grand Prix
77,46.0,0 days 00:01:33.560000,1,True,Bahrain Grand Prix
77,47.0,0 days 00:01:33.476000,1,True,Bahrain Grand Prix
77,48.0,0 days 00:01:33.843000,1,True,Bahrain Grand Prix
77,49.0,0 days 00:01:34.100000,1,True,Bahrain Grand Prix
77,50.0,0 days 00:01:34.885000,1,True,Bahrain Grand Prix
77,51.0,0 days 00:01:34.385000,1,True,Bahrain Grand Prix
77,52.0,0 days 00:01:34.345000,1,True,Bahrain Grand Prix
77,53.0,0 days 00:01:34.815000,1,True,Bahrain Grand Prix
77,54.0,0 days 00:01:56.767000,2,True,Bahrain Grand Prix
77,55.0,0 days 00:02:11.174000,4,False,Bahrain Grand Prix
77,56.0,0 days 00:01:51.207000,4,False,Bahrain Grand Prix
77,57.0,0 days 00:01:47.789000,4,False,Bahrain Grand Prix
8,1.0,,5,False,Bahrain Grand Prix
99,1.0,0 days 00:02:43.748000,5,False,Bahrain Grand Prix
99,2.0,,1,False,Bahrain Grand Prix
99,3.0,,24,False,Bahrain Grand Prix
99,4.0,0 days 00:02:17.289000,4,False,Bahrain Grand Prix
99,5.0,,4,False,Bahrain Grand Prix
99,6.0,0 days 00:02:17.741000,4,False,Bahrain Grand Prix
99,7.0,0 days 00:02:20.933000,4,False,Bahrain Grand Prix
99,8.0,0 days 00:02:17.039000,4,False,Bahrain Grand Prix
99,9.0,0 days 00:01:39.418000,1,False,Bahrain Grand Prix
99,10.0,0 days 00:01:39.061000,1,True,Bahrain Grand Prix
99,11.0,0 days 00:01:38.016000,1,True,Bahrain Grand Prix
99,12.0,0 days 00:01:37.941000,1,True,Bahrain Grand Prix
99,13.0,0 days 00:01:37.814000,2,True,Bahrain Grand Prix
99,14.0,0 days 00:01:38.422000,1,True,Bahrain Grand Prix
99,15.0,0 days 00:01:38.363000,1,True,Bahrain Grand Prix
99,16.0,0 days 00:01:38.852000,1,True,Bahrain Grand Prix
99,17.0,0 days 00:01:38.318000,1,True,Bahrain Grand Prix
99,18.0,0 days 00:01:38.361000,1,True,Bahrain Grand Prix
99,19.0,0 days 00:01:39.346000,1,True,Bahrain Grand Prix
99,20.0,0 days 00:01:43.572000,1,False,Bahrain Grand Prix
99,21.0,0 days 00:01:55.016000,1,False,Bahrain Grand Prix
99,22.0,0 days 00:01:34.536000,1,True,Bahrain Grand Prix
99,23.0,0 days 00:01:35.166000,1,True,Bahrain Grand Prix
99,24.0,0 days 00:01:35.420000,1,True,Bahrain Grand Prix
99,25.0,0 days 00:01:35.839000,1,True,Bahrain Grand Prix
99,26.0,0 days 00:01:36.966000,1,True,Bahrain Grand Prix
99,27.0,0 days 00:01:37.105000,1,True,Bahrain Grand Prix
99,28.0,0 days 00:01:36.078000,1,True,Bahrain Grand Prix
99,29.0,0 days 00:01:36.732000,1,True,Bahrain Grand Prix
99,30.0,0 days 00:01:37.067000,1,True,Bahrain Grand Prix
99,31.0,0 days 00:01:37.287000,1,True,Bahrain Grand Prix
99,32.0,0 days 00:01:36.722000,1,True,Bahrain Grand Prix
99,33.0,0 days 00:01:36.904000,1,True,Bahrain Grand Prix
99,34.0,0 days 00:01:35.913000,1,True,Bahrain Grand Prix
99,35.0,0 days 00:01:36.940000,1,True,Bahrain Grand Prix
99,36.0,0 days 00:01:36.354000,1,True,Bahrain Grand Prix
99,37.0,0 days 00:01:36.850000,1,True,Bahrain Grand Prix
99,38.0,0 days 00:01:37.263000,1,True,Bahrain Grand Prix
99,39.0,0 days 00:01:37.200000,1,True,Bahrain Grand Prix
99,40.0,0 days 00:01:36.540000,1,True,Bahrain Grand Prix
99,41.0,0 days 00:01:36.599000,1,True,Bahrain Grand Prix
99,42.0,0 days 00:01:37.282000,1,True,Bahrain Grand Prix
99,43.0,0 days 00:01:36.865000,1,True,Bahrain Grand Prix
99,44.0,0 days 00:01:38.125000,1,True,Bahrain Grand Prix
99,45.0,0 days 00:01:38.002000,1,True,Bahrain Grand Prix
99,46.0,0 days 00:01:36.552000,1,True,Bahrain Grand Prix
99,47.0,0 days 00:01:37.885000,1,True,Bahrain Grand Prix
99,48.0,0 days 00:01:37.017000,1,True,Bahrain Grand Prix
99,49.0,0 days 00:01:37.348000,1,True,Bahrain Grand Prix
99,50.0,0 days 00:01:38.118000,1,True,Bahrain Grand Prix
99,51.0,0 days 00:01:37.319000,1,True,Bahrain Grand Prix
99,52.0,0 days 00:01:37.322000,1,True,Bahrain Grand Prix
99,53.0,0 days 00:01:49.156000,2,False,Bahrain Grand Prix
99,54.0,0 days 00:02:29.402000,4,False,Bahrain Grand Prix
99,55.0,0 days 00:01:45.931000,4,False,Bahrain Grand Prix
99,56.0,0 days 00:02:14.889000,4,False,Bahrain Grand Prix
10,1.0,0 days 00:01:22.823000,24,False,Sakhir Grand Prix
10,2.0,0 days 00:01:33.553000,4,False,Sakhir Grand Prix
10,3.0,0 days 00:01:31.409000,4,False,Sakhir Grand Prix
10,4.0,0 days 00:01:29.513000,4,False,Sakhir Grand Prix
10,5.0,0 days 00:01:32.311000,4,False,Sakhir Grand Prix
10,6.0,0 days 00:01:21.472000,4,False,Sakhir Grand Prix
10,7.0,0 days 00:00:59.592000,1,False,Sakhir Grand Prix
10,8.0,0 days 00:00:59.323000,1,True,Sakhir Grand Prix
10,9.0,0 days 00:00:58.997000,1,True,Sakhir Grand Prix
10,10.0,0 days 00:00:58.558000,1,True,Sakhir Grand Prix
10,11.0,0 days 00:00:58.884000,1,True,Sakhir Grand Prix
10,12.0,0 days 00:00:58.749000,1,True,Sakhir Grand Prix
10,13.0,0 days 00:00:58.815000,1,True,Sakhir Grand Prix
10,14.0,0 days 00:00:58.950000,1,True,Sakhir Grand Prix
10,15.0,0 days 00:00:59.014000,1,True,Sakhir Grand Prix
10,16.0,0 days 00:00:59.078000,1,True,Sakhir Grand Prix
10,17.0,0 days 00:00:58.741000,1,True,Sakhir Grand Prix
10,18.0,0 days 00:00:59.130000,1,True,Sakhir Grand Prix
10,19.0,0 days 00:00:58.877000,1,True,Sakhir Grand Prix
10,20.0,0 days 00:00:58.767000,1,True,Sakhir Grand Prix
10,21.0,0 days 00:00:58.999000,1,True,Sakhir Grand Prix
10,22.0,0 days 00:00:59.025000,1,True,Sakhir Grand Prix
10,23.0,0 days 00:00:58.972000,1,True,Sakhir Grand Prix
10,24.0,0 days 00:00:59.101000,1,True,Sakhir Grand Prix
10,25.0,0 days 00:00:59.153000,1,True,Sakhir Grand Prix
10,26.0,0 days 00:00:59.161000,1,True,Sakhir Grand Prix
10,27.0,0 days 00:00:59.016000,1,True,Sakhir Grand Prix
10,28.0,0 days 00:01:01.367000,1,False,Sakhir Grand Prix
10,29.0,0 days 00:01:19.283000,1,False,Sakhir Grand Prix
10,30.0,0 days 00:00:57.870000,1,True,Sakhir Grand Prix
10,31.0,0 days 00:00:57.954000,1,True,Sakhir Grand Prix
10,32.0,0 days 00:00:58.156000,1,True,Sakhir Grand Prix
10,33.0,0 days 00:00:58.050000,1,True,Sakhir Grand Prix
10,34.0,0 days 00:00:58.357000,1,True,Sakhir Grand Prix
10,35.0,0 days 00:00:58.096000,1,True,Sakhir Grand Prix
10,36.0,0 days 00:00:58.175000,1,True,Sakhir Grand Prix
10,37.0,0 days 00:00:58.212000,1,True,Sakhir Grand Prix
10,38.0,0 days 00:00:58.399000,1,True,Sakhir Grand Prix
10,39.0,0 days 00:00:58.280000,1,True,Sakhir Grand Prix
10,40.0,0 days 00:00:58.109000,1,True,Sakhir Grand Prix
10,41.0,0 days 00:00:58.371000,1,True,Sakhir Grand Prix
10,42.0,0 days 00:00:58.322000,1,True,Sakhir Grand Prix
10,43.0,0 days 00:00:58.633000,1,True,Sakhir Grand Prix
10,44.0,0 days 00:00:58.239000,1,True,Sakhir Grand Prix
10,45.0,0 days 00:00:57.933000,1,True,Sakhir Grand Prix
10,46.0,0 days 00:00:58.261000,1,True,Sakhir Grand Prix
10,47.0,0 days 00:00:58.272000,1,True,Sakhir Grand Prix
10,48.0,0 days 00:00:58.259000,1,True,Sakhir Grand Prix
10,49.0,0 days 00:00:58.564000,1,True,Sakhir Grand Prix
10,50.0,0 days 00:00:58.425000,1,True,Sakhir Grand Prix
10,51.0,0 days 00:01:01.128000,1,False,Sakhir Grand Prix
10,52.0,0 days 00:01:18.781000,1,False,Sakhir Grand Prix
10,53.0,0 days 00:00:57.220000,2,True,Sakhir Grand Prix
10,54.0,0 days 00:01:05.738000,26,False,Sakhir Grand Prix
10,55.0,0 days 00:01:04.275000,67,False,Sakhir Grand Prix
10,56.0,0 days 00:00:57.599000,1,True,Sakhir Grand Prix
10,57.0,0 days 00:00:57.460000,1,True,Sakhir Grand Prix
10,58.0,0 days 00:00:57.546000,1,True,Sakhir Grand Prix
10,59.0,0 days 00:00:57.605000,1,True,Sakhir Grand Prix
10,60.0,0 days 00:00:57.865000,2,True,Sakhir Grand Prix
10,61.0,0 days 00:01:18.789000,264,False,Sakhir Grand Prix
10,62.0,0 days 00:01:10.816000,4,False,Sakhir Grand Prix
10,63.0,0 days 00:01:12.429000,4,False,Sakhir Grand Prix
10,64.0,0 days 00:01:20.955000,4,False,Sakhir Grand Prix
10,65.0,0 days 00:01:28.378000,4,False,Sakhir Grand Prix
10,66.0,0 days 00:01:33.133000,4,False,Sakhir Grand Prix
10,67.0,0 days 00:01:25.448000,4,False,Sakhir Grand Prix
10,68.0,0 days 00:01:17.413000,4,False,Sakhir Grand Prix
10,69.0,0 days 00:00:58.446000,1,False,Sakhir Grand Prix
10,70.0,0 days 00:00:58.268000,1,True,Sakhir Grand Prix
10,71.0,0 days 00:00:57.883000,1,True,Sakhir Grand Prix
10,72.0,0 days 00:00:58.275000,1,True,Sakhir Grand Prix
10,73.0,0 days 00:00:58.592000,1,True,Sakhir Grand Prix
10,74.0,0 days 00:00:57.890000,1,True,Sakhir Grand Prix
10,75.0,0 days 00:00:57.433000,1,True,Sakhir Grand Prix
10,76.0,0 days 00:00:57.377000,1,True,Sakhir Grand Prix
10,77.0,0 days 00:00:57.473000,1,True,Sakhir Grand Prix
10,78.0,0 days 00:00:57.787000,1,True,Sakhir Grand Prix
10,79.0,0 days 00:00:57.762000,1,True,Sakhir Grand Prix
10,80.0,0 days 00:00:57.286000,1,True,Sakhir Grand Prix
10,81.0,0 days 00:00:57.362000,1,True,Sakhir Grand Prix
10,82.0,0 days 00:00:57.590000,1,True,Sakhir Grand Prix
10,83.0,0 days 00:00:57.458000,1,True,Sakhir Grand Prix
10,84.0,0 days 00:00:57.592000,1,True,Sakhir Grand Prix
10,85.0,0 days 00:00:58.739000,1,True,Sakhir Grand Prix
10,86.0,0 days 00:00:58.447000,1,True,Sakhir Grand Prix
10,87.0,0 days 00:00:57.833000,1,True,Sakhir Grand Prix
11,1.0,0 days 00:01:40.485000,24,False,Sakhir Grand Prix
11,2.0,0 days 00:01:32.531000,4,False,Sakhir Grand Prix
11,3.0,0 days 00:01:32.331000,4,False,Sakhir Grand Prix
11,4.0,0 days 00:01:29.676000,4,False,Sakhir Grand Prix
11,5.0,0 days 00:01:31.635000,4,False,Sakhir Grand Prix
11,6.0,0 days 00:01:10.061000,4,False,Sakhir Grand Prix
11,7.0,0 days 00:00:59.233000,1,False,Sakhir Grand Prix
11,8.0,0 days 00:00:59.698000,1,True,Sakhir Grand Prix
11,9.0,0 days 00:00:58.746000,1,True,Sakhir Grand Prix
11,10.0,0 days 00:00:58.095000,1,True,Sakhir Grand Prix
11,11.0,0 days 00:00:59.438000,1,True,Sakhir Grand Prix
11,12.0,0 days 00:00:59.026000,1,True,Sakhir Grand Prix
11,13.0,0 days 00:00:58.651000,1,True,Sakhir Grand Prix
11,14.0,0 days 00:00:58.719000,1,True,Sakhir Grand Prix
11,15.0,0 days 00:00:58.878000,1,True,Sakhir Grand Prix
11,16.0,0 days 00:00:58.710000,1,True,Sakhir Grand Prix
11,17.0,0 days 00:00:58.878000,1,True,Sakhir Grand Prix
11,18.0,0 days 00:00:59.089000,1,True,Sakhir Grand Prix
11,19.0,0 days 00:00:59.452000,1,True,Sakhir Grand Prix
11,20.0,0 days 00:00:58.756000,1,True,Sakhir Grand Prix
11,21.0,0 days 00:00:58.861000,1,True,Sakhir Grand Prix
11,22.0,0 days 00:00:58.775000,1,True,Sakhir Grand Prix
11,23.0,0 days 00:00:59.136000,1,True,Sakhir Grand Prix
11,24.0,0 days 00:00:58.642000,1,True,Sakhir Grand Prix
11,25.0,0 days 00:00:58.604000,1,True,Sakhir Grand Prix
11,26.0,0 days 00:00:58.338000,1,True,Sakhir Grand Prix
11,27.0,0 days 00:00:58.601000,1,True,Sakhir Grand Prix
11,28.0,0 days 00:00:58.558000,1,True,Sakhir Grand Prix
11,29.0,0 days 00:00:58.617000,1,True,Sakhir Grand Prix
11,30.0,0 days 00:00:58.710000,1,True,Sakhir Grand Prix
11,31.0,0 days 00:00:58.545000,1,True,Sakhir Grand Prix
11,32.0,0 days 00:00:58.624000,1,True,Sakhir Grand Prix
11,33.0,0 days 00:00:59.020000,1,True,Sakhir Grand Prix
11,34.0,0 days 00:00:58.698000,1,True,Sakhir Grand Prix
11,35.0,0 days 00:00:58.788000,1,True,Sakhir Grand Prix
11,36.0,0 days 00:00:58.621000,1,True,Sakhir Grand Prix
11,37.0,0 days 00:00:58.796000,1,True,Sakhir Grand Prix
11,38.0,0 days 00:00:58.710000,1,True,Sakhir Grand Prix
11,39.0,0 days 00:00:58.664000,1,True,Sakhir Grand Prix
11,40.0,0 days 00:00:58.600000,1,True,Sakhir Grand Prix
11,41.0,0 days 00:00:58.730000,1,True,Sakhir Grand Prix
11,42.0,0 days 00:00:58.478000,1,True,Sakhir Grand Prix
11,43.0,0 days 00:00:58.125000,1,True,Sakhir Grand Prix
11,44.0,0 days 00:00:58.526000,1,True,Sakhir Grand Prix
11,45.0,0 days 00:00:58.214000,1,True,Sakhir Grand Prix
11,46.0,0 days 00:00:58.305000,1,True,Sakhir Grand Prix
11,47.0,0 days 00:01:00.918000,1,False,Sakhir Grand Prix
11,48.0,0 days 00:01:17.539000,1,False,Sakhir Grand Prix
11,49.0,0 days 00:00:57.205000,1,True,Sakhir Grand Prix
11,50.0,0 days 00:00:56.937000,1,True,Sakhir Grand Prix
11,51.0,0 days 00:00:57.052000,1,True,Sakhir Grand Prix
11,52.0,0 days 00:00:56.925000,1,True,Sakhir Grand Prix
11,53.0,0 days 00:00:56.949000,1,True,Sakhir Grand Prix
11,54.0,0 days 00:00:57.426000,2,True,Sakhir Grand Prix
11,55.0,0 days 00:01:11.049000,267,False,Sakhir Grand Prix
11,56.0,0 days 00:00:56.922000,1,True,Sakhir Grand Prix
11,57.0,0 days 00:00:57.073000,1,True,Sakhir Grand Prix
11,58.0,0 days 00:00:57.319000,1,True,Sakhir Grand Prix
11,59.0,0 days 00:00:56.973000,1,True,Sakhir Grand Prix
11,60.0,0 days 00:00:57.211000,1,True,Sakhir Grand Prix
11,61.0,0 days 00:01:08.533000,26,False,Sakhir Grand Prix
11,62.0,0 days 00:01:16.056000,64,False,Sakhir Grand Prix
11,63.0,0 days 00:01:16.795000,4,False,Sakhir Grand Prix
11,64.0,0 days 00:01:31.907000,4,False,Sakhir Grand Prix
11,65.0,0 days 00:01:29.912000,4,False,Sakhir Grand Prix
11,66.0,0 days 00:01:34.625000,4,False,Sakhir Grand Prix
11,67.0,0 days 00:01:26.387000,4,False,Sakhir Grand Prix
11,68.0,0 days 00:01:23.264000,4,False,Sakhir Grand Prix
11,69.0,0 days 00:00:56.789000,1,False,Sakhir Grand Prix
11,70.0,0 days 00:00:56.879000,1,True,Sakhir Grand Prix
11,71.0,0 days 00:00:56.811000,1,True,Sakhir Grand Prix
11,72.0,0 days 00:00:56.975000,1,True,Sakhir Grand Prix
11,73.0,0 days 00:00:56.826000,1,True,Sakhir Grand Prix
11,74.0,0 days 00:00:56.911000,1,True,Sakhir Grand Prix
11,75.0,0 days 00:00:56.826000,1,True,Sakhir Grand Prix
11,76.0,0 days 00:00:56.862000,1,True,Sakhir Grand Prix
11,77.0,0 days 00:00:56.885000,1,True,Sakhir Grand Prix
11,78.0,0 days 00:00:56.999000,1,True,Sakhir Grand Prix
11,79.0,0 days 00:00:57.193000,1,True,Sakhir Grand Prix
11,80.0,0 days 00:00:57,1,True,Sakhir Grand Prix
11,81.0,0 days 00:00:57.118000,1,True,Sakhir Grand Prix
11,82.0,0 days 00:00:57.394000,1,True,Sakhir Grand Prix
11,83.0,0 days 00:00:57.066000,1,True,Sakhir Grand Prix
11,84.0,0 days 00:00:57.374000,1,True,Sakhir Grand Prix
11,85.0,0 days 00:00:57.208000,1,True,Sakhir Grand Prix
11,86.0,0 days 00:00:57.404000,1,True,Sakhir Grand Prix
11,87.0,0 days 00:00:57.243000,1,True,Sakhir Grand Prix
16,1.0,,24,False,Sakhir Grand Prix
18,1.0,0 days 00:01:20.518000,24,False,Sakhir Grand Prix
18,2.0,0 days 00:01:34.619000,4,False,Sakhir Grand Prix
18,3.0,0 days 00:01:30.389000,4,False,Sakhir Grand Prix
18,4.0,0 days 00:01:30.509000,4,False,Sakhir Grand Prix
18,5.0,0 days 00:01:31.719000,4,False,Sakhir Grand Prix
18,6.0,0 days 00:01:22.843000,4,False,Sakhir Grand Prix
18,7.0,0 days 00:00:59.626000,1,False,Sakhir Grand Prix
18,8.0,0 days 00:00:59.239000,1,True,Sakhir Grand Prix
18,9.0,0 days 00:00:58.710000,1,True,Sakhir Grand Prix
18,10.0,0 days 00:00:58.894000,1,True,Sakhir Grand Prix
18,11.0,0 days 00:00:58.730000,1,True,Sakhir Grand Prix
18,12.0,0 days 00:00:58.630000,1,True,Sakhir Grand Prix
18,13.0,0 days 00:00:59.008000,1,True,Sakhir Grand Prix
18,14.0,0 days 00:00:58.889000,1,True,Sakhir Grand Prix
18,15.0,0 days 00:00:58.943000,1,True,Sakhir Grand Prix
18,16.0,0 days 00:00:59.103000,1,True,Sakhir Grand Prix
18,17.0,0 days 00:00:58.794000,1,True,Sakhir Grand Prix
18,18.0,0 days 00:00:58.967000,1,True,Sakhir Grand Prix
18,19.0,0 days 00:00:58.944000,1,True,Sakhir Grand Prix
18,20.0,0 days 00:00:58.782000,1,True,Sakhir Grand Prix
18,21.0,0 days 00:00:58.949000,1,True,Sakhir Grand Prix
18,22.0,0 days 00:00:58.962000,1,True,Sakhir Grand Prix
18,23.0,0 days 00:00:59.015000,1,True,Sakhir Grand Prix
18,24.0,0 days 00:00:59.078000,1,True,Sakhir Grand Prix
18,25.0,0 days 00:00:59.174000,1,True,Sakhir Grand Prix
18,26.0,0 days 00:00:59.048000,1,True,Sakhir Grand Prix
18,27.0,0 days 00:00:59.100000,1,True,Sakhir Grand Prix
18,28.0,0 days 00:00:58.565000,1,True,Sakhir Grand Prix
18,29.0,0 days 00:00:58.791000,1,True,Sakhir Grand Prix
18,30.0,0 days 00:00:58.706000,1,True,Sakhir Grand Prix
18,31.0,0 days 00:00:58.952000,1,True,Sakhir Grand Prix
18,32.0,0 days 00:00:58.762000,1,True,Sakhir Grand Prix
18,33.0,0 days 00:00:58.828000,1,True,Sakhir Grand Prix
18,34.0,0 days 00:00:58.833000,1,True,Sakhir Grand Prix
18,35.0,0 days 00:00:58.742000,1,True,Sakhir Grand Prix
18,36.0,0 days 00:00:58.653000,1,True,Sakhir Grand Prix
18,37.0,0 days 00:00:58.611000,1,True,Sakhir Grand Prix
18,38.0,0 days 00:00:58.727000,1,True,Sakhir Grand Prix
18,39.0,0 days 00:00:58.643000,1,True,Sakhir Grand Prix
18,40.0,0 days 00:00:58.699000,1,True,Sakhir Grand Prix
18,41.0,0 days 00:00:58.525000,1,True,Sakhir Grand Prix
18,42.0,0 days 00:01:01.620000,1,False,Sakhir Grand Prix
18,43.0,0 days 00:01:19.210000,1,False,Sakhir Grand Prix
18,44.0,0 days 00:00:57.401000,1,True,Sakhir Grand Prix
18,45.0,0 days 00:00:57.464000,1,True,Sakhir Grand Prix
18,46.0,0 days 00:00:57.725000,1,True,Sakhir Grand Prix
18,47.0,0 days 00:00:57.688000,1,True,Sakhir Grand Prix
18,48.0,0 days 00:00:57.703000,1,True,Sakhir Grand Prix
18,49.0,0 days 00:00:57.545000,1,True,Sakhir Grand Prix
18,50.0,0 days 00:00:57.954000,1,True,Sakhir Grand Prix
18,51.0,0 days 00:00:57.861000,1,True,Sakhir Grand Prix
18,52.0,0 days 00:00:57.548000,1,True,Sakhir Grand Prix
18,53.0,0 days 00:00:57.586000,1,True,Sakhir Grand Prix
18,54.0,0 days 00:00:58.282000,2,True,Sakhir Grand Prix
18,55.0,0 days 00:01:11.130000,267,False,Sakhir Grand Prix
18,56.0,0 days 00:00:58.579000,1,True,Sakhir Grand Prix
18,57.0,0 days 00:00:57.777000,1,True,Sakhir Grand Prix
18,58.0,0 days 00:00:57.465000,1,True,Sakhir Grand Prix
18,59.0,0 days 00:00:57.675000,1,True,Sakhir Grand Prix
18,60.0,0 days 00:00:57.536000,1,True,Sakhir Grand Prix
18,61.0,0 days 00:01:08.378000,26,False,Sakhir Grand Prix
18,62.0,0 days 00:01:15.987000,64,False,Sakhir Grand Prix
18,63.0,0 days 00:01:17.868000,4,False,Sakhir Grand Prix
18,64.0,0 days 00:01:30.862000,4,False,Sakhir Grand Prix
18,65.0,0 days 00:01:29.584000,4,False,Sakhir Grand Prix
18,66.0,0 days 00:01:34.632000,4,False,Sakhir Grand Prix
18,67.0,0 days 00:01:25.875000,4,False,Sakhir Grand Prix
18,68.0,0 days 00:01:22.415000,4,False,Sakhir Grand Prix
18,69.0,0 days 00:00:57.801000,1,False,Sakhir Grand Prix
18,70.0,0 days 00:00:57.686000,1,True,Sakhir Grand Prix
18,71.0,0 days 00:00:57.525000,1,True,Sakhir Grand Prix
18,72.0,0 days 00:00:58.400000,1,True,Sakhir Grand Prix
18,73.0,0 days 00:00:57.621000,1,True,Sakhir Grand Prix
18,74.0,0 days 00:00:57.565000,1,True,Sakhir Grand Prix
18,75.0,0 days 00:00:57.479000,1,True,Sakhir Grand Prix
18,76.0,0 days 00:00:57.505000,1,True,Sakhir Grand Prix
18,77.0,0 days 00:00:57.442000,1,True,Sakhir Grand Prix
18,78.0,0 days 00:00:57.723000,1,True,Sakhir Grand Prix
18,79.0,0 days 00:00:57.542000,1,True,Sakhir Grand Prix
18,80.0,0 days 00:00:57.435000,1,True,Sakhir Grand Prix
18,81.0,0 days 00:00:57.401000,1,True,Sakhir Grand Prix
18,82.0,0 days 00:00:57.554000,1,True,Sakhir Grand Prix
18,83.0,0 days 00:00:57.520000,1,True,Sakhir Grand Prix
18,84.0,0 days 00:00:57.633000,1,True,Sakhir Grand Prix
18,85.0,0 days 00:00:57.388000,1,True,Sakhir Grand Prix
18,86.0,0 days 00:00:57.404000,1,True,Sakhir Grand Prix
18,87.0,0 days 00:00:57.790000,1,True,Sakhir Grand Prix
20,1.0,0 days 00:01:30.611000,24,False,Sakhir Grand Prix
20,2.0,0 days 00:01:33.259000,4,False,Sakhir Grand Prix
20,3.0,0 days 00:01:30.789000,4,False,Sakhir Grand Prix
20,4.0,0 days 00:01:29.707000,4,False,Sakhir Grand Prix
20,5.0,0 days 00:01:35.575000,4,False,Sakhir Grand Prix
20,6.0,0 days 00:01:13.441000,4,False,Sakhir Grand Prix
20,7.0,0 days 00:01:00.991000,1,False,Sakhir Grand Prix
20,8.0,0 days 00:00:59.709000,1,True,Sakhir Grand Prix
20,9.0,0 days 00:00:59.875000,1,True,Sakhir Grand Prix
20,10.0,0 days 00:01:00.093000,1,True,Sakhir Grand Prix
20,11.0,0 days 00:00:59.805000,1,True,Sakhir Grand Prix
20,12.0,0 days 00:01:00.033000,1,True,Sakhir Grand Prix
20,13.0,0 days 00:00:59.956000,1,True,Sakhir Grand Prix
20,14.0,0 days 00:00:59.709000,1,True,Sakhir Grand Prix
20,15.0,0 days 00:00:59.750000,1,True,Sakhir Grand Prix
20,16.0,0 days 00:01:02.312000,1,True,Sakhir Grand Prix
20,17.0,0 days 00:00:59.770000,1,True,Sakhir Grand Prix
20,18.0,0 days 00:00:59.653000,1,True,Sakhir Grand Prix
20,19.0,0 days 00:00:59.741000,1,True,Sakhir Grand Prix
20,20.0,0 days 00:00:59.674000,1,True,Sakhir Grand Prix
20,21.0,0 days 00:00:59.724000,1,True,Sakhir Grand Prix
20,22.0,0 days 00:00:59.789000,1,True,Sakhir Grand Prix
20,23.0,0 days 00:00:59.666000,1,True,Sakhir Grand Prix
20,24.0,0 days 00:00:59.650000,1,True,Sakhir Grand Prix
20,25.0,0 days 00:00:59.922000,1,True,Sakhir Grand Prix
20,26.0,0 days 00:01:02.462000,1,False,Sakhir Grand Prix
20,27.0,0 days 00:01:19.826000,1,False,Sakhir Grand Prix
20,28.0,0 days 00:00:58.483000,1,True,Sakhir Grand Prix
20,29.0,0 days 00:00:58.241000,1,True,Sakhir Grand Prix
20,30.0,0 days 00:00:58.394000,1,True,Sakhir Grand Prix
20,31.0,0 days 00:00:58.528000,1,True,Sakhir Grand Prix
20,32.0,0 days 00:00:58.749000,1,True,Sakhir Grand Prix
20,33.0,0 days 00:00:58.710000,1,True,Sakhir Grand Prix
20,34.0,0 days 00:00:58.743000,1,True,Sakhir Grand Prix
20,35.0,0 days 00:00:59.027000,1,True,Sakhir Grand Prix
20,36.0,0 days 00:00:58.886000,1,True,Sakhir Grand Prix
20,37.0,0 days 00:00:58.787000,1,True,Sakhir Grand Prix
20,38.0,0 days 00:00:58.875000,1,True,Sakhir Grand Prix
20,39.0,0 days 00:00:58.641000,1,True,Sakhir Grand Prix
20,40.0,0 days 00:00:58.741000,1,True,Sakhir Grand Prix
20,41.0,0 days 00:00:58.740000,1,True,Sakhir Grand Prix
20,42.0,0 days 00:00:58.704000,1,True,Sakhir Grand Prix
20,43.0,0 days 00:00:58.846000,1,True,Sakhir Grand Prix
20,44.0,0 days 00:00:58.947000,1,True,Sakhir Grand Prix
20,45.0,0 days 00:00:58.737000,1,True,Sakhir Grand Prix
20,46.0,0 days 00:00:58.782000,1,True,Sakhir Grand Prix
20,47.0,0 days 00:00:59.003000,1,True,Sakhir Grand Prix
20,48.0,0 days 00:00:59.055000,1,True,Sakhir Grand Prix
20,49.0,0 days 00:00:59.980000,1,True,Sakhir Grand Prix
20,50.0,0 days 00:00:59.678000,1,True,Sakhir Grand Prix
20,51.0,0 days 00:00:59.572000,1,True,Sakhir Grand Prix
20,52.0,0 days 00:01:00.214000,1,True,Sakhir Grand Prix
20,53.0,0 days 00:00:59.206000,2,True,Sakhir Grand Prix
20,54.0,0 days 00:01:10.717000,267,False,Sakhir Grand Prix
20,55.0,0 days 00:01:19.495000,7,False,Sakhir Grand Prix
20,56.0,0 days 00:00:58.038000,1,True,Sakhir Grand Prix
20,57.0,0 days 00:00:57.516000,1,True,Sakhir Grand Prix
20,58.0,0 days 00:00:57.749000,1,True,Sakhir Grand Prix
20,59.0,0 days 00:00:57.887000,1,True,Sakhir Grand Prix
20,60.0,0 days 00:01:07.215000,26,False,Sakhir Grand Prix
20,61.0,0 days 00:01:15.721000,64,False,Sakhir Grand Prix
20,62.0,0 days 00:01:18.421000,4,False,Sakhir Grand Prix
20,63.0,0 days 00:01:30.474000,4,False,Sakhir Grand Prix
20,64.0,0 days 00:01:15.281000,4,False,Sakhir Grand Prix
20,65.0,0 days 00:00:59.313000,4,False,Sakhir Grand Prix
20,66.0,0 days 00:01:04.761000,4,False,Sakhir Grand Prix
20,67.0,0 days 00:01:26.003000,4,False,Sakhir Grand Prix
20,68.0,0 days 00:01:11.841000,4,False,Sakhir Grand Prix
20,69.0,0 days 00:00:58.719000,1,False,Sakhir Grand Prix
20,70.0,0 days 00:00:59.631000,1,True,Sakhir Grand Prix
20,71.0,0 days 00:00:58.944000,1,True,Sakhir Grand Prix
20,72.0,0 days 00:00:58.020000,1,True,Sakhir Grand Prix
20,73.0,0 days 00:00:58.274000,1,True,Sakhir Grand Prix
20,74.0,0 days 00:00:58.004000,1,True,Sakhir Grand Prix
20,75.0,0 days 00:00:58.379000,1,True,Sakhir Grand Prix
20,76.0,0 days 00:00:57.973000,1,True,Sakhir Grand Prix
20,77.0,0 days 00:00:58.325000,1,True,Sakhir Grand Prix
20,78.0,0 days 00:00:58.721000,1,True,Sakhir Grand Prix
20,79.0,0 days 00:00:58.837000,1,True,Sakhir Grand Prix
20,80.0,0 days 00:00:57.866000,1,True,Sakhir Grand Prix
20,81.0,0 days 00:00:58.254000,1,True,Sakhir Grand Prix
20,82.0,0 days 00:00:58.202000,1,True,Sakhir Grand Prix
20,83.0,0 days 00:00:58.401000,1,True,Sakhir Grand Prix
20,84.0,0 days 00:00:58.113000,1,True,Sakhir Grand Prix
20,85.0,0 days 00:00:58.139000,1,True,Sakhir Grand Prix
20,86.0,0 days 00:00:58.257000,1,True,Sakhir Grand Prix
20,87.0,0 days 00:00:58.232000,1,True,Sakhir Grand Prix
23,1.0,0 days 00:01:32.043000,24,False,Sakhir Grand Prix
23,2.0,0 days 00:01:33.111000,4,False,Sakhir Grand Prix
23,3.0,0 days 00:01:30.929000,4,False,Sakhir Grand Prix
23,4.0,0 days 00:01:29.894000,4,False,Sakhir Grand Prix
23,5.0,0 days 00:01:32.214000,4,False,Sakhir Grand Prix
23,6.0,0 days 00:01:14.614000,4,False,Sakhir Grand Prix
23,7.0,0 days 00:01:00.507000,1,False,Sakhir Grand Prix
23,8.0,0 days 00:00:59.490000,1,True,Sakhir Grand Prix
23,9.0,0 days 00:01:00,1,True,Sakhir Grand Prix
23,10.0,0 days 00:00:58.940000,1,True,Sakhir Grand Prix
23,11.0,0 days 00:00:59.384000,1,True,Sakhir Grand Prix
23,12.0,0 days 00:00:58.923000,1,True,Sakhir Grand Prix
23,13.0,0 days 00:00:58.760000,1,True,Sakhir Grand Prix
23,14.0,0 days 00:00:58.852000,1,True,Sakhir Grand Prix
23,15.0,0 days 00:00:58.920000,1,True,Sakhir Grand Prix
23,16.0,0 days 00:00:58.745000,1,True,Sakhir Grand Prix
23,17.0,0 days 00:00:58.890000,1,True,Sakhir Grand Prix
23,18.0,0 days 00:00:59.241000,1,True,Sakhir Grand Prix
23,19.0,0 days 00:00:59.410000,1,True,Sakhir Grand Prix
23,20.0,0 days 00:00:58.557000,1,True,Sakhir Grand Prix
23,21.0,0 days 00:01:00.451000,1,True,Sakhir Grand Prix
23,22.0,0 days 00:00:58.729000,1,True,Sakhir Grand Prix
23,23.0,0 days 00:00:59.053000,1,True,Sakhir Grand Prix
23,24.0,0 days 00:00:58.713000,1,True,Sakhir Grand Prix
23,25.0,0 days 00:00:58.839000,1,True,Sakhir Grand Prix
23,26.0,0 days 00:00:58.754000,1,True,Sakhir Grand Prix
23,27.0,0 days 00:00:58.728000,1,True,Sakhir Grand Prix
23,28.0,0 days 00:00:58.565000,1,True,Sakhir Grand Prix
23,29.0,0 days 00:00:58.788000,1,True,Sakhir Grand Prix
23,30.0,0 days 00:00:58.678000,1,True,Sakhir Grand Prix
23,31.0,0 days 00:00:58.826000,1,True,Sakhir Grand Prix
23,32.0,0 days 00:00:59.243000,1,True,Sakhir Grand Prix
23,33.0,0 days 00:00:58.720000,1,True,Sakhir Grand Prix
23,34.0,0 days 00:00:58.985000,1,True,Sakhir Grand Prix
23,35.0,0 days 00:00:58.964000,1,True,Sakhir Grand Prix
23,36.0,0 days 00:00:58.813000,1,True,Sakhir Grand Prix
23,37.0,0 days 00:00:58.823000,1,True,Sakhir Grand Prix
23,38.0,0 days 00:00:58.637000,1,True,Sakhir Grand Prix
23,39.0,0 days 00:00:58.700000,1,True,Sakhir Grand Prix
23,40.0,0 days 00:00:58.673000,1,True,Sakhir Grand Prix
23,41.0,0 days 00:00:58.893000,1,True,Sakhir Grand Prix
23,42.0,0 days 00:00:58.737000,1,True,Sakhir Grand Prix
23,43.0,0 days 00:00:58.393000,1,True,Sakhir Grand Prix
23,44.0,0 days 00:00:58.745000,1,True,Sakhir Grand Prix
23,45.0,0 days 00:00:58.576000,1,True,Sakhir Grand Prix
23,46.0,0 days 00:00:58.591000,1,True,Sakhir Grand Prix
23,47.0,0 days 00:01:01.752000,1,False,Sakhir Grand Prix
23,48.0,0 days 00:01:18.627000,1,False,Sakhir Grand Prix
23,49.0,0 days 00:00:57.806000,1,True,Sakhir Grand Prix
23,50.0,0 days 00:00:57.488000,1,True,Sakhir Grand Prix
23,51.0,0 days 00:00:57.320000,1,True,Sakhir Grand Prix
23,52.0,0 days 00:00:57.056000,1,True,Sakhir Grand Prix
23,53.0,0 days 00:00:57.361000,1,True,Sakhir Grand Prix
23,54.0,0 days 00:01:00.532000,26,False,Sakhir Grand Prix
23,55.0,0 days 00:01:08.846000,67,False,Sakhir Grand Prix
23,56.0,0 days 00:00:57.606000,1,True,Sakhir Grand Prix
23,57.0,0 days 00:00:57.406000,1,True,Sakhir Grand Prix
23,58.0,0 days 00:00:57.308000,1,True,Sakhir Grand Prix
23,59.0,0 days 00:00:57.475000,1,True,Sakhir Grand Prix
23,60.0,0 days 00:00:57.551000,2,True,Sakhir Grand Prix
23,61.0,0 days 00:01:09.765000,26,False,Sakhir Grand Prix
23,62.0,0 days 00:01:16.980000,64,False,Sakhir Grand Prix
23,63.0,0 days 00:01:31.251000,4,False,Sakhir Grand Prix
23,64.0,0 days 00:01:19.559000,4,False,Sakhir Grand Prix
23,65.0,0 days 00:01:28.651000,4,False,Sakhir Grand Prix
23,66.0,0 days 00:01:32.927000,4,False,Sakhir Grand Prix
23,67.0,0 days 00:01:26.562000,4,False,Sakhir Grand Prix
23,68.0,0 days 00:01:15.535000,4,False,Sakhir Grand Prix
23,69.0,0 days 00:00:57.493000,1,False,Sakhir Grand Prix
23,70.0,0 days 00:00:58.185000,1,True,Sakhir Grand Prix
23,71.0,0 days 00:00:57.792000,1,True,Sakhir Grand Prix
23,72.0,0 days 00:00:57.068000,1,True,Sakhir Grand Prix
23,73.0,0 days 00:00:57.185000,1,True,Sakhir Grand Prix
23,74.0,0 days 00:00:57.499000,1,True,Sakhir Grand Prix
23,75.0,0 days 00:00:57.980000,1,True,Sakhir Grand Prix
23,76.0,0 days 00:00:57.361000,1,True,Sakhir Grand Prix
23,77.0,0 days 00:00:58.150000,1,True,Sakhir Grand Prix
23,78.0,0 days 00:00:57.330000,1,True,Sakhir Grand Prix
23,79.0,0 days 00:00:57.450000,1,True,Sakhir Grand Prix
23,80.0,0 days 00:00:57.177000,1,True,Sakhir Grand Prix
23,81.0,0 days 00:00:57.278000,1,True,Sakhir Grand Prix
23,82.0,0 days 00:00:57.339000,1,True,Sakhir Grand Prix
23,83.0,0 days 00:00:57.649000,1,True,Sakhir Grand Prix
23,84.0,0 days 00:00:57.524000,1,True,Sakhir Grand Prix
23,85.0,0 days 00:00:57.322000,1,True,Sakhir Grand Prix
23,86.0,0 days 00:00:57.386000,1,True,Sakhir Grand Prix
23,87.0,0 days 00:00:57.383000,1,True,Sakhir Grand Prix
26,1.0,0 days 00:01:19.601000,24,False,Sakhir Grand Prix
26,2.0,0 days 00:01:34.319000,4,False,Sakhir Grand Prix
26,3.0,0 days 00:01:30.678000,4,False,Sakhir Grand Prix
26,4.0,0 days 00:01:29.735000,4,False,Sakhir Grand Prix
26,5.0,0 days 00:01:31.994000,4,False,Sakhir Grand Prix
26,6.0,0 days 00:01:23.865000,4,False,Sakhir Grand Prix
26,7.0,0 days 00:00:59.528000,1,False,Sakhir Grand Prix
26,8.0,0 days 00:00:59.136000,1,True,Sakhir Grand Prix
26,9.0,0 days 00:00:58.667000,1,True,Sakhir Grand Prix
26,10.0,0 days 00:00:58.888000,1,True,Sakhir Grand Prix
26,11.0,0 days 00:00:58.587000,1,True,Sakhir Grand Prix
26,12.0,0 days 00:00:58.809000,1,True,Sakhir Grand Prix
26,13.0,0 days 00:00:58.955000,1,True,Sakhir Grand Prix
26,14.0,0 days 00:00:59.074000,1,True,Sakhir Grand Prix
26,15.0,0 days 00:00:58.916000,1,True,Sakhir Grand Prix
26,16.0,0 days 00:00:58.972000,1,True,Sakhir Grand Prix
26,17.0,0 days 00:00:58.775000,1,True,Sakhir Grand Prix
26,18.0,0 days 00:00:58.983000,1,True,Sakhir Grand Prix
26,19.0,0 days 00:00:58.895000,1,True,Sakhir Grand Prix
26,20.0,0 days 00:00:58.932000,1,True,Sakhir Grand Prix
26,21.0,0 days 00:00:58.784000,1,True,Sakhir Grand Prix
26,22.0,0 days 00:00:58.900000,1,True,Sakhir Grand Prix
26,23.0,0 days 00:00:59.029000,1,True,Sakhir Grand Prix
26,24.0,0 days 00:00:59.105000,1,True,Sakhir Grand Prix
26,25.0,0 days 00:00:59.122000,1,True,Sakhir Grand Prix
26,26.0,0 days 00:00:59.106000,1,True,Sakhir Grand Prix
26,27.0,0 days 00:01:01.498000,1,False,Sakhir Grand Prix
26,28.0,0 days 00:01:17.989000,1,False,Sakhir Grand Prix
26,29.0,0 days 00:00:57.580000,1,True,Sakhir Grand Prix
26,30.0,0 days 00:00:57.803000,1,True,Sakhir Grand Prix
26,31.0,0 days 00:00:57.962000,1,True,Sakhir Grand Prix
26,32.0,0 days 00:00:57.937000,1,True,Sakhir Grand Prix
26,33.0,0 days 00:00:58.057000,1,True,Sakhir Grand Prix
26,34.0,0 days 00:00:58.335000,1,True,Sakhir Grand Prix
26,35.0,0 days 00:00:58.264000,1,True,Sakhir Grand Prix
26,36.0,0 days 00:00:58.258000,1,True,Sakhir Grand Prix
26,37.0,0 days 00:00:58.098000,1,True,Sakhir Grand Prix
26,38.0,0 days 00:00:58.411000,1,True,Sakhir Grand Prix
26,39.0,0 days 00:00:58.221000,1,True,Sakhir Grand Prix
26,40.0,0 days 00:00:58.210000,1,True,Sakhir Grand Prix
26,41.0,0 days 00:00:58.699000,1,True,Sakhir Grand Prix
26,42.0,0 days 00:00:57.796000,1,True,Sakhir Grand Prix
26,43.0,0 days 00:00:58.140000,1,True,Sakhir Grand Prix
26,44.0,0 days 00:00:58.182000,1,True,Sakhir Grand Prix
26,45.0,0 days 00:00:58.133000,1,True,Sakhir Grand Prix
26,46.0,0 days 00:00:58.393000,1,True,Sakhir Grand Prix
26,47.0,0 days 00:00:58.269000,1,True,Sakhir Grand Prix
26,48.0,0 days 00:00:58.104000,1,True,Sakhir Grand Prix
26,49.0,0 days 00:00:58.221000,1,True,Sakhir Grand Prix
26,50.0,0 days 00:00:58.315000,1,True,Sakhir Grand Prix
26,51.0,0 days 00:00:58.414000,1,True,Sakhir Grand Prix
26,52.0,0 days 00:00:58.433000,1,True,Sakhir Grand Prix
26,53.0,0 days 00:01:00.987000,1,False,Sakhir Grand Prix
26,54.0,0 days 00:01:25.748000,26,False,Sakhir Grand Prix
26,55.0,0 days 00:01:04.781000,67,False,Sakhir Grand Prix
26,56.0,0 days 00:00:57.615000,1,True,Sakhir Grand Prix
26,57.0,0 days 00:00:57.381000,1,True,Sakhir Grand Prix
26,58.0,0 days 00:00:57.357000,1,True,Sakhir Grand Prix
26,59.0,0 days 00:00:57.481000,1,True,Sakhir Grand Prix
26,60.0,0 days 00:00:57.520000,2,True,Sakhir Grand Prix
26,61.0,0 days 00:01:13.120000,264,False,Sakhir Grand Prix
26,62.0,0 days 00:01:16.991000,4,False,Sakhir Grand Prix
26,63.0,0 days 00:01:15.137000,4,False,Sakhir Grand Prix
26,64.0,0 days 00:01:21.227000,4,False,Sakhir Grand Prix
26,65.0,0 days 00:01:27.437000,4,False,Sakhir Grand Prix
26,66.0,0 days 00:01:33.347000,4,False,Sakhir Grand Prix
26,67.0,0 days 00:01:26.415000,4,False,Sakhir Grand Prix
26,68.0,0 days 00:01:17.911000,4,False,Sakhir Grand Prix
26,69.0,0 days 00:00:57.951000,1,False,Sakhir Grand Prix
26,70.0,0 days 00:00:58.127000,1,True,Sakhir Grand Prix
26,71.0,0 days 00:00:57.800000,1,True,Sakhir Grand Prix
26,72.0,0 days 00:00:58.347000,1,True,Sakhir Grand Prix
26,73.0,0 days 00:00:57.191000,1,True,Sakhir Grand Prix
26,74.0,0 days 00:00:57.449000,1,True,Sakhir Grand Prix
26,75.0,0 days 00:00:57.850000,1,True,Sakhir Grand Prix
26,76.0,0 days 00:00:57.566000,1,True,Sakhir Grand Prix
26,77.0,0 days 00:00:57.479000,1,True,Sakhir Grand Prix
26,78.0,0 days 00:00:58.002000,1,True,Sakhir Grand Prix
26,79.0,0 days 00:00:57.550000,1,True,Sakhir Grand Prix
26,80.0,0 days 00:00:57.001000,1,True,Sakhir Grand Prix
26,81.0,0 days 00:00:57.105000,1,True,Sakhir Grand Prix
26,82.0,0 days 00:00:57.448000,1,True,Sakhir Grand Prix
26,83.0,0 days 00:00:57.827000,1,True,Sakhir Grand Prix
26,84.0,0 days 00:00:57.385000,1,True,Sakhir Grand Prix
26,85.0,0 days 00:00:57.400000,1,True,Sakhir Grand Prix
26,86.0,0 days 00:00:57.326000,1,True,Sakhir Grand Prix
26,87.0,0 days 00:00:57.312000,1,True,Sakhir Grand Prix
3,1.0,0 days 00:01:18.025000,24,False,Sakhir Grand Prix
3,2.0,0 days 00:01:33.786000,4,False,Sakhir Grand Prix
3,3.0,0 days 00:01:30.443000,4,False,Sakhir Grand Prix
3,4.0,0 days 00:01:30.233000,4,False,Sakhir Grand Prix
3,5.0,0 days 00:01:31.533000,4,False,Sakhir Grand Prix
3,6.0,0 days 00:01:25.655000,4,False,Sakhir Grand Prix
3,7.0,0 days 00:00:59.429000,1,False,Sakhir Grand Prix
3,8.0,0 days 00:00:59.060000,1,True,Sakhir Grand Prix
3,9.0,0 days 00:00:58.716000,1,True,Sakhir Grand Prix
3,10.0,0 days 00:00:58.856000,1,True,Sakhir Grand Prix
3,11.0,0 days 00:00:58.546000,1,True,Sakhir Grand Prix
3,12.0,0 days 00:00:58.774000,1,True,Sakhir Grand Prix
3,13.0,0 days 00:00:59.070000,1,True,Sakhir Grand Prix
3,14.0,0 days 00:00:58.891000,1,True,Sakhir Grand Prix
3,15.0,0 days 00:00:59.036000,1,True,Sakhir Grand Prix
3,16.0,0 days 00:00:58.800000,1,True,Sakhir Grand Prix
3,17.0,0 days 00:00:58.821000,1,True,Sakhir Grand Prix
3,18.0,0 days 00:00:58.826000,1,True,Sakhir Grand Prix
3,19.0,0 days 00:00:59.090000,1,True,Sakhir Grand Prix
3,20.0,0 days 00:00:58.796000,1,True,Sakhir Grand Prix
3,21.0,0 days 00:00:58.792000,1,True,Sakhir Grand Prix
3,22.0,0 days 00:00:58.785000,1,True,Sakhir Grand Prix
3,23.0,0 days 00:00:58.977000,1,True,Sakhir Grand Prix
3,24.0,0 days 00:00:58.804000,1,True,Sakhir Grand Prix
3,25.0,0 days 00:00:59.058000,1,True,Sakhir Grand Prix
3,26.0,0 days 00:00:58.927000,1,True,Sakhir Grand Prix
3,27.0,0 days 00:00:58.765000,1,True,Sakhir Grand Prix
3,28.0,0 days 00:00:58.673000,1,True,Sakhir Grand Prix
3,29.0,0 days 00:01:01.391000,1,False,Sakhir Grand Prix
3,30.0,0 days 00:01:18.489000,1,False,Sakhir Grand Prix
3,31.0,0 days 00:00:58.137000,1,True,Sakhir Grand Prix
3,32.0,0 days 00:00:57.908000,1,True,Sakhir Grand Prix
3,33.0,0 days 00:00:57.736000,1,True,Sakhir Grand Prix
3,34.0,0 days 00:00:58.478000,1,True,Sakhir Grand Prix
3,35.0,0 days 00:00:58.076000,1,True,Sakhir Grand Prix
3,36.0,0 days 00:00:58.414000,1,True,Sakhir Grand Prix
3,37.0,0 days 00:00:58.319000,1,True,Sakhir Grand Prix
3,38.0,0 days 00:00:58.141000,1,True,Sakhir Grand Prix
3,39.0,0 days 00:00:58.289000,1,True,Sakhir Grand Prix
3,40.0,0 days 00:00:58.304000,1,True,Sakhir Grand Prix
3,41.0,0 days 00:00:58.573000,1,True,Sakhir Grand Prix
3,42.0,0 days 00:00:57.999000,1,True,Sakhir Grand Prix
3,43.0,0 days 00:00:58.199000,1,True,Sakhir Grand Prix
3,44.0,0 days 00:00:58.064000,1,True,Sakhir Grand Prix
3,45.0,0 days 00:00:57.939000,1,True,Sakhir Grand Prix
3,46.0,0 days 00:00:59.032000,1,True,Sakhir Grand Prix
3,47.0,0 days 00:00:58.488000,1,True,Sakhir Grand Prix
3,48.0,0 days 00:00:58.342000,1,True,Sakhir Grand Prix
3,49.0,0 days 00:00:58.139000,1,True,Sakhir Grand Prix
3,50.0,0 days 00:00:58.285000,1,True,Sakhir Grand Prix
3,51.0,0 days 00:00:58.034000,1,True,Sakhir Grand Prix
3,52.0,0 days 00:00:58.034000,1,True,Sakhir Grand Prix
3,53.0,0 days 00:00:58.410000,1,True,Sakhir Grand Prix
3,54.0,0 days 00:00:57.993000,2,True,Sakhir Grand Prix
3,55.0,0 days 00:01:12.798000,267,False,Sakhir Grand Prix
3,56.0,0 days 00:01:17.778000,1,False,Sakhir Grand Prix
3,57.0,0 days 00:00:56.979000,1,True,Sakhir Grand Prix
3,58.0,0 days 00:00:57.192000,1,True,Sakhir Grand Prix
3,59.0,0 days 00:00:57.166000,1,True,Sakhir Grand Prix
3,60.0,0 days 00:00:57.395000,2,True,Sakhir Grand Prix
3,61.0,0 days 00:01:11.440000,26,False,Sakhir Grand Prix
3,62.0,0 days 00:01:15.971000,64,False,Sakhir Grand Prix
3,63.0,0 days 00:01:16.598000,4,False,Sakhir Grand Prix
3,64.0,0 days 00:01:22.330000,4,False,Sakhir Grand Prix
3,65.0,0 days 00:01:27.511000,4,False,Sakhir Grand Prix
3,66.0,0 days 00:01:33.740000,4,False,Sakhir Grand Prix
3,67.0,0 days 00:01:26.428000,4,False,Sakhir Grand Prix
3,68.0,0 days 00:01:18.775000,4,False,Sakhir Grand Prix
3,69.0,0 days 00:00:58.519000,1,False,Sakhir Grand Prix
3,70.0,0 days 00:00:57.822000,1,True,Sakhir Grand Prix
3,71.0,0 days 00:00:57.831000,1,True,Sakhir Grand Prix
3,72.0,0 days 00:00:57.434000,1,True,Sakhir Grand Prix
3,73.0,0 days 00:00:57.463000,1,True,Sakhir Grand Prix
3,74.0,0 days 00:00:57.669000,1,True,Sakhir Grand Prix
3,75.0,0 days 00:00:57.718000,1,True,Sakhir Grand Prix
3,76.0,0 days 00:00:57.471000,1,True,Sakhir Grand Prix
3,77.0,0 days 00:00:57.586000,1,True,Sakhir Grand Prix
3,78.0,0 days 00:00:57.502000,1,True,Sakhir Grand Prix
3,79.0,0 days 00:00:57.641000,1,True,Sakhir Grand Prix
3,80.0,0 days 00:00:57.262000,1,True,Sakhir Grand Prix
3,81.0,0 days 00:00:57.221000,1,True,Sakhir Grand Prix
3,82.0,0 days 00:00:57.492000,1,True,Sakhir Grand Prix
3,83.0,0 days 00:00:57.625000,1,True,Sakhir Grand Prix
3,84.0,0 days 00:00:57.440000,1,True,Sakhir Grand Prix
3,85.0,0 days 00:00:57.377000,1,True,Sakhir Grand Prix
3,86.0,0 days 00:00:57.225000,1,True,Sakhir Grand Prix
3,87.0,0 days 00:00:57.665000,1,True,Sakhir Grand Prix
31,1.0,0 days 00:01:24.225000,24,False,Sakhir Grand Prix
31,2.0,0 days 00:01:33.924000,4,False,Sakhir Grand Prix
31,3.0,0 days 00:01:30.797000,4,False,Sakhir Grand Prix
31,4.0,0 days 00:01:29.625000,4,False,Sakhir Grand Prix
31,5.0,0 days 00:01:32.817000,4,False,Sakhir Grand Prix
31,6.0,0 days 00:01:20.122000,4,False,Sakhir Grand Prix
31,7.0,0 days 00:00:59.717000,1,False,Sakhir Grand Prix
31,8.0,0 days 00:00:59.450000,1,True,Sakhir Grand Prix
31,9.0,0 days 00:00:59.452000,1,True,Sakhir Grand Prix
31,10.0,0 days 00:00:58.794000,1,True,Sakhir Grand Prix
31,11.0,0 days 00:00:58.848000,1,True,Sakhir Grand Prix
31,12.0,0 days 00:00:58.986000,1,True,Sakhir Grand Prix
31,13.0,0 days 00:00:58.910000,1,True,Sakhir Grand Prix
31,14.0,0 days 00:00:59.209000,1,True,Sakhir Grand Prix
31,15.0,0 days 00:00:59.048000,1,True,Sakhir Grand Prix
31,16.0,0 days 00:00:59.102000,1,True,Sakhir Grand Prix
31,17.0,0 days 00:00:58.811000,1,True,Sakhir Grand Prix
31,18.0,0 days 00:00:58.959000,1,True,Sakhir Grand Prix
31,19.0,0 days 00:00:58.687000,1,True,Sakhir Grand Prix
31,20.0,0 days 00:00:58.787000,1,True,Sakhir Grand Prix
31,21.0,0 days 00:00:58.895000,1,True,Sakhir Grand Prix
31,22.0,0 days 00:00:59.106000,1,True,Sakhir Grand Prix
31,23.0,0 days 00:00:58.928000,1,True,Sakhir Grand Prix
31,24.0,0 days 00:00:59.107000,1,True,Sakhir Grand Prix
31,25.0,0 days 00:00:58.956000,1,True,Sakhir Grand Prix
31,26.0,0 days 00:00:59.184000,1,True,Sakhir Grand Prix
31,27.0,0 days 00:00:58.865000,1,True,Sakhir Grand Prix
31,28.0,0 days 00:00:58.922000,1,True,Sakhir Grand Prix
31,29.0,0 days 00:00:58.561000,1,True,Sakhir Grand Prix
31,30.0,0 days 00:00:58.579000,1,True,Sakhir Grand Prix
31,31.0,0 days 00:00:58.710000,1,True,Sakhir Grand Prix
31,32.0,0 days 00:00:58.757000,1,True,Sakhir Grand Prix
31,33.0,0 days 00:00:58.719000,1,True,Sakhir Grand Prix
31,34.0,0 days 00:00:58.781000,1,True,Sakhir Grand Prix
31,35.0,0 days 00:00:58.786000,1,True,Sakhir Grand Prix
31,36.0,0 days 00:00:58.707000,1,True,Sakhir Grand Prix
31,37.0,0 days 00:00:58.568000,1,True,Sakhir Grand Prix
31,38.0,0 days 00:00:58.772000,1,True,Sakhir Grand Prix
31,39.0,0 days 00:00:58.588000,1,True,Sakhir Grand Prix
31,40.0,0 days 00:00:58.693000,1,True,Sakhir Grand Prix
31,41.0,0 days 00:01:00.962000,1,False,Sakhir Grand Prix
31,42.0,0 days 00:01:18.182000,1,False,Sakhir Grand Prix
31,43.0,0 days 00:00:57.699000,1,True,Sakhir Grand Prix
31,44.0,0 days 00:00:57.392000,1,True,Sakhir Grand Prix
31,45.0,0 days 00:00:57.490000,1,True,Sakhir Grand Prix
31,46.0,0 days 00:00:57.520000,1,True,Sakhir Grand Prix
31,47.0,0 days 00:00:57.712000,1,True,Sakhir Grand Prix
31,48.0,0 days 00:00:57.647000,1,True,Sakhir Grand Prix
31,49.0,0 days 00:00:57.820000,1,True,Sakhir Grand Prix
31,50.0,0 days 00:00:57.975000,1,True,Sakhir Grand Prix
31,51.0,0 days 00:00:57.964000,1,True,Sakhir Grand Prix
31,52.0,0 days 00:00:57.395000,1,True,Sakhir Grand Prix
31,53.0,0 days 00:00:57.679000,1,True,Sakhir Grand Prix
31,54.0,0 days 00:00:57.985000,2,True,Sakhir Grand Prix
31,55.0,0 days 00:01:11.429000,267,False,Sakhir Grand Prix
31,56.0,0 days 00:00:57.542000,1,True,Sakhir Grand Prix
31,57.0,0 days 00:00:58.515000,1,True,Sakhir Grand Prix
31,58.0,0 days 00:00:57.698000,1,True,Sakhir Grand Prix
31,59.0,0 days 00:00:57.552000,1,True,Sakhir Grand Prix
31,60.0,0 days 00:00:57.695000,1,True,Sakhir Grand Prix
31,61.0,0 days 00:01:07.862000,26,False,Sakhir Grand Prix
31,62.0,0 days 00:01:15.063000,64,False,Sakhir Grand Prix
31,63.0,0 days 00:01:18.201000,4,False,Sakhir Grand Prix
31,64.0,0 days 00:01:31.165000,4,False,Sakhir Grand Prix
31,65.0,0 days 00:01:29.872000,4,False,Sakhir Grand Prix
31,66.0,0 days 00:01:34.418000,4,False,Sakhir Grand Prix
31,67.0,0 days 00:01:26.591000,4,False,Sakhir Grand Prix
31,68.0,0 days 00:01:22.462000,4,False,Sakhir Grand Prix
31,69.0,0 days 00:00:57.663000,1,False,Sakhir Grand Prix
31,70.0,0 days 00:00:57.431000,1,True,Sakhir Grand Prix
31,71.0,0 days 00:00:57.361000,1,True,Sakhir Grand Prix
31,72.0,0 days 00:00:57.582000,1,True,Sakhir Grand Prix
31,73.0,0 days 00:00:58.233000,1,True,Sakhir Grand Prix
31,74.0,0 days 00:00:57.514000,1,True,Sakhir Grand Prix
31,75.0,0 days 00:00:57.350000,1,True,Sakhir Grand Prix
31,76.0,0 days 00:00:57.613000,1,True,Sakhir Grand Prix
31,77.0,0 days 00:00:57.473000,1,True,Sakhir Grand Prix
31,78.0,0 days 00:00:57.728000,1,True,Sakhir Grand Prix
31,79.0,0 days 00:00:57.550000,1,True,Sakhir Grand Prix
31,80.0,0 days 00:00:57.522000,1,True,Sakhir Grand Prix
31,81.0,0 days 00:00:57.529000,1,True,Sakhir Grand Prix
31,82.0,0 days 00:00:57.557000,1,True,Sakhir Grand Prix
31,83.0,0 days 00:00:57.466000,1,True,Sakhir Grand Prix
31,84.0,0 days 00:00:57.532000,1,True,Sakhir Grand Prix
31,85.0,0 days 00:00:57.546000,1,True,Sakhir Grand Prix
31,86.0,0 days 00:00:57.521000,1,True,Sakhir Grand Prix
31,87.0,0 days 00:00:57.520000,1,True,Sakhir Grand Prix
33,1.0,,24,False,Sakhir Grand Prix
4,1.0,0 days 00:01:29.104000,24,False,Sakhir Grand Prix
4,2.0,0 days 00:01:33.198000,4,False,Sakhir Grand Prix
4,3.0,0 days 00:01:31.167000,4,False,Sakhir Grand Prix
4,4.0,0 days 00:01:29.521000,4,False,Sakhir Grand Prix
4,5.0,0 days 00:01:33.888000,4,False,Sakhir Grand Prix
4,6.0,0 days 00:01:15.339000,4,False,Sakhir Grand Prix
4,7.0,0 days 00:01:00.390000,1,False,Sakhir Grand Prix
4,8.0,0 days 00:00:59.242000,1,True,Sakhir Grand Prix
4,9.0,0 days 00:00:58.936000,1,True,Sakhir Grand Prix
4,10.0,0 days 00:00:59.055000,1,True,Sakhir Grand Prix
4,11.0,0 days 00:00:59.046000,1,True,Sakhir Grand Prix
4,12.0,0 days 00:00:59.342000,1,True,Sakhir Grand Prix
4,13.0,0 days 00:00:59.230000,1,True,Sakhir Grand Prix
4,14.0,0 days 00:00:59.144000,1,True,Sakhir Grand Prix
4,15.0,0 days 00:00:58.974000,1,True,Sakhir Grand Prix
4,16.0,0 days 00:00:59.019000,1,True,Sakhir Grand Prix
4,17.0,0 days 00:00:58.992000,1,True,Sakhir Grand Prix
4,18.0,0 days 00:00:59.291000,1,True,Sakhir Grand Prix
4,19.0,0 days 00:00:59.401000,1,True,Sakhir Grand Prix
4,20.0,0 days 00:01:03.383000,1,False,Sakhir Grand Prix
4,21.0,0 days 00:01:19.805000,1,False,Sakhir Grand Prix
4,22.0,0 days 00:00:58.972000,1,True,Sakhir Grand Prix
4,23.0,0 days 00:00:58.568000,1,True,Sakhir Grand Prix
4,24.0,0 days 00:00:58.800000,1,True,Sakhir Grand Prix
4,25.0,0 days 00:00:58.426000,1,True,Sakhir Grand Prix
4,26.0,0 days 00:00:58.101000,1,True,Sakhir Grand Prix
4,27.0,0 days 00:00:58.497000,1,True,Sakhir Grand Prix
4,28.0,0 days 00:00:58.313000,1,True,Sakhir Grand Prix
4,29.0,0 days 00:00:58.592000,1,True,Sakhir Grand Prix
4,30.0,0 days 00:00:58.911000,1,True,Sakhir Grand Prix
4,31.0,0 days 00:00:58.105000,1,True,Sakhir Grand Prix
4,32.0,0 days 00:00:58.305000,1,True,Sakhir Grand Prix
4,33.0,0 days 00:00:58.425000,1,True,Sakhir Grand Prix
4,34.0,0 days 00:00:58.684000,1,True,Sakhir Grand Prix
4,35.0,0 days 00:00:58.697000,1,True,Sakhir Grand Prix
4,36.0,0 days 00:00:58.636000,1,True,Sakhir Grand Prix
4,37.0,0 days 00:00:58.663000,1,True,Sakhir Grand Prix
4,38.0,0 days 00:00:59.031000,1,True,Sakhir Grand Prix
4,39.0,0 days 00:00:58.321000,1,True,Sakhir Grand Prix
4,40.0,0 days 00:00:58.546000,1,True,Sakhir Grand Prix
4,41.0,0 days 00:00:58.472000,1,True,Sakhir Grand Prix
4,42.0,0 days 00:00:58.840000,1,True,Sakhir Grand Prix
4,43.0,0 days 00:00:58.454000,1,True,Sakhir Grand Prix
4,44.0,0 days 00:00:58.387000,1,True,Sakhir Grand Prix
4,45.0,0 days 00:00:58.694000,1,True,Sakhir Grand Prix
4,46.0,0 days 00:00:58.522000,1,True,Sakhir Grand Prix
4,47.0,0 days 00:00:58.960000,1,True,Sakhir Grand Prix
4,48.0,0 days 00:00:58.878000,1,True,Sakhir Grand Prix
4,49.0,0 days 00:00:58.565000,1,True,Sakhir Grand Prix
4,50.0,0 days 00:00:58.919000,1,True,Sakhir Grand Prix
4,51.0,0 days 00:00:58.517000,1,True,Sakhir Grand Prix
4,52.0,0 days 00:00:59.106000,1,True,Sakhir Grand Prix
4,53.0,0 days 00:00:59.017000,1,True,Sakhir Grand Prix
4,54.0,0 days 00:01:06.254000,26,False,Sakhir Grand Prix
4,55.0,0 days 00:01:20.199000,67,False,Sakhir Grand Prix
4,56.0,0 days 00:00:57.791000,1,True,Sakhir Grand Prix
4,57.0,0 days 00:00:59.304000,1,True,Sakhir Grand Prix
4,58.0,0 days 00:00:57.389000,1,True,Sakhir Grand Prix
4,59.0,0 days 00:00:57.947000,1,True,Sakhir Grand Prix
4,60.0,0 days 00:01:00.098000,26,False,Sakhir Grand Prix
4,61.0,0 days 00:01:15.669000,64,False,Sakhir Grand Prix
4,62.0,0 days 00:01:16.594000,4,False,Sakhir Grand Prix
4,63.0,0 days 00:01:07.212000,4,False,Sakhir Grand Prix
4,64.0,0 days 00:01:14.648000,4,False,Sakhir Grand Prix
4,65.0,0 days 00:01:28.561000,4,False,Sakhir Grand Prix
4,66.0,0 days 00:01:33.017000,4,False,Sakhir Grand Prix
4,67.0,0 days 00:01:26.565000,4,False,Sakhir Grand Prix
4,68.0,0 days 00:01:14.300000,4,False,Sakhir Grand Prix
4,69.0,0 days 00:00:58.299000,1,False,Sakhir Grand Prix
4,70.0,0 days 00:00:58.197000,1,True,Sakhir Grand Prix
4,71.0,0 days 00:00:57.772000,1,True,Sakhir Grand Prix
4,72.0,0 days 00:00:58.295000,1,True,Sakhir Grand Prix
4,73.0,0 days 00:00:58.633000,1,True,Sakhir Grand Prix
4,74.0,0 days 00:00:58.063000,1,True,Sakhir Grand Prix
4,75.0,0 days 00:00:57.623000,1,True,Sakhir Grand Prix
4,76.0,0 days 00:00:57.349000,1,True,Sakhir Grand Prix
4,77.0,0 days 00:00:57.402000,1,True,Sakhir Grand Prix
4,78.0,0 days 00:00:57.709000,1,True,Sakhir Grand Prix
4,79.0,0 days 00:00:57.884000,1,True,Sakhir Grand Prix
4,80.0,0 days 00:00:57.289000,1,True,Sakhir Grand Prix
4,81.0,0 days 00:00:57.591000,1,True,Sakhir Grand Prix
4,82.0,0 days 00:00:57.356000,1,True,Sakhir Grand Prix
4,83.0,0 days 00:00:57.467000,1,True,Sakhir Grand Prix
4,84.0,0 days 00:00:57.395000,1,True,Sakhir Grand Prix
4,85.0,0 days 00:00:57.270000,1,True,Sakhir Grand Prix
4,86.0,0 days 00:00:57.529000,1,True,Sakhir Grand Prix
4,87.0,0 days 00:00:58.593000,1,True,Sakhir Grand Prix
5,1.0,0 days 00:01:26.790000,24,False,Sakhir Grand Prix
5,2.0,0 days 00:01:32.827000,4,False,Sakhir Grand Prix
5,3.0,0 days 00:01:31.236000,4,False,Sakhir Grand Prix
5,4.0,0 days 00:01:30.514000,4,False,Sakhir Grand Prix
5,5.0,0 days 00:01:33.130000,4,False,Sakhir Grand Prix
5,6.0,0 days 00:01:17.607000,4,False,Sakhir Grand Prix
5,7.0,0 days 00:01:00.094000,1,False,Sakhir Grand Prix
5,8.0,0 days 00:01:00.729000,1,True,Sakhir Grand Prix
5,9.0,0 days 00:00:59.187000,1,True,Sakhir Grand Prix
5,10.0,0 days 00:00:59.114000,1,True,Sakhir Grand Prix
5,11.0,0 days 00:01:01.424000,1,True,Sakhir Grand Prix
5,12.0,0 days 00:00:59.519000,1,True,Sakhir Grand Prix
5,13.0,0 days 00:00:59.457000,1,True,Sakhir Grand Prix
5,14.0,0 days 00:00:59.444000,1,True,Sakhir Grand Prix
5,15.0,0 days 00:00:59.488000,1,True,Sakhir Grand Prix
5,16.0,0 days 00:00:59.455000,1,True,Sakhir Grand Prix
5,17.0,0 days 00:00:59.122000,1,True,Sakhir Grand Prix
5,18.0,0 days 00:00:59.126000,1,True,Sakhir Grand Prix
5,19.0,0 days 00:00:59.211000,1,True,Sakhir Grand Prix
5,20.0,0 days 00:00:59.325000,1,True,Sakhir Grand Prix
5,21.0,0 days 00:00:59.857000,1,True,Sakhir Grand Prix
5,22.0,0 days 00:00:59.310000,1,True,Sakhir Grand Prix
5,23.0,0 days 00:00:59.456000,1,True,Sakhir Grand Prix
5,24.0,0 days 00:00:59.118000,1,True,Sakhir Grand Prix
5,25.0,0 days 00:00:59.190000,1,True,Sakhir Grand Prix
5,26.0,0 days 00:00:59.819000,1,True,Sakhir Grand Prix
5,27.0,0 days 00:00:59.390000,1,True,Sakhir Grand Prix
5,28.0,0 days 00:00:59.231000,1,True,Sakhir Grand Prix
5,29.0,0 days 00:00:59.343000,1,True,Sakhir Grand Prix
5,30.0,0 days 00:00:59.815000,1,True,Sakhir Grand Prix
5,31.0,0 days 00:01:02.108000,1,False,Sakhir Grand Prix
5,32.0,0 days 00:01:20.312000,1,False,Sakhir Grand Prix
5,33.0,0 days 00:00:58.126000,1,True,Sakhir Grand Prix
5,34.0,0 days 00:00:58.126000,1,True,Sakhir Grand Prix
5,35.0,0 days 00:00:58.234000,1,True,Sakhir Grand Prix
5,36.0,0 days 00:00:58.205000,1,True,Sakhir Grand Prix
5,37.0,0 days 00:00:58.701000,1,True,Sakhir Grand Prix
5,38.0,0 days 00:00:58.379000,1,True,Sakhir Grand Prix
5,39.0,0 days 00:00:58.417000,1,True,Sakhir Grand Prix
5,40.0,0 days 00:00:58.473000,1,True,Sakhir Grand Prix
5,41.0,0 days 00:00:58.589000,1,True,Sakhir Grand Prix
5,42.0,0 days 00:00:58.385000,1,True,Sakhir Grand Prix
5,43.0,0 days 00:00:58.358000,1,True,Sakhir Grand Prix
5,44.0,0 days 00:00:58.427000,1,True,Sakhir Grand Prix
5,45.0,0 days 00:00:58.306000,1,True,Sakhir Grand Prix
5,46.0,0 days 00:00:58.450000,1,True,Sakhir Grand Prix
5,47.0,0 days 00:00:58.425000,1,True,Sakhir Grand Prix
5,48.0,0 days 00:00:58.524000,1,True,Sakhir Grand Prix
5,49.0,0 days 00:00:58.576000,1,True,Sakhir Grand Prix
5,50.0,0 days 00:00:58.537000,1,True,Sakhir Grand Prix
5,51.0,0 days 00:00:58.409000,1,True,Sakhir Grand Prix
5,52.0,0 days 00:00:58.183000,1,True,Sakhir Grand Prix
5,53.0,0 days 00:00:58.438000,2,True,Sakhir Grand Prix
5,54.0,0 days 00:01:09.732000,26,False,Sakhir Grand Prix
5,55.0,0 days 00:01:21.506000,67,False,Sakhir Grand Prix
5,56.0,0 days 00:00:56.905000,1,True,Sakhir Grand Prix
5,57.0,0 days 00:00:57.065000,1,True,Sakhir Grand Prix
5,58.0,0 days 00:00:57.141000,1,True,Sakhir Grand Prix
5,59.0,0 days 00:00:57.224000,1,True,Sakhir Grand Prix
5,60.0,0 days 00:01:02.868000,26,False,Sakhir Grand Prix
5,61.0,0 days 00:01:14.303000,64,False,Sakhir Grand Prix
5,62.0,0 days 00:01:16.589000,4,False,Sakhir Grand Prix
5,63.0,0 days 00:01:06.875000,4,False,Sakhir Grand Prix
5,64.0,0 days 00:01:19.428000,4,False,Sakhir Grand Prix
5,65.0,0 days 00:01:14.516000,4,False,Sakhir Grand Prix
5,66.0,0 days 00:01:32.740000,4,False,Sakhir Grand Prix
5,67.0,0 days 00:01:26.798000,4,False,Sakhir Grand Prix
5,68.0,0 days 00:01:13.588000,4,False,Sakhir Grand Prix
5,69.0,0 days 00:00:58.518000,1,False,Sakhir Grand Prix
5,70.0,0 days 00:00:58.203000,1,True,Sakhir Grand Prix
5,71.0,0 days 00:00:57.954000,1,True,Sakhir Grand Prix
5,72.0,0 days 00:00:57.968000,1,True,Sakhir Grand Prix
5,73.0,0 days 00:00:58.720000,1,True,Sakhir Grand Prix
5,74.0,0 days 00:00:58.465000,1,True,Sakhir Grand Prix
5,75.0,0 days 00:00:57.577000,1,True,Sakhir Grand Prix
5,76.0,0 days 00:00:57.431000,1,True,Sakhir Grand Prix
5,77.0,0 days 00:00:57.705000,1,True,Sakhir Grand Prix
5,78.0,0 days 00:00:57.742000,1,True,Sakhir Grand Prix
5,79.0,0 days 00:00:57.859000,1,True,Sakhir Grand Prix
5,80.0,0 days 00:00:57.529000,1,True,Sakhir Grand Prix
5,81.0,0 days 00:00:57.672000,1,True,Sakhir Grand Prix
5,82.0,0 days 00:00:57.670000,1,True,Sakhir Grand Prix
5,83.0,0 days 00:00:57.644000,1,True,Sakhir Grand Prix
5,84.0,0 days 00:00:58.309000,1,True,Sakhir Grand Prix
5,85.0,0 days 00:00:57.857000,1,True,Sakhir Grand Prix
5,86.0,0 days 00:00:57.762000,1,True,Sakhir Grand Prix
5,87.0,0 days 00:00:57.846000,1,True,Sakhir Grand Prix
51,1.0,0 days 00:01:36.641000,24,False,Sakhir Grand Prix
51,2.0,0 days 00:01:33.180000,4,False,Sakhir Grand Prix
51,3.0,0 days 00:01:31.123000,4,False,Sakhir Grand Prix
51,4.0,0 days 00:01:31.219000,4,False,Sakhir Grand Prix
51,5.0,0 days 00:01:31.944000,4,False,Sakhir Grand Prix
51,6.0,0 days 00:01:11.799000,4,False,Sakhir Grand Prix
51,7.0,0 days 00:01:00.520000,1,False,Sakhir Grand Prix
51,8.0,0 days 00:01:01.593000,1,True,Sakhir Grand Prix
51,9.0,0 days 00:01:00.054000,1,True,Sakhir Grand Prix
51,10.0,0 days 00:01:00.674000,1,True,Sakhir Grand Prix
51,11.0,0 days 00:01:01.830000,1,True,Sakhir Grand Prix
51,12.0,0 days 00:01:00.158000,1,True,Sakhir Grand Prix
51,13.0,0 days 00:00:59.978000,1,True,Sakhir Grand Prix
51,14.0,0 days 00:00:59.997000,1,True,Sakhir Grand Prix
51,15.0,0 days 00:01:00.167000,1,True,Sakhir Grand Prix
51,16.0,0 days 00:00:59.951000,1,True,Sakhir Grand Prix
51,17.0,0 days 00:00:59.889000,1,True,Sakhir Grand Prix
51,18.0,0 days 00:00:59.988000,1,True,Sakhir Grand Prix
51,19.0,0 days 00:01:00.883000,1,True,Sakhir Grand Prix
51,20.0,0 days 00:00:59.939000,1,True,Sakhir Grand Prix
51,21.0,0 days 00:00:59.960000,1,True,Sakhir Grand Prix
51,22.0,0 days 00:00:59.964000,1,True,Sakhir Grand Prix
51,23.0,0 days 00:00:59.863000,1,True,Sakhir Grand Prix
51,24.0,0 days 00:01:00.152000,1,True,Sakhir Grand Prix
51,25.0,0 days 00:01:00.840000,1,True,Sakhir Grand Prix
51,26.0,0 days 00:01:00.437000,1,True,Sakhir Grand Prix
51,27.0,0 days 00:01:00.057000,1,True,Sakhir Grand Prix
51,28.0,0 days 00:00:59.978000,1,True,Sakhir Grand Prix
51,29.0,0 days 00:00:59.832000,1,True,Sakhir Grand Prix
51,30.0,0 days 00:01:01.539000,1,True,Sakhir Grand Prix
51,31.0,0 days 00:01:04.341000,1,False,Sakhir Grand Prix
51,32.0,0 days 00:01:23.097000,1,False,Sakhir Grand Prix
51,33.0,0 days 00:00:58.330000,1,True,Sakhir Grand Prix
51,34.0,0 days 00:00:58.421000,1,True,Sakhir Grand Prix
51,35.0,0 days 00:00:58.285000,1,True,Sakhir Grand Prix
51,36.0,0 days 00:00:58.985000,1,True,Sakhir Grand Prix
51,37.0,0 days 00:00:58.889000,1,True,Sakhir Grand Prix
51,38.0,0 days 00:00:58.577000,1,True,Sakhir Grand Prix
51,39.0,0 days 00:00:58.609000,1,True,Sakhir Grand Prix
51,40.0,0 days 00:01:02.424000,1,True,Sakhir Grand Prix
51,41.0,0 days 00:01:01.021000,1,True,Sakhir Grand Prix
51,42.0,0 days 00:00:59.029000,1,True,Sakhir Grand Prix
51,43.0,0 days 00:00:58.970000,1,True,Sakhir Grand Prix
51,44.0,0 days 00:01:00.280000,1,True,Sakhir Grand Prix
51,45.0,0 days 00:00:58.974000,1,True,Sakhir Grand Prix
51,46.0,0 days 00:01:01.694000,1,True,Sakhir Grand Prix
51,47.0,0 days 00:00:59.051000,1,True,Sakhir Grand Prix
51,48.0,0 days 00:01:00.019000,1,True,Sakhir Grand Prix
51,49.0,0 days 00:00:58.926000,1,True,Sakhir Grand Prix
51,50.0,0 days 00:00:59.125000,1,True,Sakhir Grand Prix
51,51.0,0 days 00:00:58.776000,1,True,Sakhir Grand Prix
51,52.0,0 days 00:01:00.553000,1,True,Sakhir Grand Prix
51,53.0,0 days 00:01:09.749000,26,False,Sakhir Grand Prix
51,54.0,0 days 00:01:22.928000,67,False,Sakhir Grand Prix
51,55.0,0 days 00:00:57.861000,1,True,Sakhir Grand Prix
51,56.0,0 days 00:00:57.742000,1,True,Sakhir Grand Prix
51,57.0,0 days 00:00:57.747000,1,True,Sakhir Grand Prix
51,58.0,0 days 00:00:57.964000,1,True,Sakhir Grand Prix
51,59.0,0 days 00:01:02.546000,26,False,Sakhir Grand Prix
51,60.0,0 days 00:01:15.783000,64,False,Sakhir Grand Prix
51,61.0,0 days 00:01:15.203000,4,False,Sakhir Grand Prix
51,62.0,0 days 00:01:03.609000,4,False,Sakhir Grand Prix
51,63.0,0 days 00:01:16.756000,4,False,Sakhir Grand Prix
51,64.0,0 days 00:01:25.851000,4,False,Sakhir Grand Prix
51,65.0,0 days 00:01:07.260000,4,False,Sakhir Grand Prix
51,66.0,0 days 00:00:58.416000,4,False,Sakhir Grand Prix
51,67.0,0 days 00:00:59.784000,4,False,Sakhir Grand Prix
51,68.0,0 days 00:01:09.827000,4,False,Sakhir Grand Prix
51,69.0,0 days 00:00:58.473000,1,False,Sakhir Grand Prix
51,70.0,0 days 00:00:59.111000,1,True,Sakhir Grand Prix
51,71.0,0 days 00:00:58.874000,1,True,Sakhir Grand Prix
51,72.0,0 days 00:00:58.018000,1,True,Sakhir Grand Prix
51,73.0,0 days 00:00:58.406000,1,True,Sakhir Grand Prix
51,74.0,0 days 00:00:58.563000,1,True,Sakhir Grand Prix
51,75.0,0 days 00:00:58.649000,1,True,Sakhir Grand Prix
51,76.0,0 days 00:00:58.543000,1,True,Sakhir Grand Prix
51,77.0,0 days 00:00:58.520000,1,True,Sakhir Grand Prix
51,78.0,0 days 00:00:58.470000,1,True,Sakhir Grand Prix
51,79.0,0 days 00:00:58.510000,1,True,Sakhir Grand Prix
51,80.0,0 days 00:00:58.294000,1,True,Sakhir Grand Prix
51,81.0,0 days 00:00:58.690000,1,True,Sakhir Grand Prix
51,82.0,0 days 00:00:59.696000,1,True,Sakhir Grand Prix
51,83.0,0 days 00:00:58.623000,1,True,Sakhir Grand Prix
51,84.0,0 days 00:00:58.313000,1,True,Sakhir Grand Prix
51,85.0,0 days 00:00:58.166000,1,True,Sakhir Grand Prix
51,86.0,0 days 00:00:58.375000,1,True,Sakhir Grand Prix
51,87.0,0 days 00:00:58.127000,1,True,Sakhir Grand Prix
55,1.0,0 days 00:01:14.191000,24,False,Sakhir Grand Prix
55,2.0,0 days 00:01:35.563000,4,False,Sakhir Grand Prix
55,3.0,0 days 00:01:29.628000,4,False,Sakhir Grand Prix
55,4.0,0 days 00:01:32.053000,4,False,Sakhir Grand Prix
55,5.0,0 days 00:01:30.161000,4,False,Sakhir Grand Prix
55,6.0,0 days 00:01:27.502000,4,False,Sakhir Grand Prix
55,7.0,0 days 00:00:59.252000,1,False,Sakhir Grand Prix
55,8.0,0 days 00:00:58.824000,1,True,Sakhir Grand Prix
55,9.0,0 days 00:00:58.789000,1,True,Sakhir Grand Prix
55,10.0,0 days 00:00:58.779000,1,True,Sakhir Grand Prix
55,11.0,0 days 00:00:58.637000,1,True,Sakhir Grand Prix
55,12.0,0 days 00:00:58.741000,1,True,Sakhir Grand Prix
55,13.0,0 days 00:00:58.980000,1,True,Sakhir Grand Prix
55,14.0,0 days 00:00:58.920000,1,True,Sakhir Grand Prix
55,15.0,0 days 00:00:58.844000,1,True,Sakhir Grand Prix
55,16.0,0 days 00:00:58.824000,1,True,Sakhir Grand Prix
55,17.0,0 days 00:00:58.924000,1,True,Sakhir Grand Prix
55,18.0,0 days 00:00:58.662000,1,True,Sakhir Grand Prix
55,19.0,0 days 00:00:58.773000,1,True,Sakhir Grand Prix
55,20.0,0 days 00:00:58.769000,1,True,Sakhir Grand Prix
55,21.0,0 days 00:00:58.868000,1,True,Sakhir Grand Prix
55,22.0,0 days 00:00:58.789000,1,True,Sakhir Grand Prix
55,23.0,0 days 00:00:58.627000,1,True,Sakhir Grand Prix
55,24.0,0 days 00:00:58.739000,1,True,Sakhir Grand Prix
55,25.0,0 days 00:00:58.571000,1,True,Sakhir Grand Prix
55,26.0,0 days 00:00:58.799000,1,True,Sakhir Grand Prix
55,27.0,0 days 00:00:58.635000,1,True,Sakhir Grand Prix
55,28.0,0 days 00:01:02.082000,1,False,Sakhir Grand Prix
55,29.0,0 days 00:01:18.523000,1,False,Sakhir Grand Prix
55,30.0,0 days 00:00:58.196000,1,True,Sakhir Grand Prix
55,31.0,0 days 00:00:58.500000,1,True,Sakhir Grand Prix
55,32.0,0 days 00:00:57.613000,1,True,Sakhir Grand Prix
55,33.0,0 days 00:00:58.157000,1,True,Sakhir Grand Prix
55,34.0,0 days 00:00:58.175000,1,True,Sakhir Grand Prix
55,35.0,0 days 00:00:58.163000,1,True,Sakhir Grand Prix
55,36.0,0 days 00:00:58.242000,1,True,Sakhir Grand Prix
55,37.0,0 days 00:00:58.365000,1,True,Sakhir Grand Prix
55,38.0,0 days 00:00:58.292000,1,True,Sakhir Grand Prix
55,39.0,0 days 00:00:57.913000,1,True,Sakhir Grand Prix
55,40.0,0 days 00:00:58.105000,1,True,Sakhir Grand Prix
55,41.0,0 days 00:00:58.126000,1,True,Sakhir Grand Prix
55,42.0,0 days 00:00:58.246000,1,True,Sakhir Grand Prix
55,43.0,0 days 00:00:57.967000,1,True,Sakhir Grand Prix
55,44.0,0 days 00:00:58.205000,1,True,Sakhir Grand Prix
55,45.0,0 days 00:00:58.031000,1,True,Sakhir Grand Prix
55,46.0,0 days 00:00:58.189000,1,True,Sakhir Grand Prix
55,47.0,0 days 00:00:58.395000,1,True,Sakhir Grand Prix
55,48.0,0 days 00:00:58.263000,1,True,Sakhir Grand Prix
55,49.0,0 days 00:00:57.982000,1,True,Sakhir Grand Prix
55,50.0,0 days 00:00:58.300000,1,True,Sakhir Grand Prix
55,51.0,0 days 00:00:58.101000,1,True,Sakhir Grand Prix
55,52.0,0 days 00:00:58.031000,1,True,Sakhir Grand Prix
55,53.0,0 days 00:00:58.174000,1,True,Sakhir Grand Prix
55,54.0,0 days 00:00:58.458000,2,True,Sakhir Grand Prix
55,55.0,0 days 00:01:13.671000,267,False,Sakhir Grand Prix
55,56.0,0 days 00:01:18.437000,1,False,Sakhir Grand Prix
55,57.0,0 days 00:00:57.550000,1,True,Sakhir Grand Prix
55,58.0,0 days 00:00:57.280000,1,True,Sakhir Grand Prix
55,59.0,0 days 00:00:57.179000,1,True,Sakhir Grand Prix
55,60.0,0 days 00:00:57.459000,2,True,Sakhir Grand Prix
55,61.0,0 days 00:01:11.756000,26,False,Sakhir Grand Prix
55,62.0,0 days 00:01:15.463000,64,False,Sakhir Grand Prix
55,63.0,0 days 00:01:16.859000,4,False,Sakhir Grand Prix
55,64.0,0 days 00:01:20.951000,4,False,Sakhir Grand Prix
55,65.0,0 days 00:01:27.927000,4,False,Sakhir Grand Prix
55,66.0,0 days 00:01:34.206000,4,False,Sakhir Grand Prix
55,67.0,0 days 00:01:27.516000,4,False,Sakhir Grand Prix
55,68.0,0 days 00:01:18.787000,4,False,Sakhir Grand Prix
55,69.0,0 days 00:00:58.552000,1,False,Sakhir Grand Prix
55,70.0,0 days 00:00:57.998000,1,True,Sakhir Grand Prix
55,71.0,0 days 00:00:57.578000,1,True,Sakhir Grand Prix
55,72.0,0 days 00:00:57.481000,1,True,Sakhir Grand Prix
55,73.0,0 days 00:00:57.502000,1,True,Sakhir Grand Prix
55,74.0,0 days 00:00:57.716000,1,True,Sakhir Grand Prix
55,75.0,0 days 00:00:57.577000,1,True,Sakhir Grand Prix
55,76.0,0 days 00:00:57.441000,1,True,Sakhir Grand Prix
55,77.0,0 days 00:00:57.658000,1,True,Sakhir Grand Prix
55,78.0,0 days 00:00:57.531000,1,True,Sakhir Grand Prix
55,79.0,0 days 00:00:57.550000,1,True,Sakhir Grand Prix
55,80.0,0 days 00:00:57.165000,1,True,Sakhir Grand Prix
55,81.0,0 days 00:00:57.232000,1,True,Sakhir Grand Prix
55,82.0,0 days 00:00:57.648000,1,True,Sakhir Grand Prix
55,83.0,0 days 00:00:57.512000,1,True,Sakhir Grand Prix
55,84.0,0 days 00:00:57.476000,1,True,Sakhir Grand Prix
55,85.0,0 days 00:00:57.395000,1,True,Sakhir Grand Prix
55,86.0,0 days 00:00:57.199000,1,True,Sakhir Grand Prix
55,87.0,0 days 00:00:57.804000,1,True,Sakhir Grand Prix
6,1.0,0 days 00:01:33.729000,24,False,Sakhir Grand Prix
6,2.0,0 days 00:01:33.989000,4,False,Sakhir Grand Prix
6,3.0,0 days 00:01:29.389000,4,False,Sakhir Grand Prix
6,4.0,0 days 00:01:29.909000,4,False,Sakhir Grand Prix
6,5.0,0 days 00:01:33.586000,4,False,Sakhir Grand Prix
6,6.0,0 days 00:01:12.926000,4,False,Sakhir Grand Prix
6,7.0,0 days 00:01:01.408000,1,False,Sakhir Grand Prix
6,8.0,0 days 00:01:00.136000,1,True,Sakhir Grand Prix
6,9.0,0 days 00:01:00.554000,1,True,Sakhir Grand Prix
6,10.0,0 days 00:01:00.107000,1,True,Sakhir Grand Prix
6,11.0,0 days 00:00:59.644000,1,True,Sakhir Grand Prix
6,12.0,0 days 00:00:59.647000,1,True,Sakhir Grand Prix
6,13.0,0 days 00:00:59.733000,1,True,Sakhir Grand Prix
6,14.0,0 days 00:00:59.581000,1,True,Sakhir Grand Prix
6,15.0,0 days 00:00:59.475000,1,True,Sakhir Grand Prix
6,16.0,0 days 00:01:00.025000,1,True,Sakhir Grand Prix
6,17.0,0 days 00:00:59.429000,1,True,Sakhir Grand Prix
6,18.0,0 days 00:00:59.351000,1,True,Sakhir Grand Prix
6,19.0,0 days 00:00:59.564000,1,True,Sakhir Grand Prix
6,20.0,0 days 00:00:59.415000,1,True,Sakhir Grand Prix
6,21.0,0 days 00:00:59.581000,1,True,Sakhir Grand Prix
6,22.0,0 days 00:00:59.340000,1,True,Sakhir Grand Prix
6,23.0,0 days 00:00:59.551000,1,True,Sakhir Grand Prix
6,24.0,0 days 00:00:59.518000,1,True,Sakhir Grand Prix
6,25.0,0 days 00:00:59.577000,1,True,Sakhir Grand Prix
6,26.0,0 days 00:00:59.639000,1,True,Sakhir Grand Prix
6,27.0,0 days 00:01:02.230000,1,False,Sakhir Grand Prix
6,28.0,0 days 00:01:18.978000,1,False,Sakhir Grand Prix
6,29.0,0 days 00:00:58.206000,1,True,Sakhir Grand Prix
6,30.0,0 days 00:00:58.523000,1,True,Sakhir Grand Prix
6,31.0,0 days 00:00:58.890000,1,True,Sakhir Grand Prix
6,32.0,0 days 00:00:58.973000,1,True,Sakhir Grand Prix
6,33.0,0 days 00:00:58.444000,1,True,Sakhir Grand Prix
6,34.0,0 days 00:00:58.755000,1,True,Sakhir Grand Prix
6,35.0,0 days 00:00:58.809000,1,True,Sakhir Grand Prix
6,36.0,0 days 00:00:58.509000,1,True,Sakhir Grand Prix
6,37.0,0 days 00:00:58.861000,1,True,Sakhir Grand Prix
6,38.0,0 days 00:00:58.486000,1,True,Sakhir Grand Prix
6,39.0,0 days 00:00:58.781000,1,True,Sakhir Grand Prix
6,40.0,0 days 00:00:58.569000,1,True,Sakhir Grand Prix
6,41.0,0 days 00:00:58.626000,1,True,Sakhir Grand Prix
6,42.0,0 days 00:00:58.482000,1,True,Sakhir Grand Prix
6,43.0,0 days 00:00:58.569000,1,True,Sakhir Grand Prix
6,44.0,0 days 00:00:58.794000,1,True,Sakhir Grand Prix
6,45.0,0 days 00:00:58.735000,1,True,Sakhir Grand Prix
6,46.0,0 days 00:00:58.700000,1,True,Sakhir Grand Prix
6,47.0,0 days 00:00:58.705000,1,True,Sakhir Grand Prix
6,48.0,0 days 00:00:58.939000,1,True,Sakhir Grand Prix
6,49.0,0 days 00:00:58.841000,1,True,Sakhir Grand Prix
6,50.0,0 days 00:00:58.631000,1,True,Sakhir Grand Prix
6,51.0,0 days 00:00:58.998000,1,True,Sakhir Grand Prix
6,52.0,0 days 00:00:59.809000,1,True,Sakhir Grand Prix
6,53.0,,,False,Sakhir Grand Prix
63,1.0,0 days 00:01:08.922000,24,False,Sakhir Grand Prix
63,2.0,0 days 00:01:38.421000,4,False,Sakhir Grand Prix
63,3.0,0 days 00:01:29.830000,4,False,Sakhir Grand Prix
63,4.0,0 days 00:01:32.256000,4,False,Sakhir Grand Prix
63,5.0,0 days 00:01:30.133000,4,False,Sakhir Grand Prix
63,6.0,0 days 00:01:28.698000,4,False,Sakhir Grand Prix
63,7.0,0 days 00:00:58.160000,1,False,Sakhir Grand Prix
63,8.0,0 days 00:00:58.236000,1,True,Sakhir Grand Prix
63,9.0,0 days 00:00:58.059000,1,True,Sakhir Grand Prix
63,10.0,0 days 00:00:58.329000,1,True,Sakhir Grand Prix
63,11.0,0 days 00:00:58.252000,1,True,Sakhir Grand Prix
63,12.0,0 days 00:00:58.223000,1,True,Sakhir Grand Prix
63,13.0,0 days 00:00:58.210000,1,True,Sakhir Grand Prix
63,14.0,0 days 00:00:58.258000,1,True,Sakhir Grand Prix
63,15.0,0 days 00:00:58.351000,1,True,Sakhir Grand Prix
63,16.0,0 days 00:00:58.008000,1,True,Sakhir Grand Prix
63,17.0,0 days 00:00:58.169000,1,True,Sakhir Grand Prix
63,18.0,0 days 00:00:58.034000,1,True,Sakhir Grand Prix
63,19.0,0 days 00:00:58.315000,1,True,Sakhir Grand Prix
63,20.0,0 days 00:00:58.091000,1,True,Sakhir Grand Prix
63,21.0,0 days 00:00:58.092000,1,True,Sakhir Grand Prix
63,22.0,0 days 00:00:58.256000,1,True,Sakhir Grand Prix
63,23.0,0 days 00:00:57.955000,1,True,Sakhir Grand Prix
63,24.0,0 days 00:00:58.198000,1,True,Sakhir Grand Prix
63,25.0,0 days 00:00:58.021000,1,True,Sakhir Grand Prix
63,26.0,0 days 00:00:58.007000,1,True,Sakhir Grand Prix
63,27.0,0 days 00:00:57.975000,1,True,Sakhir Grand Prix
63,28.0,0 days 00:00:58.367000,1,True,Sakhir Grand Prix
63,29.0,0 days 00:00:58.052000,1,True,Sakhir Grand Prix
63,30.0,0 days 00:00:58.052000,1,True,Sakhir Grand Prix
63,31.0,0 days 00:00:58.260000,1,True,Sakhir Grand Prix
63,32.0,0 days 00:00:58.231000,1,True,Sakhir Grand Prix
63,33.0,0 days 00:00:58.433000,1,True,Sakhir Grand Prix
63,34.0,0 days 00:00:58.225000,1,True,Sakhir Grand Prix
63,35.0,0 days 00:00:58.253000,1,True,Sakhir Grand Prix
63,36.0,0 days 00:00:58.554000,1,True,Sakhir Grand Prix
63,37.0,0 days 00:00:58.309000,1,True,Sakhir Grand Prix
63,38.0,0 days 00:00:58.240000,1,True,Sakhir Grand Prix
63,39.0,0 days 00:00:58.267000,1,True,Sakhir Grand Prix
63,40.0,0 days 00:00:58.280000,1,True,Sakhir Grand Prix
63,41.0,0 days 00:00:58.133000,1,True,Sakhir Grand Prix
63,42.0,0 days 00:00:58.165000,1,True,Sakhir Grand Prix
63,43.0,0 days 00:00:58.164000,1,True,Sakhir Grand Prix
63,44.0,0 days 00:00:58.324000,1,True,Sakhir Grand Prix
63,45.0,0 days 00:01:00.531000,1,False,Sakhir Grand Prix
63,46.0,0 days 00:01:18.771000,1,False,Sakhir Grand Prix
63,47.0,0 days 00:00:56.644000,1,True,Sakhir Grand Prix
63,48.0,0 days 00:00:56.731000,1,True,Sakhir Grand Prix
63,49.0,0 days 00:00:57.130000,1,True,Sakhir Grand Prix
63,50.0,0 days 00:00:57.112000,1,True,Sakhir Grand Prix
63,51.0,0 days 00:00:56.831000,1,True,Sakhir Grand Prix
63,52.0,0 days 00:00:57.112000,1,True,Sakhir Grand Prix
63,53.0,0 days 00:00:57.076000,1,True,Sakhir Grand Prix
63,54.0,0 days 00:00:57.048000,2,True,Sakhir Grand Prix
63,55.0,0 days 00:01:05.262000,26,False,Sakhir Grand Prix
63,56.0,0 days 00:01:04.719000,67,False,Sakhir Grand Prix
63,57.0,0 days 00:00:56.977000,1,True,Sakhir Grand Prix
63,58.0,0 days 00:00:56.865000,1,True,Sakhir Grand Prix
63,59.0,0 days 00:00:56.975000,1,True,Sakhir Grand Prix
63,60.0,0 days 00:00:56.910000,1,True,Sakhir Grand Prix
63,61.0,0 days 00:00:57.158000,2,True,Sakhir Grand Prix
63,62.0,0 days 00:01:19.475000,264,False,Sakhir Grand Prix
63,63.0,0 days 00:01:52.067000,4,False,Sakhir Grand Prix
63,64.0,0 days 00:01:42.814000,4,False,Sakhir Grand Prix
63,65.0,0 days 00:01:28.181000,4,False,Sakhir Grand Prix
63,66.0,0 days 00:01:34.343000,4,False,Sakhir Grand Prix
63,67.0,0 days 00:01:26.885000,4,False,Sakhir Grand Prix
63,68.0,0 days 00:01:19.862000,4,False,Sakhir Grand Prix
63,69.0,0 days 00:00:58.237000,1,False,Sakhir Grand Prix
63,70.0,0 days 00:00:57.533000,1,True,Sakhir Grand Prix
63,71.0,0 days 00:00:56.961000,1,True,Sakhir Grand Prix
63,72.0,0 days 00:00:56.563000,1,True,Sakhir Grand Prix
63,73.0,0 days 00:00:56.514000,1,True,Sakhir Grand Prix
63,74.0,0 days 00:00:56.710000,1,True,Sakhir Grand Prix
63,75.0,0 days 00:00:56.393000,1,True,Sakhir Grand Prix
63,76.0,0 days 00:00:56.442000,1,True,Sakhir Grand Prix
63,77.0,0 days 00:00:56.862000,1,True,Sakhir Grand Prix
63,78.0,0 days 00:00:59.091000,1,False,Sakhir Grand Prix
63,79.0,0 days 00:01:16.832000,1,False,Sakhir Grand Prix
63,80.0,0 days 00:00:55.404000,1,True,Sakhir Grand Prix
63,81.0,0 days 00:00:56.542000,1,True,Sakhir Grand Prix
63,82.0,0 days 00:00:56.777000,1,True,Sakhir Grand Prix
63,83.0,0 days 00:00:56.319000,1,True,Sakhir Grand Prix
63,84.0,0 days 00:00:56.499000,1,True,Sakhir Grand Prix
63,85.0,0 days 00:00:56.970000,1,True,Sakhir Grand Prix
63,86.0,0 days 00:00:56.848000,1,True,Sakhir Grand Prix
63,87.0,0 days 00:00:56.926000,1,True,Sakhir Grand Prix
7,1.0,0 days 00:01:38.030000,24,False,Sakhir Grand Prix
7,2.0,0 days 00:01:34.001000,4,False,Sakhir Grand Prix
7,3.0,0 days 00:01:30.648000,4,False,Sakhir Grand Prix
7,4.0,0 days 00:01:31.412000,4,False,Sakhir Grand Prix
7,5.0,0 days 00:01:31.130000,4,False,Sakhir Grand Prix
7,6.0,0 days 00:01:11.179000,4,False,Sakhir Grand Prix
7,7.0,0 days 00:01:00.593000,1,False,Sakhir Grand Prix
7,8.0,0 days 00:01:00.346000,1,True,Sakhir Grand Prix
7,9.0,0 days 00:01:00.162000,1,True,Sakhir Grand Prix
7,10.0,0 days 00:01:00.419000,1,True,Sakhir Grand Prix
7,11.0,0 days 00:01:02.009000,1,True,Sakhir Grand Prix
7,12.0,0 days 00:00:59.934000,1,True,Sakhir Grand Prix
7,13.0,0 days 00:01:00.015000,1,True,Sakhir Grand Prix
7,14.0,0 days 00:01:00.152000,1,True,Sakhir Grand Prix
7,15.0,0 days 00:00:59.905000,1,True,Sakhir Grand Prix
7,16.0,0 days 00:00:59.961000,1,True,Sakhir Grand Prix
7,17.0,0 days 00:01:00.036000,1,True,Sakhir Grand Prix
7,18.0,0 days 00:01:00.099000,1,True,Sakhir Grand Prix
7,19.0,0 days 00:01:00.240000,1,True,Sakhir Grand Prix
7,20.0,0 days 00:00:59.888000,1,True,Sakhir Grand Prix
7,21.0,0 days 00:01:00.120000,1,True,Sakhir Grand Prix
7,22.0,0 days 00:00:59.834000,1,True,Sakhir Grand Prix
7,23.0,0 days 00:01:02.177000,1,False,Sakhir Grand Prix
7,24.0,0 days 00:01:24.937000,1,False,Sakhir Grand Prix
7,25.0,0 days 00:00:58.730000,1,True,Sakhir Grand Prix
7,26.0,0 days 00:00:58.564000,1,True,Sakhir Grand Prix
7,27.0,0 days 00:00:59.255000,1,True,Sakhir Grand Prix
7,28.0,0 days 00:00:58.322000,1,True,Sakhir Grand Prix
7,29.0,0 days 00:00:58.727000,1,True,Sakhir Grand Prix
7,30.0,0 days 00:00:58.551000,1,True,Sakhir Grand Prix
7,31.0,0 days 00:00:58.544000,1,True,Sakhir Grand Prix
7,32.0,0 days 00:00:58.867000,1,True,Sakhir Grand Prix
7,33.0,0 days 00:00:58.802000,1,True,Sakhir Grand Prix
7,34.0,0 days 00:00:58.824000,1,True,Sakhir Grand Prix
7,35.0,0 days 00:00:58.662000,1,True,Sakhir Grand Prix
7,36.0,0 days 00:00:59.103000,1,True,Sakhir Grand Prix
7,37.0,0 days 00:00:58.886000,1,True,Sakhir Grand Prix
7,38.0,0 days 00:00:59.027000,1,True,Sakhir Grand Prix
7,39.0,0 days 00:00:58.806000,1,True,Sakhir Grand Prix
7,40.0,0 days 00:00:58.729000,1,True,Sakhir Grand Prix
7,41.0,0 days 00:00:58.892000,1,True,Sakhir Grand Prix
7,42.0,0 days 00:00:59.275000,1,True,Sakhir Grand Prix
7,43.0,0 days 00:00:58.727000,1,True,Sakhir Grand Prix
7,44.0,0 days 00:00:58.960000,1,True,Sakhir Grand Prix
7,45.0,0 days 00:00:58.937000,1,True,Sakhir Grand Prix
7,46.0,0 days 00:00:58.987000,1,True,Sakhir Grand Prix
7,47.0,0 days 00:00:58.959000,1,True,Sakhir Grand Prix
7,48.0,0 days 00:00:58.879000,1,True,Sakhir Grand Prix
7,49.0,0 days 00:00:58.808000,1,True,Sakhir Grand Prix
7,50.0,0 days 00:00:58.978000,1,True,Sakhir Grand Prix
7,51.0,0 days 00:00:59.012000,1,True,Sakhir Grand Prix
7,52.0,0 days 00:00:58.888000,1,True,Sakhir Grand Prix
7,53.0,0 days 00:00:58.876000,2,True,Sakhir Grand Prix
7,54.0,0 days 00:01:13.601000,267,False,Sakhir Grand Prix
7,55.0,0 days 00:01:19.422000,1,False,Sakhir Grand Prix
7,56.0,0 days 00:00:57.375000,1,True,Sakhir Grand Prix
7,57.0,0 days 00:00:57.382000,1,True,Sakhir Grand Prix
7,58.0,0 days 00:00:57.812000,1,True,Sakhir Grand Prix
7,59.0,0 days 00:00:57.855000,2,True,Sakhir Grand Prix
7,60.0,0 days 00:01:10.404000,26,False,Sakhir Grand Prix
7,61.0,0 days 00:01:14.676000,64,False,Sakhir Grand Prix
7,62.0,0 days 00:01:18.167000,4,False,Sakhir Grand Prix
7,63.0,0 days 00:01:35.445000,4,False,Sakhir Grand Prix
7,64.0,0 days 00:01:13.133000,4,False,Sakhir Grand Prix
7,65.0,0 days 00:00:58.922000,4,False,Sakhir Grand Prix
7,66.0,0 days 00:00:59.770000,4,False,Sakhir Grand Prix
7,67.0,0 days 00:01:20.110000,4,False,Sakhir Grand Prix
7,68.0,0 days 00:01:10.711000,4,False,Sakhir Grand Prix
7,69.0,0 days 00:00:58.621000,1,False,Sakhir Grand Prix
7,70.0,0 days 00:00:59.220000,1,True,Sakhir Grand Prix
7,71.0,0 days 00:00:58.118000,1,True,Sakhir Grand Prix
7,72.0,0 days 00:00:57.790000,1,True,Sakhir Grand Prix
7,73.0,0 days 00:00:57.944000,1,True,Sakhir Grand Prix
7,74.0,0 days 00:00:57.720000,1,True,Sakhir Grand Prix
7,75.0,0 days 00:00:58.359000,1,True,Sakhir Grand Prix
7,76.0,0 days 00:00:57.488000,1,True,Sakhir Grand Prix
7,77.0,0 days 00:00:57.891000,1,True,Sakhir Grand Prix
7,78.0,0 days 00:00:57.811000,1,True,Sakhir Grand Prix
7,79.0,0 days 00:00:57.789000,1,True,Sakhir Grand Prix
7,80.0,0 days 00:00:57.696000,1,True,Sakhir Grand Prix
7,81.0,0 days 00:00:58.649000,1,True,Sakhir Grand Prix
7,82.0,0 days 00:00:57.870000,1,True,Sakhir Grand Prix
7,83.0,0 days 00:00:58.175000,1,True,Sakhir Grand Prix
7,84.0,0 days 00:00:57.744000,1,True,Sakhir Grand Prix
7,85.0,0 days 00:00:57.513000,1,True,Sakhir Grand Prix
7,86.0,0 days 00:00:58.107000,1,True,Sakhir Grand Prix
7,87.0,0 days 00:00:58.173000,1,True,Sakhir Grand Prix
77,1.0,0 days 00:01:12.014000,24,False,Sakhir Grand Prix
77,2.0,0 days 00:01:36.914000,4,False,Sakhir Grand Prix
77,3.0,0 days 00:01:29.641000,4,False,Sakhir Grand Prix
77,4.0,0 days 00:01:31.822000,4,False,Sakhir Grand Prix
77,5.0,0 days 00:01:30.462000,4,False,Sakhir Grand Prix
77,6.0,0 days 00:01:28.014000,4,False,Sakhir Grand Prix
77,7.0,0 days 00:00:58.679000,1,False,Sakhir Grand Prix
77,8.0,0 days 00:00:58.692000,1,True,Sakhir Grand Prix
77,9.0,0 days 00:00:58.284000,1,True,Sakhir Grand Prix
77,10.0,0 days 00:00:58.458000,1,True,Sakhir Grand Prix
77,11.0,0 days 00:00:58.091000,1,True,Sakhir Grand Prix
77,12.0,0 days 00:00:58.258000,1,True,Sakhir Grand Prix
77,13.0,0 days 00:00:58.528000,1,True,Sakhir Grand Prix
77,14.0,0 days 00:00:58.412000,1,True,Sakhir Grand Prix
77,15.0,0 days 00:00:58.323000,1,True,Sakhir Grand Prix
77,16.0,0 days 00:00:58.245000,1,True,Sakhir Grand Prix
77,17.0,0 days 00:00:57.978000,1,True,Sakhir Grand Prix
77,18.0,0 days 00:00:58.023000,1,True,Sakhir Grand Prix
77,19.0,0 days 00:00:58.087000,1,True,Sakhir Grand Prix
77,20.0,0 days 00:00:58.142000,1,True,Sakhir Grand Prix
77,21.0,0 days 00:00:57.993000,1,True,Sakhir Grand Prix
77,22.0,0 days 00:00:58.165000,1,True,Sakhir Grand Prix
77,23.0,0 days 00:00:58.022000,1,True,Sakhir Grand Prix
77,24.0,0 days 00:00:58.099000,1,True,Sakhir Grand Prix
77,25.0,0 days 00:00:58.203000,1,True,Sakhir Grand Prix
77,26.0,0 days 00:00:58.180000,1,True,Sakhir Grand Prix
77,27.0,0 days 00:00:58.151000,1,True,Sakhir Grand Prix
77,28.0,0 days 00:00:58.473000,1,True,Sakhir Grand Prix
77,29.0,0 days 00:00:58.239000,1,True,Sakhir Grand Prix
77,30.0,0 days 00:00:58.262000,1,True,Sakhir Grand Prix
77,31.0,0 days 00:00:58.370000,1,True,Sakhir Grand Prix
77,32.0,0 days 00:00:58.180000,1,True,Sakhir Grand Prix
77,33.0,0 days 00:00:58.156000,1,True,Sakhir Grand Prix
77,34.0,0 days 00:00:58.374000,1,True,Sakhir Grand Prix
77,35.0,0 days 00:00:58.235000,1,True,Sakhir Grand Prix
77,36.0,0 days 00:00:58.387000,1,True,Sakhir Grand Prix
77,37.0,0 days 00:00:58.114000,1,True,Sakhir Grand Prix
77,38.0,0 days 00:00:58.594000,1,True,Sakhir Grand Prix
77,39.0,0 days 00:00:58.198000,1,True,Sakhir Grand Prix
77,40.0,0 days 00:00:58.272000,1,True,Sakhir Grand Prix
77,41.0,0 days 00:00:58.363000,1,True,Sakhir Grand Prix
77,42.0,0 days 00:00:58.043000,1,True,Sakhir Grand Prix
77,43.0,0 days 00:00:58.304000,1,True,Sakhir Grand Prix
77,44.0,0 days 00:00:58.433000,1,True,Sakhir Grand Prix
77,45.0,0 days 00:00:58.099000,1,True,Sakhir Grand Prix
77,46.0,0 days 00:00:58.086000,1,True,Sakhir Grand Prix
77,47.0,0 days 00:00:58.532000,1,True,Sakhir Grand Prix
77,48.0,0 days 00:00:58.290000,1,True,Sakhir Grand Prix
77,49.0,0 days 00:01:01.154000,1,False,Sakhir Grand Prix
77,50.0,0 days 00:01:18.211000,1,False,Sakhir Grand Prix
77,51.0,0 days 00:00:56.705000,1,True,Sakhir Grand Prix
77,52.0,0 days 00:00:56.960000,1,True,Sakhir Grand Prix
77,53.0,0 days 00:00:56.704000,1,True,Sakhir Grand Prix
77,54.0,0 days 00:00:56.676000,2,True,Sakhir Grand Prix
77,55.0,0 days 00:01:06.758000,26,False,Sakhir Grand Prix
77,56.0,0 days 00:01:01.326000,67,False,Sakhir Grand Prix
77,57.0,0 days 00:00:56.779000,1,True,Sakhir Grand Prix
77,58.0,0 days 00:00:57.044000,1,True,Sakhir Grand Prix
77,59.0,0 days 00:00:56.613000,1,True,Sakhir Grand Prix
77,60.0,0 days 00:00:56.563000,1,True,Sakhir Grand Prix
77,61.0,0 days 00:00:57.510000,26,False,Sakhir Grand Prix
77,62.0,0 days 00:01:20.483000,64,False,Sakhir Grand Prix
77,63.0,0 days 00:02:01.524000,4,False,Sakhir Grand Prix
77,64.0,0 days 00:01:25.785000,4,False,Sakhir Grand Prix
77,65.0,0 days 00:01:28.299000,4,False,Sakhir Grand Prix
77,66.0,0 days 00:01:34.185000,4,False,Sakhir Grand Prix
77,67.0,0 days 00:01:26.307000,4,False,Sakhir Grand Prix
77,68.0,0 days 00:01:21.491000,4,False,Sakhir Grand Prix
77,69.0,0 days 00:00:58.159000,1,False,Sakhir Grand Prix
77,70.0,0 days 00:00:58.572000,1,True,Sakhir Grand Prix
77,71.0,0 days 00:00:57.379000,1,True,Sakhir Grand Prix
77,72.0,0 days 00:00:57.458000,1,True,Sakhir Grand Prix
77,73.0,0 days 00:00:57.742000,1,True,Sakhir Grand Prix
77,74.0,0 days 00:00:57.537000,1,True,Sakhir Grand Prix
77,75.0,0 days 00:00:57.611000,1,True,Sakhir Grand Prix
77,76.0,0 days 00:00:57.465000,1,True,Sakhir Grand Prix
77,77.0,0 days 00:01:00.164000,1,True,Sakhir Grand Prix
77,78.0,0 days 00:00:59.084000,1,True,Sakhir Grand Prix
77,79.0,0 days 00:00:57.653000,1,True,Sakhir Grand Prix
77,80.0,0 days 00:00:57.038000,1,True,Sakhir Grand Prix
77,81.0,0 days 00:00:57.546000,1,True,Sakhir Grand Prix
77,82.0,0 days 00:00:57.198000,1,True,Sakhir Grand Prix
77,83.0,0 days 00:00:57.305000,1,True,Sakhir Grand Prix
77,84.0,0 days 00:00:57.353000,1,True,Sakhir Grand Prix
77,85.0,0 days 00:00:57.798000,1,True,Sakhir Grand Prix
77,86.0,0 days 00:00:57.039000,1,True,Sakhir Grand Prix
77,87.0,0 days 00:00:57.441000,1,True,Sakhir Grand Prix
89,1.0,0 days 00:01:35.051000,24,False,Sakhir Grand Prix
89,2.0,0 days 00:01:34.286000,4,False,Sakhir Grand Prix
89,3.0,0 days 00:01:30.745000,4,False,Sakhir Grand Prix
89,4.0,0 days 00:01:30.538000,4,False,Sakhir Grand Prix
89,5.0,0 days 00:01:32.414000,4,False,Sakhir Grand Prix
89,6.0,0 days 00:01:11.998000,4,False,Sakhir Grand Prix
89,7.0,0 days 00:01:00.720000,1,False,Sakhir Grand Prix
89,8.0,0 days 00:01:00.981000,1,True,Sakhir Grand Prix
89,9.0,0 days 00:01:00.011000,1,True,Sakhir Grand Prix
89,10.0,0 days 00:01:01.550000,1,True,Sakhir Grand Prix
89,11.0,0 days 00:01:00.576000,1,True,Sakhir Grand Prix
89,12.0,0 days 00:00:59.699000,1,True,Sakhir Grand Prix
89,13.0,0 days 00:00:59.737000,1,True,Sakhir Grand Prix
89,14.0,0 days 00:00:59.837000,1,True,Sakhir Grand Prix
89,15.0,0 days 00:00:59.679000,1,True,Sakhir Grand Prix
89,16.0,0 days 00:00:59.608000,1,True,Sakhir Grand Prix
89,17.0,0 days 00:00:59.823000,1,True,Sakhir Grand Prix
89,18.0,0 days 00:00:59.805000,1,True,Sakhir Grand Prix
89,19.0,0 days 00:00:59.477000,1,True,Sakhir Grand Prix
89,20.0,0 days 00:00:59.505000,1,True,Sakhir Grand Prix
89,21.0,0 days 00:00:59.564000,1,True,Sakhir Grand Prix
89,22.0,0 days 00:00:59.983000,1,True,Sakhir Grand Prix
89,23.0,0 days 00:00:59.501000,1,True,Sakhir Grand Prix
89,24.0,0 days 00:00:59.580000,1,True,Sakhir Grand Prix
89,25.0,0 days 00:00:59.700000,1,True,Sakhir Grand Prix
89,26.0,0 days 00:00:59.828000,1,True,Sakhir Grand Prix
89,27.0,0 days 00:00:59.139000,1,True,Sakhir Grand Prix
89,28.0,0 days 00:00:59.278000,1,True,Sakhir Grand Prix
89,29.0,0 days 00:00:59.802000,1,True,Sakhir Grand Prix
89,30.0,0 days 00:00:59.800000,1,True,Sakhir Grand Prix
89,31.0,0 days 00:01:02.810000,1,False,Sakhir Grand Prix
89,32.0,0 days 00:01:20.577000,1,False,Sakhir Grand Prix
89,33.0,0 days 00:00:58.218000,1,True,Sakhir Grand Prix
89,34.0,0 days 00:00:58.046000,1,True,Sakhir Grand Prix
89,35.0,0 days 00:00:58.673000,1,True,Sakhir Grand Prix
89,36.0,0 days 00:00:58.452000,1,True,Sakhir Grand Prix
89,37.0,0 days 00:00:58.925000,1,True,Sakhir Grand Prix
89,38.0,0 days 00:00:59.082000,1,True,Sakhir Grand Prix
89,39.0,0 days 00:00:58.739000,1,True,Sakhir Grand Prix
89,40.0,0 days 00:00:58.900000,1,True,Sakhir Grand Prix
89,41.0,0 days 00:00:58.659000,1,True,Sakhir Grand Prix
89,42.0,0 days 00:00:58.784000,1,True,Sakhir Grand Prix
89,43.0,0 days 00:00:58.633000,1,True,Sakhir Grand Prix
89,44.0,0 days 00:00:58.692000,1,True,Sakhir Grand Prix
89,45.0,0 days 00:00:58.776000,1,True,Sakhir Grand Prix
89,46.0,0 days 00:00:59.679000,1,True,Sakhir Grand Prix
89,47.0,0 days 00:00:58.921000,1,True,Sakhir Grand Prix
89,48.0,0 days 00:00:58.799000,1,True,Sakhir Grand Prix
89,49.0,0 days 00:00:58.703000,1,True,Sakhir Grand Prix
89,50.0,0 days 00:01:00.166000,1,True,Sakhir Grand Prix
89,51.0,0 days 00:00:58.805000,1,True,Sakhir Grand Prix
89,52.0,0 days 00:00:58.649000,1,True,Sakhir Grand Prix
89,53.0,0 days 00:00:58.667000,2,True,Sakhir Grand Prix
89,54.0,0 days 00:01:11.243000,267,False,Sakhir Grand Prix
89,55.0,0 days 00:01:20.818000,7,False,Sakhir Grand Prix
89,56.0,0 days 00:00:57.392000,1,True,Sakhir Grand Prix
89,57.0,0 days 00:00:57.454000,1,True,Sakhir Grand Prix
89,58.0,0 days 00:00:57.537000,1,True,Sakhir Grand Prix
89,59.0,0 days 00:01:09.041000,2,False,Sakhir Grand Prix
89,60.0,0 days 00:01:48.753000,264,False,Sakhir Grand Prix
89,61.0,0 days 00:01:28.611000,4,False,Sakhir Grand Prix
89,62.0,0 days 00:01:21.570000,4,False,Sakhir Grand Prix
89,63.0,0 days 00:00:59.023000,4,False,Sakhir Grand Prix
89,64.0,0 days 00:01:03.072000,4,False,Sakhir Grand Prix
89,65.0,0 days 00:01:15.734000,4,False,Sakhir Grand Prix
89,66.0,0 days 00:01:02.078000,4,False,Sakhir Grand Prix
89,67.0,0 days 00:00:58.343000,4,False,Sakhir Grand Prix
89,68.0,0 days 00:01:00.362000,4,False,Sakhir Grand Prix
89,69.0,0 days 00:00:57.963000,1,False,Sakhir Grand Prix
89,70.0,0 days 00:00:58.283000,1,True,Sakhir Grand Prix
89,71.0,0 days 00:00:58.849000,1,True,Sakhir Grand Prix
89,72.0,0 days 00:00:58.304000,1,True,Sakhir Grand Prix
89,73.0,0 days 00:00:58.277000,1,True,Sakhir Grand Prix
89,74.0,0 days 00:00:58.262000,1,True,Sakhir Grand Prix
89,75.0,0 days 00:00:58.917000,1,True,Sakhir Grand Prix
89,76.0,0 days 00:00:59.093000,1,True,Sakhir Grand Prix
89,77.0,0 days 00:00:58.545000,1,True,Sakhir Grand Prix
89,78.0,0 days 00:00:58.415000,1,True,Sakhir Grand Prix
89,79.0,0 days 00:00:58.193000,1,True,Sakhir Grand Prix
89,80.0,0 days 00:00:58.018000,1,True,Sakhir Grand Prix
89,81.0,0 days 00:00:58.395000,1,True,Sakhir Grand Prix
89,82.0,0 days 00:00:58.012000,1,True,Sakhir Grand Prix
89,83.0,0 days 00:00:57.944000,1,True,Sakhir Grand Prix
89,84.0,0 days 00:00:58.288000,1,True,Sakhir Grand Prix
89,85.0,0 days 00:00:57.761000,1,True,Sakhir Grand Prix
89,86.0,0 days 00:00:57.727000,1,True,Sakhir Grand Prix
89,87.0,0 days 00:00:57.941000,1,True,Sakhir Grand Prix
99,1.0,0 days 00:01:32.831000,24,False,Sakhir Grand Prix
99,2.0,0 days 00:01:33.445000,4,False,Sakhir Grand Prix
99,3.0,0 days 00:01:31.983000,4,False,Sakhir Grand Prix
99,4.0,0 days 00:01:29.852000,4,False,Sakhir Grand Prix
99,5.0,0 days 00:01:33.552000,4,False,Sakhir Grand Prix
99,6.0,0 days 00:01:12.671000,4,False,Sakhir Grand Prix
99,7.0,0 days 00:01:00.959000,1,False,Sakhir Grand Prix
99,8.0,0 days 00:01:00.648000,1,True,Sakhir Grand Prix
99,9.0,0 days 00:01:00.178000,1,True,Sakhir Grand Prix
99,10.0,0 days 00:01:00.796000,1,True,Sakhir Grand Prix
99,11.0,0 days 00:00:59.474000,1,True,Sakhir Grand Prix
99,12.0,0 days 00:00:59.543000,1,True,Sakhir Grand Prix
99,13.0,0 days 00:00:59.661000,1,True,Sakhir Grand Prix
99,14.0,0 days 00:00:59.547000,1,True,Sakhir Grand Prix
99,15.0,0 days 00:00:59.385000,1,True,Sakhir Grand Prix
99,16.0,0 days 00:01:00.155000,1,True,Sakhir Grand Prix
99,17.0,0 days 00:00:59.333000,1,True,Sakhir Grand Prix
99,18.0,0 days 00:00:59.500000,1,True,Sakhir Grand Prix
99,19.0,0 days 00:00:59.528000,1,True,Sakhir Grand Prix
99,20.0,0 days 00:00:59.458000,1,True,Sakhir Grand Prix
99,21.0,0 days 00:00:59.526000,1,True,Sakhir Grand Prix
99,22.0,0 days 00:00:59.540000,1,True,Sakhir Grand Prix
99,23.0,0 days 00:00:59.590000,1,True,Sakhir Grand Prix
99,24.0,0 days 00:00:59.482000,1,True,Sakhir Grand Prix
99,25.0,0 days 00:00:59.611000,1,True,Sakhir Grand Prix
99,26.0,0 days 00:01:02.795000,1,False,Sakhir Grand Prix
99,27.0,0 days 00:01:19.408000,1,False,Sakhir Grand Prix
99,28.0,0 days 00:00:58.320000,1,True,Sakhir Grand Prix
99,29.0,0 days 00:00:58.468000,1,True,Sakhir Grand Prix
99,30.0,0 days 00:00:58.418000,1,True,Sakhir Grand Prix
99,31.0,0 days 00:00:58.681000,1,True,Sakhir Grand Prix
99,32.0,0 days 00:00:58.887000,1,True,Sakhir Grand Prix
99,33.0,0 days 00:00:58.839000,1,True,Sakhir Grand Prix
99,34.0,0 days 00:00:58.727000,1,True,Sakhir Grand Prix
99,35.0,0 days 00:00:58.799000,1,True,Sakhir Grand Prix
99,36.0,0 days 00:00:58.705000,1,True,Sakhir Grand Prix
99,37.0,0 days 00:00:58.634000,1,True,Sakhir Grand Prix
99,38.0,0 days 00:00:58.860000,1,True,Sakhir Grand Prix
99,39.0,0 days 00:00:58.558000,1,True,Sakhir Grand Prix
99,40.0,0 days 00:00:58.600000,1,True,Sakhir Grand Prix
99,41.0,0 days 00:00:58.638000,1,True,Sakhir Grand Prix
99,42.0,0 days 00:00:58.506000,1,True,Sakhir Grand Prix
99,43.0,0 days 00:00:58.677000,1,True,Sakhir Grand Prix
99,44.0,0 days 00:00:58.730000,1,True,Sakhir Grand Prix
99,45.0,0 days 00:00:58.883000,1,True,Sakhir Grand Prix
99,46.0,0 days 00:00:58.944000,1,True,Sakhir Grand Prix
99,47.0,0 days 00:00:58.597000,1,True,Sakhir Grand Prix
99,48.0,0 days 00:00:58.747000,1,True,Sakhir Grand Prix
99,49.0,0 days 00:00:58.631000,1,True,Sakhir Grand Prix
99,50.0,0 days 00:00:58.680000,1,True,Sakhir Grand Prix
99,51.0,0 days 00:01:00.383000,1,True,Sakhir Grand Prix
99,52.0,0 days 00:00:58.893000,1,True,Sakhir Grand Prix
99,53.0,0 days 00:00:58.828000,2,True,Sakhir Grand Prix
99,54.0,0 days 00:01:08.974000,26,False,Sakhir Grand Prix
99,55.0,0 days 00:01:18.959000,67,False,Sakhir Grand Prix
99,56.0,0 days 00:00:56.887000,1,True,Sakhir Grand Prix
99,57.0,0 days 00:00:57.131000,1,True,Sakhir Grand Prix
99,58.0,0 days 00:00:57.152000,1,True,Sakhir Grand Prix
99,59.0,0 days 00:00:57.352000,1,True,Sakhir Grand Prix
99,60.0,0 days 00:01:03.752000,26,False,Sakhir Grand Prix
99,61.0,0 days 00:01:15.539000,64,False,Sakhir Grand Prix
99,62.0,0 days 00:01:27.169000,4,False,Sakhir Grand Prix
99,63.0,0 days 00:01:21.308000,4,False,Sakhir Grand Prix
99,64.0,0 days 00:01:11.791000,4,False,Sakhir Grand Prix
99,65.0,0 days 00:00:58.485000,4,False,Sakhir Grand Prix
99,66.0,0 days 00:01:24.284000,4,False,Sakhir Grand Prix
99,67.0,0 days 00:01:26.521000,4,False,Sakhir Grand Prix
99,68.0,0 days 00:01:12.153000,4,False,Sakhir Grand Prix
99,69.0,0 days 00:00:58.742000,1,False,Sakhir Grand Prix
99,70.0,0 days 00:00:58.397000,1,True,Sakhir Grand Prix
99,71.0,0 days 00:00:58.051000,1,True,Sakhir Grand Prix
99,72.0,0 days 00:00:57.692000,1,True,Sakhir Grand Prix
99,73.0,0 days 00:00:58.857000,1,True,Sakhir Grand Prix
99,74.0,0 days 00:00:58.583000,1,True,Sakhir Grand Prix
99,75.0,0 days 00:00:57.551000,1,True,Sakhir Grand Prix
99,76.0,0 days 00:00:57.683000,1,True,Sakhir Grand Prix
99,77.0,0 days 00:00:57.711000,1,True,Sakhir Grand Prix
99,78.0,0 days 00:00:57.883000,1,True,Sakhir Grand Prix
99,79.0,0 days 00:00:57.802000,1,True,Sakhir Grand Prix
99,80.0,0 days 00:00:57.639000,1,True,Sakhir Grand Prix
99,81.0,0 days 00:00:57.865000,1,True,Sakhir Grand Prix
99,82.0,0 days 00:00:57.750000,1,True,Sakhir Grand Prix
99,83.0,0 days 00:00:58.211000,1,True,Sakhir Grand Prix
99,84.0,0 days 00:00:57.815000,1,True,Sakhir Grand Prix
99,85.0,0 days 00:00:57.677000,1,True,Sakhir Grand Prix
99,86.0,0 days 00:00:57.811000,1,True,Sakhir Grand Prix
99,87.0,0 days 00:00:57.964000,1,True,Sakhir Grand Prix
10,1.0,0 days 00:01:52.727000,1,False,Abu Dhabi Grand Prix
10,2.0,0 days 00:01:44.828000,1,True,Abu Dhabi Grand Prix
10,3.0,0 days 00:01:44.617000,1,True,Abu Dhabi Grand Prix
10,4.0,0 days 00:01:44.286000,1,True,Abu Dhabi Grand Prix
10,5.0,0 days 00:01:44.520000,1,True,Abu Dhabi Grand Prix
10,6.0,0 days 00:01:44.623000,1,True,Abu Dhabi Grand Prix
10,7.0,0 days 00:01:44.630000,1,True,Abu Dhabi Grand Prix
10,8.0,0 days 00:01:45.857000,1,True,Abu Dhabi Grand Prix
10,9.0,0 days 00:01:44.982000,2,True,Abu Dhabi Grand Prix
10,10.0,0 days 00:02:14.631000,26,False,Abu Dhabi Grand Prix
10,11.0,,64,False,Abu Dhabi Grand Prix
10,12.0,0 days 00:02:22.722000,4,False,Abu Dhabi Grand Prix
10,13.0,0 days 00:02:24.787000,4,False,Abu Dhabi Grand Prix
10,14.0,0 days 00:01:46.613000,1,False,Abu Dhabi Grand Prix
10,15.0,0 days 00:01:44.955000,1,True,Abu Dhabi Grand Prix
10,16.0,0 days 00:01:44.512000,1,True,Abu Dhabi Grand Prix
10,17.0,0 days 00:01:44.461000,1,True,Abu Dhabi Grand Prix
10,18.0,0 days 00:01:45.148000,1,True,Abu Dhabi Grand Prix
10,19.0,0 days 00:01:45.086000,1,True,Abu Dhabi Grand Prix
10,20.0,0 days 00:01:43.650000,1,True,Abu Dhabi Grand Prix
10,21.0,0 days 00:01:43.961000,1,True,Abu Dhabi Grand Prix
10,22.0,0 days 00:01:43.746000,1,True,Abu Dhabi Grand Prix
10,23.0,0 days 00:01:43.639000,1,True,Abu Dhabi Grand Prix
10,24.0,0 days 00:01:43.309000,1,True,Abu Dhabi Grand Prix
10,25.0,0 days 00:01:43.585000,1,True,Abu Dhabi Grand Prix
10,26.0,0 days 00:01:43.527000,1,True,Abu Dhabi Grand Prix
10,27.0,0 days 00:01:44.244000,1,True,Abu Dhabi Grand Prix
10,28.0,0 days 00:01:44.358000,1,True,Abu Dhabi Grand Prix
10,29.0,0 days 00:01:43.624000,1,True,Abu Dhabi Grand Prix
10,30.0,0 days 00:01:43.574000,1,True,Abu Dhabi Grand Prix
10,31.0,0 days 00:01:43.949000,1,True,Abu Dhabi Grand Prix
10,32.0,0 days 00:01:43.043000,1,True,Abu Dhabi Grand Prix
10,33.0,0 days 00:01:42.768000,1,True,Abu Dhabi Grand Prix
10,34.0,0 days 00:01:43.135000,1,True,Abu Dhabi Grand Prix
10,35.0,0 days 00:01:42.820000,1,True,Abu Dhabi Grand Prix
10,36.0,0 days 00:01:43.003000,1,True,Abu Dhabi Grand Prix
10,37.0,0 days 00:01:42.868000,1,True,Abu Dhabi Grand Prix
10,38.0,0 days 00:01:42.960000,1,True,Abu Dhabi Grand Prix
10,39.0,0 days 00:01:43.070000,1,True,Abu Dhabi Grand Prix
10,40.0,0 days 00:01:43.659000,1,True,Abu Dhabi Grand Prix
10,41.0,0 days 00:01:43.444000,1,True,Abu Dhabi Grand Prix
10,42.0,0 days 00:01:43.545000,1,True,Abu Dhabi Grand Prix
10,43.0,0 days 00:01:43.167000,1,True,Abu Dhabi Grand Prix
10,44.0,0 days 00:01:43,1,True,Abu Dhabi Grand Prix
10,45.0,0 days 00:01:42.486000,1,True,Abu Dhabi Grand Prix
10,46.0,0 days 00:01:42.797000,1,True,Abu Dhabi Grand Prix
10,47.0,0 days 00:01:42.615000,1,True,Abu Dhabi Grand Prix
10,48.0,0 days 00:01:42.962000,1,True,Abu Dhabi Grand Prix
10,49.0,0 days 00:01:43.423000,1,True,Abu Dhabi Grand Prix
10,50.0,0 days 00:01:42.964000,1,True,Abu Dhabi Grand Prix
10,51.0,0 days 00:01:42.755000,1,True,Abu Dhabi Grand Prix
10,52.0,0 days 00:01:42.735000,1,True,Abu Dhabi Grand Prix
10,53.0,0 days 00:01:42.474000,1,True,Abu Dhabi Grand Prix
10,54.0,0 days 00:01:42.549000,1,True,Abu Dhabi Grand Prix
10,55.0,0 days 00:01:42.626000,1,True,Abu Dhabi Grand Prix
11,1.0,0 days 00:01:58.615000,1,False,Abu Dhabi Grand Prix
11,2.0,0 days 00:01:47.554000,1,True,Abu Dhabi Grand Prix
11,3.0,0 days 00:01:45.701000,1,True,Abu Dhabi Grand Prix
11,4.0,0 days 00:01:44.762000,1,True,Abu Dhabi Grand Prix
11,5.0,0 days 00:01:43.786000,1,True,Abu Dhabi Grand Prix
11,6.0,0 days 00:01:43.263000,1,True,Abu Dhabi Grand Prix
11,7.0,0 days 00:01:45.123000,1,True,Abu Dhabi Grand Prix
11,8.0,0 days 00:01:44.231000,1,True,Abu Dhabi Grand Prix
11,9.0,,,False,Abu Dhabi Grand Prix
16,1.0,0 days 00:01:54.522000,1,False,Abu Dhabi Grand Prix
16,2.0,0 days 00:01:45.693000,1,True,Abu Dhabi Grand Prix
16,3.0,0 days 00:01:45.231000,1,True,Abu Dhabi Grand Prix
16,4.0,0 days 00:01:45.079000,1,True,Abu Dhabi Grand Prix
16,5.0,0 days 00:01:45.070000,1,True,Abu Dhabi Grand Prix
16,6.0,0 days 00:01:44.795000,1,True,Abu Dhabi Grand Prix
16,7.0,0 days 00:01:45.143000,1,True,Abu Dhabi Grand Prix
16,8.0,0 days 00:01:44.867000,1,True,Abu Dhabi Grand Prix
16,9.0,0 days 00:01:45.498000,2,True,Abu Dhabi Grand Prix
16,10.0,0 days 00:02:17.453000,26,False,Abu Dhabi Grand Prix
16,11.0,0 days 00:02:23.156000,64,False,Abu Dhabi Grand Prix
16,12.0,0 days 00:02:24.517000,4,False,Abu Dhabi Grand Prix
16,13.0,0 days 00:02:29.087000,4,False,Abu Dhabi Grand Prix
16,14.0,0 days 00:01:46.755000,1,False,Abu Dhabi Grand Prix
16,15.0,0 days 00:01:44.579000,1,True,Abu Dhabi Grand Prix
16,16.0,0 days 00:01:44.576000,1,True,Abu Dhabi Grand Prix
16,17.0,0 days 00:01:44.596000,1,True,Abu Dhabi Grand Prix
16,18.0,0 days 00:01:44.936000,1,True,Abu Dhabi Grand Prix
16,19.0,0 days 00:01:46.133000,1,True,Abu Dhabi Grand Prix
16,20.0,0 days 00:01:45.712000,1,True,Abu Dhabi Grand Prix
16,21.0,0 days 00:01:45.682000,1,True,Abu Dhabi Grand Prix
16,22.0,0 days 00:01:47.724000,1,False,Abu Dhabi Grand Prix
16,23.0,0 days 00:02:03.178000,1,False,Abu Dhabi Grand Prix
16,24.0,0 days 00:01:41.908000,1,True,Abu Dhabi Grand Prix
16,25.0,0 days 00:01:42.762000,1,True,Abu Dhabi Grand Prix
16,26.0,0 days 00:01:43.100000,1,True,Abu Dhabi Grand Prix
16,27.0,0 days 00:01:42.228000,1,True,Abu Dhabi Grand Prix
16,28.0,0 days 00:01:42.530000,1,True,Abu Dhabi Grand Prix
16,29.0,0 days 00:01:42.661000,1,True,Abu Dhabi Grand Prix
16,30.0,0 days 00:01:42.686000,1,True,Abu Dhabi Grand Prix
16,31.0,0 days 00:01:43.273000,1,True,Abu Dhabi Grand Prix
16,32.0,0 days 00:01:42.854000,1,True,Abu Dhabi Grand Prix
16,33.0,0 days 00:01:43.993000,1,True,Abu Dhabi Grand Prix
16,34.0,0 days 00:01:43.091000,1,True,Abu Dhabi Grand Prix
16,35.0,0 days 00:01:42.424000,1,True,Abu Dhabi Grand Prix
16,36.0,0 days 00:01:42.537000,1,True,Abu Dhabi Grand Prix
16,37.0,0 days 00:01:42.960000,1,True,Abu Dhabi Grand Prix
16,38.0,0 days 00:01:43.274000,1,True,Abu Dhabi Grand Prix
16,39.0,0 days 00:01:43.195000,1,True,Abu Dhabi Grand Prix
16,40.0,0 days 00:01:43.832000,1,True,Abu Dhabi Grand Prix
16,41.0,0 days 00:01:43.147000,1,True,Abu Dhabi Grand Prix
16,42.0,0 days 00:01:43.158000,1,True,Abu Dhabi Grand Prix
16,43.0,0 days 00:01:43.088000,1,True,Abu Dhabi Grand Prix
16,44.0,0 days 00:01:42.796000,1,True,Abu Dhabi Grand Prix
16,45.0,0 days 00:01:42.825000,1,True,Abu Dhabi Grand Prix
16,46.0,0 days 00:01:43.260000,1,True,Abu Dhabi Grand Prix
16,47.0,0 days 00:01:42.777000,1,True,Abu Dhabi Grand Prix
16,48.0,0 days 00:01:45.367000,1,True,Abu Dhabi Grand Prix
16,49.0,0 days 00:01:43.126000,1,True,Abu Dhabi Grand Prix
16,50.0,0 days 00:01:42.945000,1,True,Abu Dhabi Grand Prix
16,51.0,0 days 00:01:42.993000,1,True,Abu Dhabi Grand Prix
16,52.0,0 days 00:01:43.120000,1,True,Abu Dhabi Grand Prix
16,53.0,0 days 00:01:46.365000,1,True,Abu Dhabi Grand Prix
16,54.0,0 days 00:01:44.464000,1,True,Abu Dhabi Grand Prix
18,1.0,0 days 00:01:51.155000,1,False,Abu Dhabi Grand Prix
18,2.0,0 days 00:01:45.211000,1,True,Abu Dhabi Grand Prix
18,3.0,0 days 00:01:44.594000,1,True,Abu Dhabi Grand Prix
18,4.0,0 days 00:01:44.455000,1,True,Abu Dhabi Grand Prix
18,5.0,0 days 00:01:44.612000,1,True,Abu Dhabi Grand Prix
18,6.0,0 days 00:01:44.690000,1,True,Abu Dhabi Grand Prix
18,7.0,0 days 00:01:44.624000,1,True,Abu Dhabi Grand Prix
18,8.0,0 days 00:01:44.396000,1,True,Abu Dhabi Grand Prix
18,9.0,0 days 00:01:44.565000,1,True,Abu Dhabi Grand Prix
18,10.0,0 days 00:02:14.461000,26,False,Abu Dhabi Grand Prix
18,11.0,,64,False,Abu Dhabi Grand Prix
18,12.0,0 days 00:02:23.315000,4,False,Abu Dhabi Grand Prix
18,13.0,0 days 00:02:25.714000,4,False,Abu Dhabi Grand Prix
18,14.0,0 days 00:01:46.366000,1,False,Abu Dhabi Grand Prix
18,15.0,0 days 00:01:44.742000,1,True,Abu Dhabi Grand Prix
18,16.0,0 days 00:01:44.611000,1,True,Abu Dhabi Grand Prix
18,17.0,0 days 00:01:44.551000,1,True,Abu Dhabi Grand Prix
18,18.0,0 days 00:01:45.026000,1,True,Abu Dhabi Grand Prix
18,19.0,0 days 00:01:43.764000,1,True,Abu Dhabi Grand Prix
18,20.0,0 days 00:01:43.966000,1,True,Abu Dhabi Grand Prix
18,21.0,0 days 00:01:43.718000,1,True,Abu Dhabi Grand Prix
18,22.0,0 days 00:01:43.635000,1,True,Abu Dhabi Grand Prix
18,23.0,0 days 00:01:43.581000,1,True,Abu Dhabi Grand Prix
18,24.0,0 days 00:01:43.704000,1,True,Abu Dhabi Grand Prix
18,25.0,0 days 00:01:44.213000,1,True,Abu Dhabi Grand Prix
18,26.0,0 days 00:01:43.497000,1,True,Abu Dhabi Grand Prix
18,27.0,0 days 00:01:44.652000,1,True,Abu Dhabi Grand Prix
18,28.0,0 days 00:01:44.346000,1,True,Abu Dhabi Grand Prix
18,29.0,0 days 00:01:45.703000,1,True,Abu Dhabi Grand Prix
18,30.0,0 days 00:01:43.785000,1,True,Abu Dhabi Grand Prix
18,31.0,0 days 00:01:44.550000,1,True,Abu Dhabi Grand Prix
18,32.0,0 days 00:01:44.786000,1,True,Abu Dhabi Grand Prix
18,33.0,0 days 00:01:44.256000,1,True,Abu Dhabi Grand Prix
18,34.0,0 days 00:01:44.482000,1,True,Abu Dhabi Grand Prix
18,35.0,0 days 00:01:44.281000,1,True,Abu Dhabi Grand Prix
18,36.0,0 days 00:01:43.383000,1,True,Abu Dhabi Grand Prix
18,37.0,0 days 00:01:42.744000,1,True,Abu Dhabi Grand Prix
18,38.0,0 days 00:01:42.688000,1,True,Abu Dhabi Grand Prix
18,39.0,0 days 00:01:42.690000,1,True,Abu Dhabi Grand Prix
18,40.0,0 days 00:01:42.811000,1,True,Abu Dhabi Grand Prix
18,41.0,0 days 00:01:41.866000,1,True,Abu Dhabi Grand Prix
18,42.0,0 days 00:01:44.870000,1,True,Abu Dhabi Grand Prix
18,43.0,0 days 00:01:42.858000,1,True,Abu Dhabi Grand Prix
18,44.0,0 days 00:01:42.754000,1,True,Abu Dhabi Grand Prix
18,45.0,0 days 00:01:42.845000,1,True,Abu Dhabi Grand Prix
18,46.0,0 days 00:01:42.971000,1,True,Abu Dhabi Grand Prix
18,47.0,0 days 00:01:42.968000,1,True,Abu Dhabi Grand Prix
18,48.0,0 days 00:01:42.892000,1,True,Abu Dhabi Grand Prix
18,49.0,0 days 00:01:43.436000,1,True,Abu Dhabi Grand Prix
18,50.0,0 days 00:01:43.269000,1,True,Abu Dhabi Grand Prix
18,51.0,0 days 00:01:43.095000,1,True,Abu Dhabi Grand Prix
18,52.0,0 days 00:01:43.174000,1,True,Abu Dhabi Grand Prix
18,53.0,0 days 00:01:43.325000,1,True,Abu Dhabi Grand Prix
18,54.0,0 days 00:01:43.557000,1,True,Abu Dhabi Grand Prix
18,55.0,0 days 00:01:45.894000,1,True,Abu Dhabi Grand Prix
20,1.0,0 days 00:01:57.154000,1,False,Abu Dhabi Grand Prix
20,2.0,0 days 00:01:47.811000,1,True,Abu Dhabi Grand Prix
20,3.0,0 days 00:01:46.300000,1,True,Abu Dhabi Grand Prix
20,4.0,0 days 00:01:46.465000,1,True,Abu Dhabi Grand Prix
20,5.0,0 days 00:01:46.137000,1,True,Abu Dhabi Grand Prix
20,6.0,0 days 00:01:46.403000,1,True,Abu Dhabi Grand Prix
20,7.0,0 days 00:01:46.083000,1,True,Abu Dhabi Grand Prix
20,8.0,0 days 00:01:45.832000,1,True,Abu Dhabi Grand Prix
20,9.0,0 days 00:01:46.112000,26,False,Abu Dhabi Grand Prix
20,10.0,0 days 00:02:23.503000,6,False,Abu Dhabi Grand Prix
20,11.0,0 days 00:02:23.043000,64,False,Abu Dhabi Grand Prix
20,12.0,0 days 00:02:22.209000,4,False,Abu Dhabi Grand Prix
20,13.0,0 days 00:02:16.637000,4,False,Abu Dhabi Grand Prix
20,14.0,0 days 00:01:48.535000,1,False,Abu Dhabi Grand Prix
20,15.0,0 days 00:01:46.448000,1,True,Abu Dhabi Grand Prix
20,16.0,0 days 00:01:47.117000,1,True,Abu Dhabi Grand Prix
20,17.0,0 days 00:01:45.717000,1,True,Abu Dhabi Grand Prix
20,18.0,0 days 00:01:45.521000,1,True,Abu Dhabi Grand Prix
20,19.0,0 days 00:01:45.217000,1,True,Abu Dhabi Grand Prix
20,20.0,0 days 00:01:45.319000,1,True,Abu Dhabi Grand Prix
20,21.0,0 days 00:01:45.306000,1,True,Abu Dhabi Grand Prix
20,22.0,0 days 00:01:45.596000,1,True,Abu Dhabi Grand Prix
20,23.0,0 days 00:01:45.491000,1,True,Abu Dhabi Grand Prix
20,24.0,0 days 00:01:45.347000,1,True,Abu Dhabi Grand Prix
20,25.0,0 days 00:01:45.399000,1,True,Abu Dhabi Grand Prix
20,26.0,0 days 00:01:45.133000,1,True,Abu Dhabi Grand Prix
20,27.0,0 days 00:01:46.332000,1,True,Abu Dhabi Grand Prix
20,28.0,0 days 00:01:47.228000,1,True,Abu Dhabi Grand Prix
20,29.0,0 days 00:01:46.283000,1,True,Abu Dhabi Grand Prix
20,30.0,0 days 00:01:47.287000,1,True,Abu Dhabi Grand Prix
20,31.0,0 days 00:01:48.161000,1,False,Abu Dhabi Grand Prix
20,32.0,0 days 00:02:03.659000,1,False,Abu Dhabi Grand Prix
20,33.0,0 days 00:01:42.263000,1,True,Abu Dhabi Grand Prix
20,34.0,0 days 00:01:42.372000,1,True,Abu Dhabi Grand Prix
20,35.0,0 days 00:01:42.797000,1,True,Abu Dhabi Grand Prix
20,36.0,0 days 00:01:45.613000,1,True,Abu Dhabi Grand Prix
20,37.0,0 days 00:01:43.369000,1,True,Abu Dhabi Grand Prix
20,38.0,0 days 00:01:43.467000,1,True,Abu Dhabi Grand Prix
20,39.0,0 days 00:01:43.697000,1,True,Abu Dhabi Grand Prix
20,40.0,0 days 00:01:43.942000,1,True,Abu Dhabi Grand Prix
20,41.0,0 days 00:01:44.736000,1,True,Abu Dhabi Grand Prix
20,42.0,0 days 00:01:45.234000,1,True,Abu Dhabi Grand Prix
20,43.0,0 days 00:01:46.250000,1,True,Abu Dhabi Grand Prix
20,44.0,0 days 00:01:46.581000,1,True,Abu Dhabi Grand Prix
20,45.0,0 days 00:01:46.904000,1,True,Abu Dhabi Grand Prix
20,46.0,0 days 00:01:48.054000,1,True,Abu Dhabi Grand Prix
20,47.0,0 days 00:01:49.526000,1,False,Abu Dhabi Grand Prix
20,48.0,0 days 00:02:03.079000,1,False,Abu Dhabi Grand Prix
20,49.0,0 days 00:01:42.005000,1,True,Abu Dhabi Grand Prix
20,50.0,0 days 00:01:41.999000,1,True,Abu Dhabi Grand Prix
20,51.0,0 days 00:01:42.027000,1,True,Abu Dhabi Grand Prix
20,52.0,0 days 00:01:42.165000,1,True,Abu Dhabi Grand Prix
20,53.0,0 days 00:01:42.609000,1,True,Abu Dhabi Grand Prix
20,54.0,0 days 00:01:42.913000,1,True,Abu Dhabi Grand Prix
23,1.0,0 days 00:01:48.734000,1,False,Abu Dhabi Grand Prix
23,2.0,0 days 00:01:44.151000,1,True,Abu Dhabi Grand Prix
23,3.0,0 days 00:01:43.941000,1,True,Abu Dhabi Grand Prix
23,4.0,0 days 00:01:44.029000,1,True,Abu Dhabi Grand Prix
23,5.0,0 days 00:01:44.076000,1,True,Abu Dhabi Grand Prix
23,6.0,0 days 00:01:42.885000,1,True,Abu Dhabi Grand Prix
23,7.0,0 days 00:01:43.334000,1,True,Abu Dhabi Grand Prix
23,8.0,0 days 00:01:43.081000,1,True,Abu Dhabi Grand Prix
23,9.0,0 days 00:01:43.274000,1,True,Abu Dhabi Grand Prix
23,10.0,0 days 00:02:10.847000,26,False,Abu Dhabi Grand Prix
23,11.0,,64,False,Abu Dhabi Grand Prix
23,12.0,0 days 00:02:27.288000,4,False,Abu Dhabi Grand Prix
23,13.0,,4,False,Abu Dhabi Grand Prix
23,14.0,0 days 00:01:43.243000,1,False,Abu Dhabi Grand Prix
23,15.0,0 days 00:01:42.429000,1,True,Abu Dhabi Grand Prix
23,16.0,0 days 00:01:42.735000,1,True,Abu Dhabi Grand Prix
23,17.0,0 days 00:01:42.572000,1,True,Abu Dhabi Grand Prix
23,18.0,0 days 00:01:42.322000,1,True,Abu Dhabi Grand Prix
23,19.0,0 days 00:01:42.272000,1,True,Abu Dhabi Grand Prix
23,20.0,0 days 00:01:42.192000,1,True,Abu Dhabi Grand Prix
23,21.0,0 days 00:01:42.022000,1,True,Abu Dhabi Grand Prix
23,22.0,0 days 00:01:41.855000,1,True,Abu Dhabi Grand Prix
23,23.0,0 days 00:01:42.182000,1,True,Abu Dhabi Grand Prix
23,24.0,0 days 00:01:42.213000,1,True,Abu Dhabi Grand Prix
23,25.0,0 days 00:01:42.090000,1,True,Abu Dhabi Grand Prix
23,26.0,0 days 00:01:41.807000,1,True,Abu Dhabi Grand Prix
23,27.0,0 days 00:01:41.867000,1,True,Abu Dhabi Grand Prix
23,28.0,0 days 00:01:42.151000,1,True,Abu Dhabi Grand Prix
23,29.0,0 days 00:01:41.983000,1,True,Abu Dhabi Grand Prix
23,30.0,0 days 00:01:41.702000,1,True,Abu Dhabi Grand Prix
23,31.0,0 days 00:01:41.687000,1,True,Abu Dhabi Grand Prix
23,32.0,0 days 00:01:41.782000,1,True,Abu Dhabi Grand Prix
23,33.0,0 days 00:01:41.814000,1,True,Abu Dhabi Grand Prix
23,34.0,0 days 00:01:42.145000,1,True,Abu Dhabi Grand Prix
23,35.0,0 days 00:01:42.139000,1,True,Abu Dhabi Grand Prix
23,36.0,0 days 00:01:42.247000,1,True,Abu Dhabi Grand Prix
23,37.0,0 days 00:01:41.824000,1,True,Abu Dhabi Grand Prix
23,38.0,0 days 00:01:41.470000,1,True,Abu Dhabi Grand Prix
23,39.0,0 days 00:01:41.386000,1,True,Abu Dhabi Grand Prix
23,40.0,0 days 00:01:41.625000,1,True,Abu Dhabi Grand Prix
23,41.0,0 days 00:01:41.510000,1,True,Abu Dhabi Grand Prix
23,42.0,0 days 00:01:41.227000,1,True,Abu Dhabi Grand Prix
23,43.0,0 days 00:01:41.443000,1,True,Abu Dhabi Grand Prix
23,44.0,0 days 00:01:41.674000,1,True,Abu Dhabi Grand Prix
23,45.0,0 days 00:01:41.353000,1,True,Abu Dhabi Grand Prix
23,46.0,0 days 00:01:41.655000,1,True,Abu Dhabi Grand Prix
23,47.0,0 days 00:01:41.532000,1,True,Abu Dhabi Grand Prix
23,48.0,0 days 00:01:41.588000,1,True,Abu Dhabi Grand Prix
23,49.0,0 days 00:01:41.753000,1,True,Abu Dhabi Grand Prix
23,50.0,0 days 00:01:41.968000,1,True,Abu Dhabi Grand Prix
23,51.0,0 days 00:01:41.583000,1,True,Abu Dhabi Grand Prix
23,52.0,0 days 00:01:41.636000,1,True,Abu Dhabi Grand Prix
23,53.0,0 days 00:01:42.009000,1,True,Abu Dhabi Grand Prix
23,54.0,0 days 00:01:41.674000,1,True,Abu Dhabi Grand Prix
23,55.0,0 days 00:01:42.354000,1,True,Abu Dhabi Grand Prix
26,1.0,0 days 00:01:50.426000,1,False,Abu Dhabi Grand Prix
26,2.0,0 days 00:01:45.145000,1,True,Abu Dhabi Grand Prix
26,3.0,0 days 00:01:44.320000,1,True,Abu Dhabi Grand Prix
26,4.0,0 days 00:01:44.544000,1,True,Abu Dhabi Grand Prix
26,5.0,0 days 00:01:44.620000,1,True,Abu Dhabi Grand Prix
26,6.0,0 days 00:01:44.741000,1,True,Abu Dhabi Grand Prix
26,7.0,0 days 00:01:44.781000,1,True,Abu Dhabi Grand Prix
26,8.0,0 days 00:01:46.648000,1,True,Abu Dhabi Grand Prix
26,9.0,0 days 00:01:47.228000,2,True,Abu Dhabi Grand Prix
26,10.0,0 days 00:02:17.188000,26,False,Abu Dhabi Grand Prix
26,11.0,,64,False,Abu Dhabi Grand Prix
26,12.0,0 days 00:02:21.705000,4,False,Abu Dhabi Grand Prix
26,13.0,0 days 00:02:20.028000,4,False,Abu Dhabi Grand Prix
26,14.0,0 days 00:01:47.073000,1,False,Abu Dhabi Grand Prix
26,15.0,0 days 00:01:46.524000,1,True,Abu Dhabi Grand Prix
26,16.0,0 days 00:01:43.928000,1,True,Abu Dhabi Grand Prix
26,17.0,0 days 00:01:44.144000,1,True,Abu Dhabi Grand Prix
26,18.0,0 days 00:01:44.707000,1,True,Abu Dhabi Grand Prix
26,19.0,0 days 00:01:44.800000,1,True,Abu Dhabi Grand Prix
26,20.0,0 days 00:01:45.119000,1,True,Abu Dhabi Grand Prix
26,21.0,0 days 00:01:45.332000,1,True,Abu Dhabi Grand Prix
26,22.0,0 days 00:01:45.207000,1,True,Abu Dhabi Grand Prix
26,23.0,0 days 00:01:43.677000,1,True,Abu Dhabi Grand Prix
26,24.0,0 days 00:01:43.255000,1,True,Abu Dhabi Grand Prix
26,25.0,0 days 00:01:43.497000,1,True,Abu Dhabi Grand Prix
26,26.0,0 days 00:01:43.304000,1,True,Abu Dhabi Grand Prix
26,27.0,0 days 00:01:43.502000,1,True,Abu Dhabi Grand Prix
26,28.0,0 days 00:01:43.361000,1,True,Abu Dhabi Grand Prix
26,29.0,0 days 00:01:43.608000,1,True,Abu Dhabi Grand Prix
26,30.0,0 days 00:01:43.753000,1,True,Abu Dhabi Grand Prix
26,31.0,0 days 00:01:44.166000,1,True,Abu Dhabi Grand Prix
26,32.0,0 days 00:01:44.204000,1,True,Abu Dhabi Grand Prix
26,33.0,0 days 00:01:44.243000,1,True,Abu Dhabi Grand Prix
26,34.0,0 days 00:01:44.392000,1,True,Abu Dhabi Grand Prix
26,35.0,0 days 00:01:44.460000,1,True,Abu Dhabi Grand Prix
26,36.0,0 days 00:01:43.998000,1,True,Abu Dhabi Grand Prix
26,37.0,0 days 00:01:43.500000,1,True,Abu Dhabi Grand Prix
26,38.0,0 days 00:01:43.430000,1,True,Abu Dhabi Grand Prix
26,39.0,0 days 00:01:42.906000,1,True,Abu Dhabi Grand Prix
26,40.0,0 days 00:01:42.900000,1,True,Abu Dhabi Grand Prix
26,41.0,0 days 00:01:42.788000,1,True,Abu Dhabi Grand Prix
26,42.0,0 days 00:01:42.953000,1,True,Abu Dhabi Grand Prix
26,43.0,0 days 00:01:43.148000,1,True,Abu Dhabi Grand Prix
26,44.0,0 days 00:01:43.165000,1,True,Abu Dhabi Grand Prix
26,45.0,0 days 00:01:43.118000,1,True,Abu Dhabi Grand Prix
26,46.0,0 days 00:01:42.788000,1,True,Abu Dhabi Grand Prix
26,47.0,0 days 00:01:42.704000,1,True,Abu Dhabi Grand Prix
26,48.0,0 days 00:01:42.985000,1,True,Abu Dhabi Grand Prix
26,49.0,0 days 00:01:43.119000,1,True,Abu Dhabi Grand Prix
26,50.0,0 days 00:01:42.966000,1,True,Abu Dhabi Grand Prix
26,51.0,0 days 00:01:42.921000,1,True,Abu Dhabi Grand Prix
26,52.0,0 days 00:01:43.045000,1,True,Abu Dhabi Grand Prix
26,53.0,0 days 00:01:43.437000,1,True,Abu Dhabi Grand Prix
26,54.0,0 days 00:01:46.316000,1,True,Abu Dhabi Grand Prix
3,1.0,0 days 00:01:53.282000,1,False,Abu Dhabi Grand Prix
3,2.0,0 days 00:01:45.912000,1,True,Abu Dhabi Grand Prix
3,3.0,0 days 00:01:44.878000,1,True,Abu Dhabi Grand Prix
3,4.0,0 days 00:01:44.667000,1,True,Abu Dhabi Grand Prix
3,5.0,0 days 00:01:44.817000,1,True,Abu Dhabi Grand Prix
3,6.0,0 days 00:01:43.625000,1,True,Abu Dhabi Grand Prix
3,7.0,0 days 00:01:44.429000,1,True,Abu Dhabi Grand Prix
3,8.0,0 days 00:01:45.241000,1,True,Abu Dhabi Grand Prix
3,9.0,0 days 00:01:46.233000,2,True,Abu Dhabi Grand Prix
3,10.0,0 days 00:02:16.955000,26,False,Abu Dhabi Grand Prix
3,11.0,0 days 00:02:21.882000,64,False,Abu Dhabi Grand Prix
3,12.0,0 days 00:02:24.547000,4,False,Abu Dhabi Grand Prix
3,13.0,,4,False,Abu Dhabi Grand Prix
3,14.0,0 days 00:01:44.183000,1,False,Abu Dhabi Grand Prix
3,15.0,0 days 00:01:43.867000,1,True,Abu Dhabi Grand Prix
3,16.0,0 days 00:01:43.359000,1,True,Abu Dhabi Grand Prix
3,17.0,0 days 00:01:43.372000,1,True,Abu Dhabi Grand Prix
3,18.0,0 days 00:01:43.409000,1,True,Abu Dhabi Grand Prix
3,19.0,0 days 00:01:43.200000,1,True,Abu Dhabi Grand Prix
3,20.0,0 days 00:01:43.182000,1,True,Abu Dhabi Grand Prix
3,21.0,0 days 00:01:43.192000,1,True,Abu Dhabi Grand Prix
3,22.0,0 days 00:01:43.074000,1,True,Abu Dhabi Grand Prix
3,23.0,0 days 00:01:43.197000,1,True,Abu Dhabi Grand Prix
3,24.0,0 days 00:01:42.931000,1,True,Abu Dhabi Grand Prix
3,25.0,0 days 00:01:42.939000,1,True,Abu Dhabi Grand Prix
3,26.0,0 days 00:01:42.920000,1,True,Abu Dhabi Grand Prix
3,27.0,0 days 00:01:42.955000,1,True,Abu Dhabi Grand Prix
3,28.0,0 days 00:01:43.163000,1,True,Abu Dhabi Grand Prix
3,29.0,0 days 00:01:42.904000,1,True,Abu Dhabi Grand Prix
3,30.0,0 days 00:01:42.819000,1,True,Abu Dhabi Grand Prix
3,31.0,0 days 00:01:42.815000,1,True,Abu Dhabi Grand Prix
3,32.0,0 days 00:01:42.619000,1,True,Abu Dhabi Grand Prix
3,33.0,0 days 00:01:42.390000,1,True,Abu Dhabi Grand Prix
3,34.0,0 days 00:01:42.283000,1,True,Abu Dhabi Grand Prix
3,35.0,0 days 00:01:42.390000,1,True,Abu Dhabi Grand Prix
3,36.0,0 days 00:01:42.604000,1,True,Abu Dhabi Grand Prix
3,37.0,0 days 00:01:42.974000,1,True,Abu Dhabi Grand Prix
3,38.0,0 days 00:01:43.106000,1,True,Abu Dhabi Grand Prix
3,39.0,0 days 00:01:45.290000,1,False,Abu Dhabi Grand Prix
3,40.0,0 days 00:02:03.636000,1,False,Abu Dhabi Grand Prix
3,41.0,0 days 00:01:43.472000,1,True,Abu Dhabi Grand Prix
3,42.0,0 days 00:01:43.286000,1,True,Abu Dhabi Grand Prix
3,43.0,0 days 00:01:42.238000,1,True,Abu Dhabi Grand Prix
3,44.0,0 days 00:01:40.958000,1,True,Abu Dhabi Grand Prix
3,45.0,0 days 00:01:42.071000,1,True,Abu Dhabi Grand Prix
3,46.0,0 days 00:01:41.906000,1,True,Abu Dhabi Grand Prix
3,47.0,0 days 00:01:42.037000,1,True,Abu Dhabi Grand Prix
3,48.0,0 days 00:01:41.742000,1,True,Abu Dhabi Grand Prix
3,49.0,0 days 00:01:41.920000,1,True,Abu Dhabi Grand Prix
3,50.0,0 days 00:01:41.860000,1,True,Abu Dhabi Grand Prix
3,51.0,0 days 00:01:41.713000,1,True,Abu Dhabi Grand Prix
3,52.0,0 days 00:01:41.106000,1,True,Abu Dhabi Grand Prix
3,53.0,0 days 00:01:42.566000,1,True,Abu Dhabi Grand Prix
3,54.0,0 days 00:01:41.411000,1,True,Abu Dhabi Grand Prix
3,55.0,0 days 00:01:40.926000,1,True,Abu Dhabi Grand Prix
31,1.0,0 days 00:01:52.035000,1,False,Abu Dhabi Grand Prix
31,2.0,0 days 00:01:46.281000,1,True,Abu Dhabi Grand Prix
31,3.0,0 days 00:01:44.927000,1,True,Abu Dhabi Grand Prix
31,4.0,0 days 00:01:44.696000,1,True,Abu Dhabi Grand Prix
31,5.0,0 days 00:01:44.597000,1,True,Abu Dhabi Grand Prix
31,6.0,0 days 00:01:46.075000,1,True,Abu Dhabi Grand Prix
31,7.0,0 days 00:01:44.916000,1,True,Abu Dhabi Grand Prix
31,8.0,0 days 00:01:45.195000,1,True,Abu Dhabi Grand Prix
31,9.0,0 days 00:01:45.600000,2,True,Abu Dhabi Grand Prix
31,10.0,0 days 00:02:18.556000,26,False,Abu Dhabi Grand Prix
31,11.0,,64,False,Abu Dhabi Grand Prix
31,12.0,0 days 00:02:22.253000,4,False,Abu Dhabi Grand Prix
31,13.0,0 days 00:02:22.022000,4,False,Abu Dhabi Grand Prix
31,14.0,0 days 00:01:46.969000,1,False,Abu Dhabi Grand Prix
31,15.0,0 days 00:01:45.056000,1,True,Abu Dhabi Grand Prix
31,16.0,0 days 00:01:44.567000,1,True,Abu Dhabi Grand Prix
31,17.0,0 days 00:01:44.334000,1,True,Abu Dhabi Grand Prix
31,18.0,0 days 00:01:44.854000,1,True,Abu Dhabi Grand Prix
31,19.0,0 days 00:01:44.921000,1,True,Abu Dhabi Grand Prix
31,20.0,0 days 00:01:44.956000,1,True,Abu Dhabi Grand Prix
31,21.0,0 days 00:01:45.673000,1,True,Abu Dhabi Grand Prix
31,22.0,0 days 00:01:43.705000,1,True,Abu Dhabi Grand Prix
31,23.0,0 days 00:01:43.652000,1,True,Abu Dhabi Grand Prix
31,24.0,0 days 00:01:43.402000,1,True,Abu Dhabi Grand Prix
31,25.0,0 days 00:01:43.331000,1,True,Abu Dhabi Grand Prix
31,26.0,0 days 00:01:43.704000,1,True,Abu Dhabi Grand Prix
31,27.0,0 days 00:01:43.583000,1,True,Abu Dhabi Grand Prix
31,28.0,0 days 00:01:43.654000,1,True,Abu Dhabi Grand Prix
31,29.0,0 days 00:01:43.834000,1,True,Abu Dhabi Grand Prix
31,30.0,0 days 00:01:43.766000,1,True,Abu Dhabi Grand Prix
31,31.0,0 days 00:01:44.112000,1,True,Abu Dhabi Grand Prix
31,32.0,0 days 00:01:44.546000,1,True,Abu Dhabi Grand Prix
31,33.0,0 days 00:01:44.387000,1,True,Abu Dhabi Grand Prix
31,34.0,0 days 00:01:44.323000,1,True,Abu Dhabi Grand Prix
31,35.0,0 days 00:01:44.396000,1,True,Abu Dhabi Grand Prix
31,36.0,0 days 00:01:43.862000,1,True,Abu Dhabi Grand Prix
31,37.0,0 days 00:01:43.166000,1,True,Abu Dhabi Grand Prix
31,38.0,0 days 00:01:43.031000,1,True,Abu Dhabi Grand Prix
31,39.0,0 days 00:01:42.896000,1,True,Abu Dhabi Grand Prix
31,40.0,0 days 00:01:42.936000,1,True,Abu Dhabi Grand Prix
31,41.0,0 days 00:01:43.020000,1,True,Abu Dhabi Grand Prix
31,42.0,0 days 00:01:43.130000,1,True,Abu Dhabi Grand Prix
31,43.0,0 days 00:01:42.960000,1,True,Abu Dhabi Grand Prix
31,44.0,0 days 00:01:43.001000,1,True,Abu Dhabi Grand Prix
31,45.0,0 days 00:01:42.964000,1,True,Abu Dhabi Grand Prix
31,46.0,0 days 00:01:42.931000,1,True,Abu Dhabi Grand Prix
31,47.0,0 days 00:01:42.894000,1,True,Abu Dhabi Grand Prix
31,48.0,0 days 00:01:42.932000,1,True,Abu Dhabi Grand Prix
31,49.0,0 days 00:01:42.950000,1,True,Abu Dhabi Grand Prix
31,50.0,0 days 00:01:42.947000,1,True,Abu Dhabi Grand Prix
31,51.0,0 days 00:01:42.911000,1,True,Abu Dhabi Grand Prix
31,52.0,0 days 00:01:43.180000,1,True,Abu Dhabi Grand Prix
31,53.0,0 days 00:01:43.077000,1,True,Abu Dhabi Grand Prix
31,54.0,0 days 00:01:43.459000,1,True,Abu Dhabi Grand Prix
31,55.0,0 days 00:01:43.285000,1,True,Abu Dhabi Grand Prix
33,1.0,0 days 00:01:43.833000,1,False,Abu Dhabi Grand Prix
33,2.0,0 days 00:01:42.292000,1,True,Abu Dhabi Grand Prix
33,3.0,0 days 00:01:42.207000,1,True,Abu Dhabi Grand Prix
33,4.0,0 days 00:01:42.450000,1,True,Abu Dhabi Grand Prix
33,5.0,0 days 00:01:42.652000,1,True,Abu Dhabi Grand Prix
33,6.0,0 days 00:01:42.562000,1,True,Abu Dhabi Grand Prix
33,7.0,0 days 00:01:42.651000,1,True,Abu Dhabi Grand Prix
33,8.0,0 days 00:01:42.506000,1,True,Abu Dhabi Grand Prix
33,9.0,0 days 00:01:42.461000,1,True,Abu Dhabi Grand Prix
33,10.0,0 days 00:02:06.235000,26,False,Abu Dhabi Grand Prix
33,11.0,,64,False,Abu Dhabi Grand Prix
33,12.0,,4,False,Abu Dhabi Grand Prix
33,13.0,,4,False,Abu Dhabi Grand Prix
33,14.0,0 days 00:01:40.958000,1,False,Abu Dhabi Grand Prix
33,15.0,0 days 00:01:41.153000,1,True,Abu Dhabi Grand Prix
33,16.0,0 days 00:01:41.315000,1,True,Abu Dhabi Grand Prix
33,17.0,0 days 00:01:41.571000,1,True,Abu Dhabi Grand Prix
33,18.0,0 days 00:01:41.427000,1,True,Abu Dhabi Grand Prix
33,19.0,0 days 00:01:41.423000,1,True,Abu Dhabi Grand Prix
33,20.0,0 days 00:01:41.560000,1,True,Abu Dhabi Grand Prix
33,21.0,0 days 00:01:41.462000,1,True,Abu Dhabi Grand Prix
33,22.0,0 days 00:01:41.250000,1,True,Abu Dhabi Grand Prix
33,23.0,0 days 00:01:41.400000,1,True,Abu Dhabi Grand Prix
33,24.0,0 days 00:01:41.579000,1,True,Abu Dhabi Grand Prix
33,25.0,0 days 00:01:41.653000,1,True,Abu Dhabi Grand Prix
33,26.0,0 days 00:01:41.357000,1,True,Abu Dhabi Grand Prix
33,27.0,0 days 00:01:41.362000,1,True,Abu Dhabi Grand Prix
33,28.0,0 days 00:01:41.318000,1,True,Abu Dhabi Grand Prix
33,29.0,0 days 00:01:41.491000,1,True,Abu Dhabi Grand Prix
33,30.0,0 days 00:01:41.296000,1,True,Abu Dhabi Grand Prix
33,31.0,0 days 00:01:41.281000,1,True,Abu Dhabi Grand Prix
33,32.0,0 days 00:01:41.254000,1,True,Abu Dhabi Grand Prix
33,33.0,0 days 00:01:41.162000,1,True,Abu Dhabi Grand Prix
33,34.0,0 days 00:01:41.201000,1,True,Abu Dhabi Grand Prix
33,35.0,0 days 00:01:41.455000,1,True,Abu Dhabi Grand Prix
33,36.0,0 days 00:01:41.565000,1,True,Abu Dhabi Grand Prix
33,37.0,0 days 00:01:41.725000,1,True,Abu Dhabi Grand Prix
33,38.0,0 days 00:01:42.119000,1,True,Abu Dhabi Grand Prix
33,39.0,0 days 00:01:41.334000,1,True,Abu Dhabi Grand Prix
33,40.0,0 days 00:01:41.228000,1,True,Abu Dhabi Grand Prix
33,41.0,0 days 00:01:41.180000,1,True,Abu Dhabi Grand Prix
33,42.0,0 days 00:01:41.421000,1,True,Abu Dhabi Grand Prix
33,43.0,0 days 00:01:41.569000,1,True,Abu Dhabi Grand Prix
33,44.0,0 days 00:01:41.546000,1,True,Abu Dhabi Grand Prix
33,45.0,0 days 00:01:41.621000,1,True,Abu Dhabi Grand Prix
33,46.0,0 days 00:01:41.367000,1,True,Abu Dhabi Grand Prix
33,47.0,0 days 00:01:41.650000,1,True,Abu Dhabi Grand Prix
33,48.0,0 days 00:01:41.982000,1,True,Abu Dhabi Grand Prix
33,49.0,0 days 00:01:42.033000,1,True,Abu Dhabi Grand Prix
33,50.0,0 days 00:01:41.805000,1,True,Abu Dhabi Grand Prix
33,51.0,0 days 00:01:41.838000,1,True,Abu Dhabi Grand Prix
33,52.0,0 days 00:01:41.497000,1,True,Abu Dhabi Grand Prix
33,53.0,0 days 00:01:41.596000,1,True,Abu Dhabi Grand Prix
33,54.0,0 days 00:01:41.626000,1,True,Abu Dhabi Grand Prix
33,55.0,0 days 00:01:42.182000,1,True,Abu Dhabi Grand Prix
4,1.0,0 days 00:01:47.989000,1,False,Abu Dhabi Grand Prix
4,2.0,0 days 00:01:44.054000,1,True,Abu Dhabi Grand Prix
4,3.0,0 days 00:01:43.879000,1,True,Abu Dhabi Grand Prix
4,4.0,0 days 00:01:43.951000,1,True,Abu Dhabi Grand Prix
4,5.0,0 days 00:01:43.966000,1,True,Abu Dhabi Grand Prix
4,6.0,0 days 00:01:45.683000,1,True,Abu Dhabi Grand Prix
4,7.0,0 days 00:01:44.650000,1,True,Abu Dhabi Grand Prix
4,8.0,0 days 00:01:44.286000,1,True,Abu Dhabi Grand Prix
4,9.0,0 days 00:01:44.281000,1,True,Abu Dhabi Grand Prix
4,10.0,0 days 00:02:12.176000,26,False,Abu Dhabi Grand Prix
4,11.0,,64,False,Abu Dhabi Grand Prix
4,12.0,0 days 00:02:25.506000,4,False,Abu Dhabi Grand Prix
4,13.0,,4,False,Abu Dhabi Grand Prix
4,14.0,0 days 00:01:44.829000,1,False,Abu Dhabi Grand Prix
4,15.0,0 days 00:01:43.704000,1,True,Abu Dhabi Grand Prix
4,16.0,0 days 00:01:43.380000,1,True,Abu Dhabi Grand Prix
4,17.0,0 days 00:01:43.455000,1,True,Abu Dhabi Grand Prix
4,18.0,0 days 00:01:43.370000,1,True,Abu Dhabi Grand Prix
4,19.0,0 days 00:01:43.410000,1,True,Abu Dhabi Grand Prix
4,20.0,0 days 00:01:43.539000,1,True,Abu Dhabi Grand Prix
4,21.0,0 days 00:01:43.546000,1,True,Abu Dhabi Grand Prix
4,22.0,0 days 00:01:43.343000,1,True,Abu Dhabi Grand Prix
4,23.0,0 days 00:01:42.999000,1,True,Abu Dhabi Grand Prix
4,24.0,0 days 00:01:42.914000,1,True,Abu Dhabi Grand Prix
4,25.0,0 days 00:01:42.916000,1,True,Abu Dhabi Grand Prix
4,26.0,0 days 00:01:43.041000,1,True,Abu Dhabi Grand Prix
4,27.0,0 days 00:01:43.183000,1,True,Abu Dhabi Grand Prix
4,28.0,0 days 00:01:43.058000,1,True,Abu Dhabi Grand Prix
4,29.0,0 days 00:01:42.894000,1,True,Abu Dhabi Grand Prix
4,30.0,0 days 00:01:42.902000,1,True,Abu Dhabi Grand Prix
4,31.0,0 days 00:01:42.974000,1,True,Abu Dhabi Grand Prix
4,32.0,0 days 00:01:42.735000,1,True,Abu Dhabi Grand Prix
4,33.0,0 days 00:01:42.693000,1,True,Abu Dhabi Grand Prix
4,34.0,0 days 00:01:42.434000,1,True,Abu Dhabi Grand Prix
4,35.0,0 days 00:01:42.401000,1,True,Abu Dhabi Grand Prix
4,36.0,0 days 00:01:42.549000,1,True,Abu Dhabi Grand Prix
4,37.0,0 days 00:01:42.542000,1,True,Abu Dhabi Grand Prix
4,38.0,0 days 00:01:43.084000,1,True,Abu Dhabi Grand Prix
4,39.0,0 days 00:01:42.771000,1,True,Abu Dhabi Grand Prix
4,40.0,0 days 00:01:42.730000,1,True,Abu Dhabi Grand Prix
4,41.0,0 days 00:01:42.794000,1,True,Abu Dhabi Grand Prix
4,42.0,0 days 00:01:42.647000,1,True,Abu Dhabi Grand Prix
4,43.0,0 days 00:01:42.613000,1,True,Abu Dhabi Grand Prix
4,44.0,0 days 00:01:42.660000,1,True,Abu Dhabi Grand Prix
4,45.0,0 days 00:01:42.449000,1,True,Abu Dhabi Grand Prix
4,46.0,0 days 00:01:42.644000,1,True,Abu Dhabi Grand Prix
4,47.0,0 days 00:01:42.686000,1,True,Abu Dhabi Grand Prix
4,48.0,0 days 00:01:42.561000,1,True,Abu Dhabi Grand Prix
4,49.0,0 days 00:01:42.495000,1,True,Abu Dhabi Grand Prix
4,50.0,0 days 00:01:42.314000,1,True,Abu Dhabi Grand Prix
4,51.0,0 days 00:01:42.294000,1,True,Abu Dhabi Grand Prix
4,52.0,0 days 00:01:42.069000,1,True,Abu Dhabi Grand Prix
4,53.0,0 days 00:01:41.964000,1,True,Abu Dhabi Grand Prix
4,54.0,0 days 00:01:42.312000,1,True,Abu Dhabi Grand Prix
4,55.0,0 days 00:01:42.315000,1,True,Abu Dhabi Grand Prix
44,1.0,0 days 00:01:46.347000,1,False,Abu Dhabi Grand Prix
44,2.0,0 days 00:01:43.524000,1,True,Abu Dhabi Grand Prix
44,3.0,0 days 00:01:43.154000,1,True,Abu Dhabi Grand Prix
44,4.0,0 days 00:01:43.051000,1,True,Abu Dhabi Grand Prix
44,5.0,0 days 00:01:43.157000,1,True,Abu Dhabi Grand Prix
44,6.0,0 days 00:01:42.997000,1,True,Abu Dhabi Grand Prix
44,7.0,0 days 00:01:43.033000,1,True,Abu Dhabi Grand Prix
44,8.0,0 days 00:01:43.069000,1,True,Abu Dhabi Grand Prix
44,9.0,0 days 00:01:43.289000,1,True,Abu Dhabi Grand Prix
44,10.0,0 days 00:02:09.878000,26,False,Abu Dhabi Grand Prix
44,11.0,,64,False,Abu Dhabi Grand Prix
44,12.0,,4,False,Abu Dhabi Grand Prix
44,13.0,,4,False,Abu Dhabi Grand Prix
44,14.0,0 days 00:01:42.117000,1,False,Abu Dhabi Grand Prix
44,15.0,0 days 00:01:41.947000,1,True,Abu Dhabi Grand Prix
44,16.0,0 days 00:01:42.109000,1,True,Abu Dhabi Grand Prix
44,17.0,0 days 00:01:42.106000,1,True,Abu Dhabi Grand Prix
44,18.0,0 days 00:01:41.819000,1,True,Abu Dhabi Grand Prix
44,19.0,0 days 00:01:41.791000,1,True,Abu Dhabi Grand Prix
44,20.0,0 days 00:01:41.991000,1,True,Abu Dhabi Grand Prix
44,21.0,0 days 00:01:41.720000,1,True,Abu Dhabi Grand Prix
44,22.0,0 days 00:01:41.600000,1,True,Abu Dhabi Grand Prix
44,23.0,0 days 00:01:42.004000,1,True,Abu Dhabi Grand Prix
44,24.0,0 days 00:01:41.894000,1,True,Abu Dhabi Grand Prix
44,25.0,0 days 00:01:41.745000,1,True,Abu Dhabi Grand Prix
44,26.0,0 days 00:01:41.979000,1,True,Abu Dhabi Grand Prix
44,27.0,0 days 00:01:42.034000,1,True,Abu Dhabi Grand Prix
44,28.0,0 days 00:01:41.658000,1,True,Abu Dhabi Grand Prix
44,29.0,0 days 00:01:41.811000,1,True,Abu Dhabi Grand Prix
44,30.0,0 days 00:01:41.649000,1,True,Abu Dhabi Grand Prix
44,31.0,0 days 00:01:41.993000,1,True,Abu Dhabi Grand Prix
44,32.0,0 days 00:01:41.510000,1,True,Abu Dhabi Grand Prix
44,33.0,0 days 00:01:41.457000,1,True,Abu Dhabi Grand Prix
44,34.0,0 days 00:01:41.744000,1,True,Abu Dhabi Grand Prix
44,35.0,0 days 00:01:41.431000,1,True,Abu Dhabi Grand Prix
44,36.0,0 days 00:01:41.689000,1,True,Abu Dhabi Grand Prix
44,37.0,0 days 00:01:41.420000,1,True,Abu Dhabi Grand Prix
44,38.0,0 days 00:01:41.502000,1,True,Abu Dhabi Grand Prix
44,39.0,0 days 00:01:41.452000,1,True,Abu Dhabi Grand Prix
44,40.0,0 days 00:01:41.429000,1,True,Abu Dhabi Grand Prix
44,41.0,0 days 00:01:41.572000,1,True,Abu Dhabi Grand Prix
44,42.0,0 days 00:01:41.611000,1,True,Abu Dhabi Grand Prix
44,43.0,0 days 00:01:42.168000,1,True,Abu Dhabi Grand Prix
44,44.0,0 days 00:01:41.630000,1,True,Abu Dhabi Grand Prix
44,45.0,0 days 00:01:41.650000,1,True,Abu Dhabi Grand Prix
44,46.0,0 days 00:01:42.431000,1,True,Abu Dhabi Grand Prix
44,47.0,0 days 00:01:42.097000,1,True,Abu Dhabi Grand Prix
44,48.0,0 days 00:01:41.794000,1,True,Abu Dhabi Grand Prix
44,49.0,0 days 00:01:42.482000,1,True,Abu Dhabi Grand Prix
44,50.0,0 days 00:01:41.979000,1,True,Abu Dhabi Grand Prix
44,51.0,0 days 00:01:42.282000,1,True,Abu Dhabi Grand Prix
44,52.0,0 days 00:01:42.652000,1,True,Abu Dhabi Grand Prix
44,53.0,0 days 00:01:42.992000,1,True,Abu Dhabi Grand Prix
44,54.0,0 days 00:01:42.083000,1,True,Abu Dhabi Grand Prix
44,55.0,0 days 00:01:42.665000,1,True,Abu Dhabi Grand Prix
5,1.0,0 days 00:01:53.980000,1,False,Abu Dhabi Grand Prix
5,2.0,0 days 00:01:46.008000,1,True,Abu Dhabi Grand Prix
5,3.0,0 days 00:01:44.878000,1,True,Abu Dhabi Grand Prix
5,4.0,0 days 00:01:44.989000,1,True,Abu Dhabi Grand Prix
5,5.0,0 days 00:01:44.846000,1,True,Abu Dhabi Grand Prix
5,6.0,0 days 00:01:44.788000,1,True,Abu Dhabi Grand Prix
5,7.0,0 days 00:01:45.228000,1,True,Abu Dhabi Grand Prix
5,8.0,0 days 00:01:45.099000,1,True,Abu Dhabi Grand Prix
5,9.0,0 days 00:01:45.336000,2,True,Abu Dhabi Grand Prix
5,10.0,0 days 00:02:17.108000,26,False,Abu Dhabi Grand Prix
5,11.0,0 days 00:02:22.813000,64,False,Abu Dhabi Grand Prix
5,12.0,0 days 00:02:24.933000,4,False,Abu Dhabi Grand Prix
5,13.0,0 days 00:02:29.720000,4,False,Abu Dhabi Grand Prix
5,14.0,0 days 00:01:45.338000,1,False,Abu Dhabi Grand Prix
5,15.0,0 days 00:01:44.226000,1,True,Abu Dhabi Grand Prix
5,16.0,0 days 00:01:44.057000,1,True,Abu Dhabi Grand Prix
5,17.0,0 days 00:01:45.963000,1,True,Abu Dhabi Grand Prix
5,18.0,0 days 00:01:44.618000,1,True,Abu Dhabi Grand Prix
5,19.0,0 days 00:01:44.135000,1,True,Abu Dhabi Grand Prix
5,20.0,0 days 00:01:43.953000,1,True,Abu Dhabi Grand Prix
5,21.0,0 days 00:01:44.038000,1,True,Abu Dhabi Grand Prix
5,22.0,0 days 00:01:43.541000,1,True,Abu Dhabi Grand Prix
5,23.0,0 days 00:01:43.753000,1,True,Abu Dhabi Grand Prix
5,24.0,0 days 00:01:43.655000,1,True,Abu Dhabi Grand Prix
5,25.0,0 days 00:01:43.837000,1,True,Abu Dhabi Grand Prix
5,26.0,0 days 00:01:43.954000,1,True,Abu Dhabi Grand Prix
5,27.0,0 days 00:01:45.512000,1,True,Abu Dhabi Grand Prix
5,28.0,0 days 00:01:44.186000,1,True,Abu Dhabi Grand Prix
5,29.0,0 days 00:01:43.880000,1,True,Abu Dhabi Grand Prix
5,30.0,0 days 00:01:44.083000,1,True,Abu Dhabi Grand Prix
5,31.0,0 days 00:01:46.209000,1,True,Abu Dhabi Grand Prix
5,32.0,0 days 00:01:44.567000,1,True,Abu Dhabi Grand Prix
5,33.0,0 days 00:01:44.255000,1,True,Abu Dhabi Grand Prix
5,34.0,0 days 00:01:44.641000,1,True,Abu Dhabi Grand Prix
5,35.0,0 days 00:01:46.172000,1,False,Abu Dhabi Grand Prix
5,36.0,0 days 00:02:02.555000,1,False,Abu Dhabi Grand Prix
5,37.0,0 days 00:01:41.475000,1,True,Abu Dhabi Grand Prix
5,38.0,0 days 00:01:41.886000,1,True,Abu Dhabi Grand Prix
5,39.0,0 days 00:01:42.767000,1,True,Abu Dhabi Grand Prix
5,40.0,0 days 00:01:43.530000,1,True,Abu Dhabi Grand Prix
5,41.0,0 days 00:01:41.983000,1,True,Abu Dhabi Grand Prix
5,42.0,0 days 00:01:42.342000,1,True,Abu Dhabi Grand Prix
5,43.0,0 days 00:01:42.212000,1,True,Abu Dhabi Grand Prix
5,44.0,0 days 00:01:42.332000,1,True,Abu Dhabi Grand Prix
5,45.0,0 days 00:01:44.710000,1,True,Abu Dhabi Grand Prix
5,46.0,0 days 00:01:43.384000,1,True,Abu Dhabi Grand Prix
5,47.0,0 days 00:01:43.276000,1,True,Abu Dhabi Grand Prix
5,48.0,0 days 00:01:43.273000,1,True,Abu Dhabi Grand Prix
5,49.0,0 days 00:01:43.605000,1,True,Abu Dhabi Grand Prix
5,50.0,0 days 00:01:43.654000,1,True,Abu Dhabi Grand Prix
5,51.0,0 days 00:01:45.724000,1,True,Abu Dhabi Grand Prix
5,52.0,0 days 00:01:44.527000,1,True,Abu Dhabi Grand Prix
5,53.0,0 days 00:01:46.875000,1,True,Abu Dhabi Grand Prix
5,54.0,0 days 00:01:43.467000,1,True,Abu Dhabi Grand Prix
51,1.0,0 days 00:01:57.550000,1,False,Abu Dhabi Grand Prix
51,2.0,0 days 00:01:48.137000,1,True,Abu Dhabi Grand Prix
51,3.0,0 days 00:01:47.006000,1,True,Abu Dhabi Grand Prix
51,4.0,0 days 00:01:46.070000,1,True,Abu Dhabi Grand Prix
51,5.0,0 days 00:01:46.498000,1,True,Abu Dhabi Grand Prix
51,6.0,0 days 00:01:46.442000,1,True,Abu Dhabi Grand Prix
51,7.0,0 days 00:01:46.510000,1,True,Abu Dhabi Grand Prix
51,8.0,0 days 00:01:46.930000,1,True,Abu Dhabi Grand Prix
51,9.0,0 days 00:01:49.150000,26,False,Abu Dhabi Grand Prix
51,10.0,0 days 00:02:23.976000,6,False,Abu Dhabi Grand Prix
51,11.0,,64,False,Abu Dhabi Grand Prix
51,12.0,0 days 00:02:22.086000,4,False,Abu Dhabi Grand Prix
51,13.0,0 days 00:01:53.035000,4,False,Abu Dhabi Grand Prix
51,14.0,0 days 00:01:46.939000,1,False,Abu Dhabi Grand Prix
51,15.0,0 days 00:01:46.398000,1,True,Abu Dhabi Grand Prix
51,16.0,0 days 00:01:46.153000,1,True,Abu Dhabi Grand Prix
51,17.0,0 days 00:01:46.148000,1,True,Abu Dhabi Grand Prix
51,18.0,0 days 00:01:45.720000,1,True,Abu Dhabi Grand Prix
51,19.0,0 days 00:01:45.652000,1,True,Abu Dhabi Grand Prix
51,20.0,0 days 00:01:46.169000,1,True,Abu Dhabi Grand Prix
51,21.0,0 days 00:01:45.686000,1,True,Abu Dhabi Grand Prix
51,22.0,0 days 00:01:45.746000,1,True,Abu Dhabi Grand Prix
51,23.0,0 days 00:01:45.207000,1,True,Abu Dhabi Grand Prix
51,24.0,0 days 00:01:45.257000,1,True,Abu Dhabi Grand Prix
51,25.0,0 days 00:01:45.406000,1,True,Abu Dhabi Grand Prix
51,26.0,0 days 00:01:45.978000,1,True,Abu Dhabi Grand Prix
51,27.0,0 days 00:01:45.135000,1,True,Abu Dhabi Grand Prix
51,28.0,0 days 00:01:45.419000,1,True,Abu Dhabi Grand Prix
51,29.0,0 days 00:01:45.729000,1,True,Abu Dhabi Grand Prix
51,30.0,0 days 00:01:44.796000,1,True,Abu Dhabi Grand Prix
51,31.0,0 days 00:01:45.304000,1,True,Abu Dhabi Grand Prix
51,32.0,0 days 00:01:45.237000,1,True,Abu Dhabi Grand Prix
51,33.0,0 days 00:01:46.001000,1,True,Abu Dhabi Grand Prix
51,34.0,0 days 00:01:50.451000,1,False,Abu Dhabi Grand Prix
51,35.0,0 days 00:02:12.398000,1,False,Abu Dhabi Grand Prix
51,36.0,0 days 00:01:42.960000,1,True,Abu Dhabi Grand Prix
51,37.0,0 days 00:01:43.243000,1,True,Abu Dhabi Grand Prix
51,38.0,0 days 00:01:43.789000,1,True,Abu Dhabi Grand Prix
51,39.0,0 days 00:01:44.592000,1,True,Abu Dhabi Grand Prix
51,40.0,0 days 00:01:44.548000,1,True,Abu Dhabi Grand Prix
51,41.0,0 days 00:01:46.578000,1,True,Abu Dhabi Grand Prix
51,42.0,0 days 00:01:44.528000,1,True,Abu Dhabi Grand Prix
51,43.0,0 days 00:01:46.408000,1,True,Abu Dhabi Grand Prix
51,44.0,0 days 00:01:45.472000,1,True,Abu Dhabi Grand Prix
51,45.0,0 days 00:01:45.819000,1,True,Abu Dhabi Grand Prix
51,46.0,0 days 00:01:45.552000,1,True,Abu Dhabi Grand Prix
51,47.0,0 days 00:01:47.183000,1,True,Abu Dhabi Grand Prix
51,48.0,0 days 00:01:48.619000,1,False,Abu Dhabi Grand Prix
51,49.0,0 days 00:02:04.670000,1,False,Abu Dhabi Grand Prix
51,50.0,0 days 00:01:41.707000,1,True,Abu Dhabi Grand Prix
51,51.0,0 days 00:01:42.828000,1,True,Abu Dhabi Grand Prix
51,52.0,0 days 00:01:43.272000,1,True,Abu Dhabi Grand Prix
51,53.0,0 days 00:01:42.650000,1,True,Abu Dhabi Grand Prix
55,1.0,0 days 00:01:49.619000,1,False,Abu Dhabi Grand Prix
55,2.0,0 days 00:01:44.726000,1,True,Abu Dhabi Grand Prix
55,3.0,0 days 00:01:44.346000,1,True,Abu Dhabi Grand Prix
55,4.0,0 days 00:01:44.272000,1,True,Abu Dhabi Grand Prix
55,5.0,0 days 00:01:44.369000,1,True,Abu Dhabi Grand Prix
55,6.0,0 days 00:01:44.631000,1,True,Abu Dhabi Grand Prix
55,7.0,0 days 00:01:44.685000,1,True,Abu Dhabi Grand Prix
55,8.0,0 days 00:01:44.801000,1,True,Abu Dhabi Grand Prix
55,9.0,0 days 00:01:44.390000,1,True,Abu Dhabi Grand Prix
55,10.0,0 days 00:02:16.275000,26,False,Abu Dhabi Grand Prix
55,11.0,,64,False,Abu Dhabi Grand Prix
55,12.0,0 days 00:02:23.170000,4,False,Abu Dhabi Grand Prix
55,13.0,0 days 00:02:27.429000,4,False,Abu Dhabi Grand Prix
55,14.0,0 days 00:01:45.532000,1,False,Abu Dhabi Grand Prix
55,15.0,0 days 00:01:44.328000,1,True,Abu Dhabi Grand Prix
55,16.0,0 days 00:01:43.837000,1,True,Abu Dhabi Grand Prix
55,17.0,0 days 00:01:43.790000,1,True,Abu Dhabi Grand Prix
55,18.0,0 days 00:01:44.124000,1,True,Abu Dhabi Grand Prix
55,19.0,0 days 00:01:43.792000,1,True,Abu Dhabi Grand Prix
55,20.0,0 days 00:01:43.584000,1,True,Abu Dhabi Grand Prix
55,21.0,0 days 00:01:43.504000,1,True,Abu Dhabi Grand Prix
55,22.0,0 days 00:01:43.600000,1,True,Abu Dhabi Grand Prix
55,23.0,0 days 00:01:43.436000,1,True,Abu Dhabi Grand Prix
55,24.0,0 days 00:01:43.428000,1,True,Abu Dhabi Grand Prix
55,25.0,0 days 00:01:43.176000,1,True,Abu Dhabi Grand Prix
55,26.0,0 days 00:01:43.241000,1,True,Abu Dhabi Grand Prix
55,27.0,0 days 00:01:43.128000,1,True,Abu Dhabi Grand Prix
55,28.0,0 days 00:01:43.284000,1,True,Abu Dhabi Grand Prix
55,29.0,0 days 00:01:42.960000,1,True,Abu Dhabi Grand Prix
55,30.0,0 days 00:01:43.182000,1,True,Abu Dhabi Grand Prix
55,31.0,0 days 00:01:42.693000,1,True,Abu Dhabi Grand Prix
55,32.0,0 days 00:01:42.821000,1,True,Abu Dhabi Grand Prix
55,33.0,0 days 00:01:42.678000,1,True,Abu Dhabi Grand Prix
55,34.0,0 days 00:01:42.551000,1,True,Abu Dhabi Grand Prix
55,35.0,0 days 00:01:42.369000,1,True,Abu Dhabi Grand Prix
55,36.0,0 days 00:01:42.469000,1,True,Abu Dhabi Grand Prix
55,37.0,0 days 00:01:42.709000,1,True,Abu Dhabi Grand Prix
55,38.0,0 days 00:01:42.487000,1,True,Abu Dhabi Grand Prix
55,39.0,0 days 00:01:42.426000,1,True,Abu Dhabi Grand Prix
55,40.0,0 days 00:01:42.354000,1,True,Abu Dhabi Grand Prix
55,41.0,0 days 00:01:42.425000,1,True,Abu Dhabi Grand Prix
55,42.0,0 days 00:01:42.524000,1,True,Abu Dhabi Grand Prix
55,43.0,0 days 00:01:43.127000,1,True,Abu Dhabi Grand Prix
55,44.0,0 days 00:01:42.325000,1,True,Abu Dhabi Grand Prix
55,45.0,0 days 00:01:42.375000,1,True,Abu Dhabi Grand Prix
55,46.0,0 days 00:01:42.396000,1,True,Abu Dhabi Grand Prix
55,47.0,0 days 00:01:42.574000,1,True,Abu Dhabi Grand Prix
55,48.0,0 days 00:01:41.947000,1,True,Abu Dhabi Grand Prix
55,49.0,0 days 00:01:42.393000,1,True,Abu Dhabi Grand Prix
55,50.0,0 days 00:01:42.295000,1,True,Abu Dhabi Grand Prix
55,51.0,0 days 00:01:42.255000,1,True,Abu Dhabi Grand Prix
55,52.0,0 days 00:01:42.344000,1,True,Abu Dhabi Grand Prix
55,53.0,0 days 00:01:42.426000,1,True,Abu Dhabi Grand Prix
55,54.0,0 days 00:01:42.379000,1,True,Abu Dhabi Grand Prix
55,55.0,0 days 00:01:42.479000,1,True,Abu Dhabi Grand Prix
6,1.0,0 days 00:01:58.259000,1,False,Abu Dhabi Grand Prix
6,2.0,0 days 00:01:48.696000,1,True,Abu Dhabi Grand Prix
6,3.0,0 days 00:01:46.668000,1,True,Abu Dhabi Grand Prix
6,4.0,0 days 00:01:46.472000,1,True,Abu Dhabi Grand Prix
6,5.0,0 days 00:01:46.725000,1,True,Abu Dhabi Grand Prix
6,6.0,0 days 00:01:46.462000,1,True,Abu Dhabi Grand Prix
6,7.0,0 days 00:01:46.600000,1,True,Abu Dhabi Grand Prix
6,8.0,0 days 00:01:46.800000,1,True,Abu Dhabi Grand Prix
6,9.0,0 days 00:01:50.998000,26,False,Abu Dhabi Grand Prix
6,10.0,0 days 00:02:21.517000,6,False,Abu Dhabi Grand Prix
6,11.0,0 days 00:02:22.720000,64,False,Abu Dhabi Grand Prix
6,12.0,,4,False,Abu Dhabi Grand Prix
6,13.0,0 days 00:01:57.238000,4,False,Abu Dhabi Grand Prix
6,14.0,0 days 00:01:48.423000,1,False,Abu Dhabi Grand Prix
6,15.0,0 days 00:01:46.373000,1,True,Abu Dhabi Grand Prix
6,16.0,0 days 00:01:46.361000,1,True,Abu Dhabi Grand Prix
6,17.0,0 days 00:01:45.837000,1,True,Abu Dhabi Grand Prix
6,18.0,0 days 00:01:45.479000,1,True,Abu Dhabi Grand Prix
6,19.0,0 days 00:01:45.913000,1,True,Abu Dhabi Grand Prix
6,20.0,0 days 00:01:46.089000,1,True,Abu Dhabi Grand Prix
6,21.0,0 days 00:01:45.348000,1,True,Abu Dhabi Grand Prix
6,22.0,0 days 00:01:45.078000,1,True,Abu Dhabi Grand Prix
6,23.0,0 days 00:01:45.077000,1,True,Abu Dhabi Grand Prix
6,24.0,0 days 00:01:45.086000,1,True,Abu Dhabi Grand Prix
6,25.0,0 days 00:01:45.143000,1,True,Abu Dhabi Grand Prix
6,26.0,0 days 00:01:45.032000,1,True,Abu Dhabi Grand Prix
6,27.0,0 days 00:01:46.248000,1,True,Abu Dhabi Grand Prix
6,28.0,0 days 00:01:45.227000,1,True,Abu Dhabi Grand Prix
6,29.0,0 days 00:01:45.032000,1,True,Abu Dhabi Grand Prix
6,30.0,0 days 00:01:44.853000,1,True,Abu Dhabi Grand Prix
6,31.0,0 days 00:01:44.147000,1,True,Abu Dhabi Grand Prix
6,32.0,0 days 00:01:44.204000,1,True,Abu Dhabi Grand Prix
6,33.0,0 days 00:01:44.058000,1,True,Abu Dhabi Grand Prix
6,34.0,0 days 00:01:44.194000,1,True,Abu Dhabi Grand Prix
6,35.0,0 days 00:01:45.609000,1,False,Abu Dhabi Grand Prix
6,36.0,0 days 00:02:03.180000,1,False,Abu Dhabi Grand Prix
6,37.0,0 days 00:01:45.031000,1,True,Abu Dhabi Grand Prix
6,38.0,0 days 00:01:42.786000,1,True,Abu Dhabi Grand Prix
6,39.0,0 days 00:01:42.773000,1,True,Abu Dhabi Grand Prix
6,40.0,0 days 00:01:43.593000,1,True,Abu Dhabi Grand Prix
6,41.0,0 days 00:01:42.937000,1,True,Abu Dhabi Grand Prix
6,42.0,0 days 00:01:42.742000,1,True,Abu Dhabi Grand Prix
6,43.0,0 days 00:01:42.592000,1,True,Abu Dhabi Grand Prix
6,44.0,0 days 00:01:42.638000,1,True,Abu Dhabi Grand Prix
6,45.0,0 days 00:01:42.938000,1,True,Abu Dhabi Grand Prix
6,46.0,0 days 00:01:42.591000,1,True,Abu Dhabi Grand Prix
6,47.0,0 days 00:01:42.607000,1,True,Abu Dhabi Grand Prix
6,48.0,0 days 00:01:42.842000,1,True,Abu Dhabi Grand Prix
6,49.0,0 days 00:01:42.497000,1,True,Abu Dhabi Grand Prix
6,50.0,0 days 00:01:42.958000,1,True,Abu Dhabi Grand Prix
6,51.0,0 days 00:01:43.368000,1,True,Abu Dhabi Grand Prix
6,52.0,0 days 00:01:42.959000,1,True,Abu Dhabi Grand Prix
6,53.0,0 days 00:01:43.087000,1,True,Abu Dhabi Grand Prix
6,54.0,0 days 00:01:43.294000,1,True,Abu Dhabi Grand Prix
63,1.0,0 days 00:01:56.502000,1,False,Abu Dhabi Grand Prix
63,2.0,0 days 00:01:47.476000,1,True,Abu Dhabi Grand Prix
63,3.0,0 days 00:01:46.192000,1,True,Abu Dhabi Grand Prix
63,4.0,0 days 00:01:45.619000,1,True,Abu Dhabi Grand Prix
63,5.0,0 days 00:01:46.794000,1,True,Abu Dhabi Grand Prix
63,6.0,0 days 00:01:46.466000,1,True,Abu Dhabi Grand Prix
63,7.0,0 days 00:01:45.834000,1,True,Abu Dhabi Grand Prix
63,8.0,0 days 00:01:45.771000,1,True,Abu Dhabi Grand Prix
63,9.0,0 days 00:01:45.844000,26,False,Abu Dhabi Grand Prix
63,10.0,0 days 00:02:22.381000,6,False,Abu Dhabi Grand Prix
63,11.0,,64,False,Abu Dhabi Grand Prix
63,12.0,0 days 00:02:23.979000,4,False,Abu Dhabi Grand Prix
63,13.0,0 days 00:02:06.430000,4,False,Abu Dhabi Grand Prix
63,14.0,0 days 00:01:48.307000,1,False,Abu Dhabi Grand Prix
63,15.0,0 days 00:01:46.200000,1,True,Abu Dhabi Grand Prix
63,16.0,0 days 00:01:44.923000,1,True,Abu Dhabi Grand Prix
63,17.0,0 days 00:01:45.325000,1,True,Abu Dhabi Grand Prix
63,18.0,0 days 00:01:45.409000,1,True,Abu Dhabi Grand Prix
63,19.0,0 days 00:01:44.867000,1,True,Abu Dhabi Grand Prix
63,20.0,0 days 00:01:45.237000,1,True,Abu Dhabi Grand Prix
63,21.0,0 days 00:01:45.282000,1,True,Abu Dhabi Grand Prix
63,22.0,0 days 00:01:44.718000,1,True,Abu Dhabi Grand Prix
63,23.0,0 days 00:01:44.819000,1,True,Abu Dhabi Grand Prix
63,24.0,0 days 00:01:44.297000,1,True,Abu Dhabi Grand Prix
63,25.0,0 days 00:01:44.105000,1,True,Abu Dhabi Grand Prix
63,26.0,0 days 00:01:44.053000,1,True,Abu Dhabi Grand Prix
63,27.0,0 days 00:01:44.413000,1,True,Abu Dhabi Grand Prix
63,28.0,0 days 00:01:44.157000,1,True,Abu Dhabi Grand Prix
63,29.0,0 days 00:01:43.870000,1,True,Abu Dhabi Grand Prix
63,30.0,0 days 00:01:43.855000,1,True,Abu Dhabi Grand Prix
63,31.0,0 days 00:01:44.599000,1,True,Abu Dhabi Grand Prix
63,32.0,0 days 00:01:43.846000,1,True,Abu Dhabi Grand Prix
63,33.0,0 days 00:01:44.146000,1,True,Abu Dhabi Grand Prix
63,34.0,0 days 00:01:45.820000,1,True,Abu Dhabi Grand Prix
63,35.0,0 days 00:01:44.420000,1,True,Abu Dhabi Grand Prix
63,36.0,0 days 00:01:44.199000,1,True,Abu Dhabi Grand Prix
63,37.0,0 days 00:01:43.669000,1,True,Abu Dhabi Grand Prix
63,38.0,0 days 00:01:43.386000,1,True,Abu Dhabi Grand Prix
63,39.0,0 days 00:01:43.523000,1,True,Abu Dhabi Grand Prix
63,40.0,0 days 00:01:43.762000,1,True,Abu Dhabi Grand Prix
63,41.0,0 days 00:01:44.744000,1,True,Abu Dhabi Grand Prix
63,42.0,0 days 00:01:45.804000,1,True,Abu Dhabi Grand Prix
63,43.0,0 days 00:01:44.064000,1,True,Abu Dhabi Grand Prix
63,44.0,0 days 00:01:43.610000,1,True,Abu Dhabi Grand Prix
63,45.0,0 days 00:01:43.548000,1,True,Abu Dhabi Grand Prix
63,46.0,0 days 00:01:47.859000,1,True,Abu Dhabi Grand Prix
63,47.0,0 days 00:01:43.694000,1,True,Abu Dhabi Grand Prix
63,48.0,0 days 00:01:45.775000,1,True,Abu Dhabi Grand Prix
63,49.0,0 days 00:01:43.356000,1,True,Abu Dhabi Grand Prix
63,50.0,0 days 00:01:43.641000,1,True,Abu Dhabi Grand Prix
63,51.0,0 days 00:01:43.359000,1,True,Abu Dhabi Grand Prix
63,52.0,0 days 00:01:44.641000,1,True,Abu Dhabi Grand Prix
63,53.0,0 days 00:01:43.671000,1,True,Abu Dhabi Grand Prix
63,54.0,0 days 00:01:43.328000,1,True,Abu Dhabi Grand Prix
7,1.0,0 days 00:01:54.909000,1,False,Abu Dhabi Grand Prix
7,2.0,0 days 00:01:46.177000,1,True,Abu Dhabi Grand Prix
7,3.0,0 days 00:01:45.200000,1,True,Abu Dhabi Grand Prix
7,4.0,0 days 00:01:45.230000,1,True,Abu Dhabi Grand Prix
7,5.0,0 days 00:01:45.326000,1,True,Abu Dhabi Grand Prix
7,6.0,0 days 00:01:45.367000,1,True,Abu Dhabi Grand Prix
7,7.0,0 days 00:01:45.939000,1,True,Abu Dhabi Grand Prix
7,8.0,0 days 00:01:46.553000,1,True,Abu Dhabi Grand Prix
7,9.0,0 days 00:01:46.348000,2,True,Abu Dhabi Grand Prix
7,10.0,0 days 00:02:20.626000,26,False,Abu Dhabi Grand Prix
7,11.0,,64,False,Abu Dhabi Grand Prix
7,12.0,0 days 00:02:21.753000,4,False,Abu Dhabi Grand Prix
7,13.0,0 days 00:02:12.308000,4,False,Abu Dhabi Grand Prix
7,14.0,0 days 00:01:46.828000,1,False,Abu Dhabi Grand Prix
7,15.0,0 days 00:01:46.572000,1,True,Abu Dhabi Grand Prix
7,16.0,0 days 00:01:45.161000,1,True,Abu Dhabi Grand Prix
7,17.0,0 days 00:01:44.203000,1,True,Abu Dhabi Grand Prix
7,18.0,0 days 00:01:45.196000,1,True,Abu Dhabi Grand Prix
7,19.0,0 days 00:01:44.927000,1,True,Abu Dhabi Grand Prix
7,20.0,0 days 00:01:44.789000,1,True,Abu Dhabi Grand Prix
7,21.0,0 days 00:01:45.282000,1,True,Abu Dhabi Grand Prix
7,22.0,0 days 00:01:45.043000,1,True,Abu Dhabi Grand Prix
7,23.0,0 days 00:01:44.538000,1,True,Abu Dhabi Grand Prix
7,24.0,0 days 00:01:44.412000,1,True,Abu Dhabi Grand Prix
7,25.0,0 days 00:01:44.373000,1,True,Abu Dhabi Grand Prix
7,26.0,0 days 00:01:44.011000,1,True,Abu Dhabi Grand Prix
7,27.0,0 days 00:01:44.509000,1,True,Abu Dhabi Grand Prix
7,28.0,0 days 00:01:44.112000,1,True,Abu Dhabi Grand Prix
7,29.0,0 days 00:01:44.361000,1,True,Abu Dhabi Grand Prix
7,30.0,0 days 00:01:44.023000,1,True,Abu Dhabi Grand Prix
7,31.0,0 days 00:01:43.804000,1,True,Abu Dhabi Grand Prix
7,32.0,0 days 00:01:43.776000,1,True,Abu Dhabi Grand Prix
7,33.0,0 days 00:01:43.596000,1,True,Abu Dhabi Grand Prix
7,34.0,0 days 00:01:43.861000,1,True,Abu Dhabi Grand Prix
7,35.0,0 days 00:01:43.412000,1,True,Abu Dhabi Grand Prix
7,36.0,0 days 00:01:43.711000,1,True,Abu Dhabi Grand Prix
7,37.0,0 days 00:01:43.359000,1,True,Abu Dhabi Grand Prix
7,38.0,0 days 00:01:43.665000,1,True,Abu Dhabi Grand Prix
7,39.0,0 days 00:01:43.211000,1,True,Abu Dhabi Grand Prix
7,40.0,0 days 00:01:43.672000,1,True,Abu Dhabi Grand Prix
7,41.0,0 days 00:01:43.319000,1,True,Abu Dhabi Grand Prix
7,42.0,0 days 00:01:43.161000,1,True,Abu Dhabi Grand Prix
7,43.0,0 days 00:01:42.936000,1,True,Abu Dhabi Grand Prix
7,44.0,0 days 00:01:42.854000,1,True,Abu Dhabi Grand Prix
7,45.0,0 days 00:01:42.657000,1,True,Abu Dhabi Grand Prix
7,46.0,0 days 00:01:42.869000,1,True,Abu Dhabi Grand Prix
7,47.0,0 days 00:01:42.414000,1,True,Abu Dhabi Grand Prix
7,48.0,0 days 00:01:42.891000,1,True,Abu Dhabi Grand Prix
7,49.0,0 days 00:01:42.567000,1,True,Abu Dhabi Grand Prix
7,50.0,0 days 00:01:42.281000,1,True,Abu Dhabi Grand Prix
7,51.0,0 days 00:01:44.854000,1,True,Abu Dhabi Grand Prix
7,52.0,0 days 00:01:42.403000,1,True,Abu Dhabi Grand Prix
7,53.0,0 days 00:01:42.148000,1,True,Abu Dhabi Grand Prix
7,54.0,0 days 00:01:44.382000,1,True,Abu Dhabi Grand Prix
77,1.0,0 days 00:01:45.274000,1,False,Abu Dhabi Grand Prix
77,2.0,0 days 00:01:42.716000,1,True,Abu Dhabi Grand Prix
77,3.0,0 days 00:01:42.641000,1,True,Abu Dhabi Grand Prix
77,4.0,0 days 00:01:42.798000,1,True,Abu Dhabi Grand Prix
77,5.0,0 days 00:01:42.589000,1,True,Abu Dhabi Grand Prix
77,6.0,0 days 00:01:42.662000,1,True,Abu Dhabi Grand Prix
77,7.0,0 days 00:01:42.764000,1,True,Abu Dhabi Grand Prix
77,8.0,0 days 00:01:42.752000,1,True,Abu Dhabi Grand Prix
77,9.0,0 days 00:01:42.691000,1,True,Abu Dhabi Grand Prix
77,10.0,0 days 00:02:07.879000,26,False,Abu Dhabi Grand Prix
77,11.0,,64,False,Abu Dhabi Grand Prix
77,12.0,,4,False,Abu Dhabi Grand Prix
77,13.0,,4,False,Abu Dhabi Grand Prix
77,14.0,0 days 00:01:41.542000,1,False,Abu Dhabi Grand Prix
77,15.0,0 days 00:01:41.350000,1,True,Abu Dhabi Grand Prix
77,16.0,0 days 00:01:42.089000,1,True,Abu Dhabi Grand Prix
77,17.0,0 days 00:01:41.835000,1,True,Abu Dhabi Grand Prix
77,18.0,0 days 00:01:41.870000,1,True,Abu Dhabi Grand Prix
77,19.0,0 days 00:01:41.766000,1,True,Abu Dhabi Grand Prix
77,20.0,0 days 00:01:41.919000,1,True,Abu Dhabi Grand Prix
77,21.0,0 days 00:01:41.821000,1,True,Abu Dhabi Grand Prix
77,22.0,0 days 00:01:41.772000,1,True,Abu Dhabi Grand Prix
77,23.0,0 days 00:01:41.686000,1,True,Abu Dhabi Grand Prix
77,24.0,0 days 00:01:41.439000,1,True,Abu Dhabi Grand Prix
77,25.0,0 days 00:01:41.685000,1,True,Abu Dhabi Grand Prix
77,26.0,0 days 00:01:42.086000,1,True,Abu Dhabi Grand Prix
77,27.0,0 days 00:01:41.893000,1,True,Abu Dhabi Grand Prix
77,28.0,0 days 00:01:41.939000,1,True,Abu Dhabi Grand Prix
77,29.0,0 days 00:01:41.951000,1,True,Abu Dhabi Grand Prix
77,30.0,0 days 00:01:41.505000,1,True,Abu Dhabi Grand Prix
77,31.0,0 days 00:01:41.361000,1,True,Abu Dhabi Grand Prix
77,32.0,0 days 00:01:41.552000,1,True,Abu Dhabi Grand Prix
77,33.0,0 days 00:01:41.309000,1,True,Abu Dhabi Grand Prix
77,34.0,0 days 00:01:41.262000,1,True,Abu Dhabi Grand Prix
77,35.0,0 days 00:01:41.388000,1,True,Abu Dhabi Grand Prix
77,36.0,0 days 00:01:41.832000,1,True,Abu Dhabi Grand Prix
77,37.0,0 days 00:01:41.582000,1,True,Abu Dhabi Grand Prix
77,38.0,0 days 00:01:41.773000,1,True,Abu Dhabi Grand Prix
77,39.0,0 days 00:01:41.442000,1,True,Abu Dhabi Grand Prix
77,40.0,0 days 00:01:41.131000,1,True,Abu Dhabi Grand Prix
77,41.0,0 days 00:01:41.324000,1,True,Abu Dhabi Grand Prix
77,42.0,0 days 00:01:41.918000,1,True,Abu Dhabi Grand Prix
77,43.0,0 days 00:01:41.893000,1,True,Abu Dhabi Grand Prix
77,44.0,0 days 00:01:42.318000,1,True,Abu Dhabi Grand Prix
77,45.0,0 days 00:01:42.512000,1,True,Abu Dhabi Grand Prix
77,46.0,0 days 00:01:42.272000,1,True,Abu Dhabi Grand Prix
77,47.0,0 days 00:01:42.445000,1,True,Abu Dhabi Grand Prix
77,48.0,0 days 00:01:41.569000,1,True,Abu Dhabi Grand Prix
77,49.0,0 days 00:01:41.369000,1,True,Abu Dhabi Grand Prix
77,50.0,0 days 00:01:41.722000,1,True,Abu Dhabi Grand Prix
77,51.0,0 days 00:01:42.161000,1,True,Abu Dhabi Grand Prix
77,52.0,0 days 00:01:41.823000,1,True,Abu Dhabi Grand Prix
77,53.0,0 days 00:01:43.072000,1,True,Abu Dhabi Grand Prix
77,54.0,0 days 00:01:41.906000,1,True,Abu Dhabi Grand Prix
77,55.0,0 days 00:01:44.823000,1,True,Abu Dhabi Grand Prix
99,1.0,0 days 00:01:55.759000,1,False,Abu Dhabi Grand Prix
99,2.0,0 days 00:01:46.822000,1,True,Abu Dhabi Grand Prix
99,3.0,0 days 00:01:45.538000,1,True,Abu Dhabi Grand Prix
99,4.0,0 days 00:01:45.375000,1,True,Abu Dhabi Grand Prix
99,5.0,0 days 00:01:45.775000,1,True,Abu Dhabi Grand Prix
99,6.0,0 days 00:01:46.616000,1,True,Abu Dhabi Grand Prix
99,7.0,0 days 00:01:45.724000,1,True,Abu Dhabi Grand Prix
99,8.0,0 days 00:01:45.605000,1,True,Abu Dhabi Grand Prix
99,9.0,0 days 00:01:46.179000,2,True,Abu Dhabi Grand Prix
99,10.0,0 days 00:02:21.133000,26,False,Abu Dhabi Grand Prix
99,11.0,0 days 00:02:22.078000,64,False,Abu Dhabi Grand Prix
99,12.0,0 days 00:02:22.193000,4,False,Abu Dhabi Grand Prix
99,13.0,0 days 00:02:23.229000,4,False,Abu Dhabi Grand Prix
99,14.0,0 days 00:01:46.987000,1,False,Abu Dhabi Grand Prix
99,15.0,0 days 00:01:46.923000,1,True,Abu Dhabi Grand Prix
99,16.0,0 days 00:01:46.017000,1,True,Abu Dhabi Grand Prix
99,17.0,0 days 00:01:46.386000,1,True,Abu Dhabi Grand Prix
99,18.0,0 days 00:01:45.262000,1,True,Abu Dhabi Grand Prix
99,19.0,0 days 00:01:45.074000,1,True,Abu Dhabi Grand Prix
99,20.0,0 days 00:01:45.375000,1,True,Abu Dhabi Grand Prix
99,21.0,0 days 00:01:45.369000,1,True,Abu Dhabi Grand Prix
99,22.0,0 days 00:01:47.130000,1,True,Abu Dhabi Grand Prix
99,23.0,0 days 00:01:45.724000,1,True,Abu Dhabi Grand Prix
99,24.0,0 days 00:01:45.392000,1,True,Abu Dhabi Grand Prix
99,25.0,0 days 00:01:44.960000,1,True,Abu Dhabi Grand Prix
99,26.0,0 days 00:01:45.004000,1,True,Abu Dhabi Grand Prix
99,27.0,0 days 00:01:46.790000,1,False,Abu Dhabi Grand Prix
99,28.0,0 days 00:02:03.049000,1,False,Abu Dhabi Grand Prix
99,29.0,0 days 00:01:41.675000,1,True,Abu Dhabi Grand Prix
99,30.0,0 days 00:01:42.055000,1,True,Abu Dhabi Grand Prix
99,31.0,0 days 00:01:42.932000,1,True,Abu Dhabi Grand Prix
99,32.0,0 days 00:01:42.846000,1,True,Abu Dhabi Grand Prix
99,33.0,0 days 00:01:42.312000,1,True,Abu Dhabi Grand Prix
99,34.0,0 days 00:01:42.571000,1,True,Abu Dhabi Grand Prix
99,35.0,0 days 00:01:42.747000,1,True,Abu Dhabi Grand Prix
99,36.0,0 days 00:01:42.734000,1,True,Abu Dhabi Grand Prix
99,37.0,0 days 00:01:44.874000,1,True,Abu Dhabi Grand Prix
99,38.0,0 days 00:01:42.973000,1,True,Abu Dhabi Grand Prix
99,39.0,0 days 00:01:42.437000,1,True,Abu Dhabi Grand Prix
99,40.0,0 days 00:01:42.440000,1,True,Abu Dhabi Grand Prix
99,41.0,0 days 00:01:42.317000,1,True,Abu Dhabi Grand Prix
99,42.0,0 days 00:01:42.495000,1,True,Abu Dhabi Grand Prix
99,43.0,0 days 00:01:42.523000,1,True,Abu Dhabi Grand Prix
99,44.0,0 days 00:01:43.060000,1,True,Abu Dhabi Grand Prix
99,45.0,0 days 00:01:47.125000,1,True,Abu Dhabi Grand Prix
99,46.0,0 days 00:01:43.064000,1,True,Abu Dhabi Grand Prix
99,47.0,0 days 00:01:43.468000,1,True,Abu Dhabi Grand Prix
99,48.0,0 days 00:01:45.728000,1,True,Abu Dhabi Grand Prix
99,49.0,0 days 00:01:43.708000,1,True,Abu Dhabi Grand Prix
99,50.0,0 days 00:01:43.496000,1,True,Abu Dhabi Grand Prix
99,51.0,0 days 00:01:43.674000,1,True,Abu Dhabi Grand Prix
99,52.0,0 days 00:01:44.230000,1,True,Abu Dhabi Grand Prix
99,53.0,0 days 00:01:43.876000,1,True,Abu Dhabi Grand Prix
99,54.0,0 days 00:01:43.553000,1,True,Abu Dhabi Grand Prix
